timestamp string,wind direction,wind speed
202201010000,,0.0
202201010010,,0.0
202201010015,,0.0
202201010020,,0.0
202201010025,,0.0
202201010030,,0.0
202201010035,,0.0
202201010040,,0.0
202201010045,,0.0
202201010050,,0.0
202201010055,,0.0
202201010100,,0.0
202201010110,,0.0
202201010115,,0.0
202201010120,,0.0
202201010125,,0.0
202201010130,,0.0
202201010135,,0.0
202201010140,,0.0
202201010145,,0.0
202201010150,,0.0
202201010155,,0.0
202201010200,,0.0
202201010210,,0.0
202201010215,,0.0
202201010220,,0.0
202201010230,,0.0
202201010235,,0.0
202201010240,,0.0
202201010245,,0.0
202201010250,207.0,0.9
202201010255,213.0,0.9
202201010300,203.0,0.9
202201010310,193.0,0.9
202201010315,209.0,0.9
202201010320,191.0,0.9
202201010330,203.0,0.4
202201010335,187.0,0.4
202201010340,187.0,0.9
202201010350,201.0,0.9
202201010355,211.0,0.9
202201010400,197.0,0.9
202201010410,194.0,0.9
202201010415,217.0,0.9
202201010420,210.0,0.9
202201010425,181.0,0.9
202201010435,213.0,0.9
202201010440,193.0,0.9
202201010445,156.0,0.9
202201010450,179.0,0.9
202201010455,182.0,0.9
202201010500,195.0,0.9
202201010510,192.0,0.9
202201010515,212.0,0.9
202201010520,207.0,2.2
202201010525,232.0,2.2
202201010530,215.0,2.2
202201010535,240.0,2.2
202201010540,215.0,2.2
202201010545,200.0,2.2
202201010550,228.0,2.2
202201010555,232.0,2.2
202201010600,230.0,2.2
202201010610,224.0,2.7
202201010615,226.0,2.7
202201010620,222.0,2.7
202201010625,213.0,2.7
202201010630,189.0,3.1
202201010635,183.0,3.1
202201010640,203.0,2.7
202201010645,211.0,2.7
202201010650,224.0,2.2
202201010655,224.0,2.2
202201010700,215.0,1.3
202201010710,199.0,1.3
202201010715,223.0,0.9
202201010720,222.0,1.3
202201010725,205.0,1.3
202201010730,205.0,1.3
202201010735,220.0,0.9
202201010740,213.0,0.9
202201010745,205.0,0.9
202201010750,229.0,0.9
202201010755,210.0,0.9
202201010800,188.0,0.9
202201010810,203.0,1.8
202201010815,193.0,2.2
202201010820,188.0,0.9
202201010825,222.0,0.9
202201010830,190.0,0.9
202201010835,192.0,0.9
202201010840,234.0,0.9
202201010850,207.0,1.3
202201010855,204.0,1.3
202201010900,210.0,0.9
202201010910,225.0,1.8
202201010915,204.0,2.2
202201010920,225.0,0.9
202201010925,198.0,0.9
202201010930,203.0,1.8
202201010935,212.0,2.2
202201010940,222.0,0.9
202201010945,187.0,0.9
202201010950,236.0,1.8
202201010955,219.0,2.2
202201011000,194.0,1.3
202201011015,204.0,2.2
202201011020,202.0,1.3
202201011025,209.0,0.9
202201011030,210.0,0.9
202201011035,211.0,0.9
202201011040,211.0,0.9
202201011045,216.0,0.9
202201011050,226.0,1.3
202201011055,203.0,1.3
202201011100,180.0,0.9
202201011110,227.0,0.9
202201011115,203.0,0.9
202201011120,219.0,0.9
202201011125,216.0,0.9
202201011130,203.0,0.9
202201011135,223.0,0.9
202201011140,216.0,0.9
202201011145,189.0,0.9
202201011150,203.0,0.9
202201011155,172.0,0.9
202201011200,204.0,0.9
202201011210,145.0,2.2
202201011220,193.0,1.3
202201011225,183.0,0.9
202201011230,202.0,0.9
202201011235,223.0,0.9
202201011240,187.0,0.9
202201011245,205.0,0.9
202201011250,184.0,1.3
202201011255,197.0,1.3
202201011300,207.0,1.8
202201011310,189.0,1.3
202201011315,182.0,1.3
202201011320,206.0,1.3
202201011325,202.0,1.3
202201011330,218.0,1.8
202201011335,199.0,2.2
202201011340,217.0,0.9
202201011345,199.0,0.9
202201011350,222.0,1.3
202201011355,193.0,1.3
202201011400,209.0,2.2
202201011410,156.0,1.3
202201011415,197.0,1.3
202201011420,200.0,2.2
202201011425,233.0,2.2
202201011430,212.0,2.7
202201011435,203.0,2.7
202201011440,224.0,2.7
202201011445,225.0,2.7
202201011450,164.0,2.2
202201011455,218.0,2.2
202201011500,204.0,2.7
202201011510,192.0,2.2
202201011515,212.0,2.2
202201011520,223.0,2.7
202201011525,219.0,2.7
202201011530,198.0,2.7
202201011535,233.0,2.7
202201011540,184.0,1.3
202201011545,198.0,1.3
202201011550,240.0,2.7
202201011555,215.0,2.7
202201011600,215.0,2.2
202201011615,203.0,2.7
202201011620,183.0,1.3
202201011625,233.0,1.3
202201011630,186.0,2.2
202201011635,215.0,2.2
202201011640,210.0,2.7
202201011645,210.0,2.7
202201011650,185.0,2.7
202201011655,200.0,2.7
202201011700,209.0,3.1
202201011710,220.0,2.7
202201011715,190.0,2.7
202201011720,195.0,2.7
202201011725,194.0,2.7
202201011730,211.0,2.7
202201011735,204.0,2.7
202201011745,197.0,3.6
202201011750,224.0,2.7
202201011755,212.0,2.7
202201011800,203.0,2.7
202201011810,225.0,3.1
202201011815,211.0,3.1
202201011820,232.0,2.7
202201011825,226.0,2.7
202201011830,230.0,2.7
202201011835,231.0,2.7
202201011845,199.0,2.7
202201011850,202.0,2.2
202201011855,221.0,2.2
202201011900,192.0,2.7
202201011910,192.0,2.7
202201011915,203.0,2.7
202201011920,209.0,2.2
202201011925,205.0,2.2
202201011930,203.0,3.1
202201011935,203.0,3.1
202201011940,201.0,3.1
202201011945,178.0,3.1
202201011950,204.0,2.7
202201011955,201.0,2.7
202201012000,211.0,2.2
202201012010,224.0,2.7
202201012015,198.0,2.7
202201012020,183.0,2.7
202201012025,187.0,2.7
202201012030,201.0,2.7
202201012035,220.0,2.7
202201012040,188.0,2.7
202201012045,214.0,2.7
202201012050,220.0,3.1
202201012055,186.0,3.1
202201012100,221.0,2.7
202201012110,216.0,2.7
202201012115,217.0,2.7
202201012120,212.0,2.7
202201012130,182.0,2.7
202201012135,209.0,2.7
202201012140,191.0,2.7
202201012145,206.0,2.7
202201012150,230.0,2.2
202201012155,212.0,2.2
202201012200,194.0,2.2
202201012210,189.0,2.7
202201012220,197.0,2.2
202201012225,167.0,2.2
202201012230,212.0,2.2
202201012235,205.0,2.2
202201012240,176.0,2.7
202201012245,184.0,2.7
202201012250,219.0,2.2
202201012255,172.0,2.2
202201012300,193.0,1.3
202201012310,184.0,1.3
202201012315,187.0,1.3
202201012320,182.0,1.3
202201012325,195.0,0.9
202201012330,198.0,1.3
202201012335,173.0,1.3
202201012340,167.0,2.2
202201012345,194.0,2.2
202201012355,184.0,2.2
202201020000,178.0,2.2
202201020015,185.0,1.3
202201020020,170.0,2.2
202201020025,209.0,2.2
202201020030,115.0,2.2
202201020040,207.0,2.2
202201020045,207.0,2.2
202201020050,163.0,2.2
202201020055,188.0,2.2
202201020100,205.0,1.3
202201020110,212.0,2.7
202201020115,207.0,2.7
202201020120,222.0,2.7
202201020125,200.0,2.7
202201020130,199.0,2.2
202201020135,190.0,2.2
202201020140,222.0,2.7
202201020145,198.0,2.7
202201020150,200.0,2.2
202201020155,195.0,2.2
202201020200,200.0,3.1
202201020210,209.0,3.1
202201020225,193.0,3.1
202201020230,186.0,2.7
202201020235,217.0,2.7
202201020240,171.0,2.2
202201020245,198.0,2.2
202201020250,183.0,3.1
202201020300,207.0,2.7
202201020310,204.0,2.2
202201020315,206.0,2.2
202201020320,174.0,2.7
202201020325,159.0,2.7
202201020330,184.0,2.7
202201020335,181.0,2.7
202201020340,161.0,3.1
202201020345,195.0,3.1
202201020355,212.0,3.1
202201020400,186.0,3.1
202201020410,182.0,2.7
202201020420,210.0,2.2
202201020425,211.0,2.2
202201020430,177.0,2.7
202201020435,217.0,2.7
202201020445,208.0,2.7
202201020450,196.0,2.7
202201020455,207.0,2.7
202201020500,226.0,2.7
202201020520,193.0,3.1
202201020525,214.0,3.1
202201020530,196.0,3.1
202201020535,199.0,3.1
202201020540,207.0,2.7
202201020545,212.0,2.7
202201020550,211.0,2.7
202201020555,208.0,2.7
202201020610,198.0,3.1
202201020615,220.0,3.1
202201020620,195.0,2.7
202201020625,195.0,2.7
202201020630,198.0,3.1
202201020635,215.0,3.1
202201020640,187.0,2.7
202201020645,182.0,2.7
202201020650,211.0,3.6
202201020655,203.0,3.6
202201020710,197.0,3.1
202201020715,0.0,1.3
202201020720,199.0,2.7
202201020725,207.0,2.7
202201020730,184.0,3.1
202201020735,204.0,3.1
202201020740,210.0,3.1
202201020745,187.0,3.1
202201020750,184.0,3.1
202201020755,217.0,3.1
202201020800,221.0,3.1
202201020810,197.0,2.7
202201020815,223.0,2.7
202201020820,189.0,3.1
202201020825,212.0,3.1
202201020830,184.0,2.7
202201020835,181.0,2.7
202201020840,196.0,3.1
202201020845,195.0,3.1
202201020850,202.0,3.1
202201020855,176.0,3.1
202201020900,190.0,2.7
202201020910,198.0,2.7
202201020915,184.0,2.7
202201020920,198.0,2.7
202201020930,206.0,2.2
202201020935,209.0,2.2
202201020940,189.0,2.2
202201020945,177.0,2.2
202201020950,173.0,2.7
202201020955,201.0,2.7
202201021000,217.0,2.2
202201021010,214.0,3.1
202201021015,201.0,3.1
202201021020,179.0,2.7
202201021025,192.0,2.7
202201021030,207.0,2.7
202201021035,196.0,2.7
202201021040,214.0,2.7
202201021045,190.0,2.7
202201021050,213.0,2.7
202201021055,209.0,2.7
202201021100,198.0,2.7
202201021110,181.0,2.7
202201021115,207.0,2.7
202201021120,212.0,2.7
202201021125,188.0,2.7
202201021130,185.0,2.2
202201021135,217.0,2.2
202201021140,205.0,2.2
202201021145,187.0,2.2
202201021150,180.0,2.2
202201021155,186.0,2.2
202201021200,168.0,2.2
202201021210,201.0,3.1
202201021215,195.0,3.1
202201021220,196.0,2.7
202201021225,227.0,2.7
202201021230,181.0,2.7
202201021235,203.0,2.7
202201021240,194.0,2.2
202201021245,186.0,2.2
202201021250,172.0,2.7
202201021255,221.0,2.7
202201021300,205.0,2.2
202201021310,215.0,1.3
202201021315,210.0,1.3
202201021325,204.0,2.7
202201021330,218.0,2.7
202201021335,212.0,2.7
202201021340,202.0,2.7
202201021345,212.0,2.7
202201021350,215.0,2.2
202201021355,198.0,2.2
202201021400,212.0,2.2
202201021410,315.0,1.3
202201021415,340.0,0.9
202201021420,328.0,4.9
202201021425,281.0,5.4
202201021430,331.0,2.2
202201021435,339.0,2.2
202201021440,318.0,1.3
202201021445,326.0,1.3
202201021450,326.0,2.2
202201021455,332.0,2.2
202201021500,332.0,2.7
202201021510,322.0,2.2
202201021515,329.0,2.2
202201021520,335.0,1.3
202201021525,337.0,1.3
202201021530,321.0,1.8
202201021535,324.0,2.2
202201021540,295.0,0.9
202201021545,125.0,0.9
202201021550,255.0,0.4
202201021555,313.0,0.4
202201021600,333.0,0.9
202201021610,33.0,0.9
202201021615,286.0,0.9
202201021620,169.0,0.4
202201021625,302.0,0.4
202201021630,,0.0
202201021635,,0.0
202201021640,130.0,0.4
202201021645,135.0,0.4
202201021650,,0.0
202201021655,,0.0
202201021700,,0.0
202201021710,268.0,0.9
202201021715,236.0,0.9
202201021720,227.0,0.4
202201021725,127.0,0.4
202201021730,310.0,0.9
202201021735,203.0,0.9
202201021740,211.0,0.9
202201021745,246.0,0.9
202201021750,221.0,0.9
202201021755,145.0,0.9
202201021800,160.0,0.9
202201021810,199.0,0.9
202201021815,234.0,0.9
202201021820,226.0,1.3
202201021825,236.0,1.3
202201021830,190.0,1.3
202201021835,170.0,0.9
202201021840,161.0,0.9
202201021845,194.0,0.9
202201021850,230.0,0.9
202201021855,355.0,0.9
202201021900,319.0,0.9
202201021910,345.0,0.9
202201021915,325.0,0.9
202201021920,324.0,1.3
202201021925,322.0,1.3
202201021930,150.0,0.9
202201021935,212.0,0.9
202201021940,182.0,0.9
202201021945,252.0,0.9
202201021950,,0.0
202201021955,,0.0
202201022015,317.0,0.9
202201022020,323.0,0.4
202201022025,323.0,0.4
202201022030,,0.0
202201022035,,0.0
202201022040,,0.0
202201022045,,0.0
202201022050,,0.0
202201022055,,0.0
202201022100,,0.0
202201022110,,0.0
202201022115,,0.0
202201022120,128.0,0.9
202201022125,126.0,0.9
202201022130,125.0,0.9
202201022135,133.0,0.9
202201022140,123.0,0.9
202201022145,109.0,0.9
202201022150,104.0,0.9
202201022155,116.0,0.9
202201022200,116.0,0.4
202201022210,57.0,0.4
202201022215,145.0,0.4
202201022220,,0.0
202201022225,,0.0
202201022230,,0.0
202201022235,,0.0
202201022245,,0.0
202201022250,246.0,0.4
202201022255,241.0,0.4
202201022300,267.0,0.9
202201022310,277.0,0.9
202201022315,52.0,0.9
202201022320,,0.0
202201022325,,0.0
202201022330,346.0,0.9
202201022335,245.0,0.9
202201022340,109.0,0.9
202201022345,101.0,0.9
202201022355,98.0,0.4
202201030000,,0.0
202201030010,,0.0
202201030015,,0.0
202201030020,,0.0
202201030025,,0.0
202201030030,,0.0
202201030035,,0.0
202201030040,,0.0
202201030045,,0.0
202201030055,,0.0
202201030110,,0.0
202201030115,,0.0
202201030120,,0.0
202201030125,,0.0
202201030130,,0.0
202201030135,,0.0
202201030140,,0.0
202201030145,,0.0
202201030150,,0.0
202201030155,,0.0
202201030200,,0.0
202201030210,,0.0
202201030215,,0.0
202201030220,,0.0
202201030225,,0.0
202201030230,101.0,0.4
202201030235,57.0,0.4
202201030240,97.0,0.4
202201030245,95.0,0.4
202201030250,111.0,0.4
202201030255,106.0,0.4
202201030300,96.0,0.4
202201030315,111.0,0.9
202201030320,71.0,0.9
202201030325,105.0,0.9
202201030330,110.0,1.3
202201030335,94.0,1.3
202201030340,106.0,1.3
202201030345,97.0,1.3
202201030350,114.0,1.3
202201030355,100.0,1.3
202201030400,103.0,1.3
202201030410,120.0,1.3
202201030415,106.0,1.3
202201030420,108.0,1.8
202201030425,112.0,2.2
202201030435,101.0,1.3
202201030440,189.0,0.9
202201030445,137.0,0.9
202201030450,173.0,0.9
202201030455,118.0,0.9
202201030510,97.0,1.3
202201030515,83.0,1.3
202201030520,109.0,1.3
202201030525,119.0,0.9
202201030530,130.0,1.3
202201030535,111.0,1.3
202201030540,106.0,1.3
202201030545,115.0,0.9
202201030550,65.0,1.8
202201030555,121.0,2.2
202201030600,88.0,1.3
202201030610,125.0,0.9
202201030615,114.0,0.9
202201030620,143.0,0.9
202201030625,88.0,0.9
202201030630,112.0,0.9
202201030635,172.0,0.9
202201030640,136.0,1.3
202201030645,138.0,1.3
202201030650,201.0,1.3
202201030655,69.0,1.3
202201030710,173.0,1.3
202201030715,161.0,1.3
202201030720,155.0,2.2
202201030725,189.0,2.2
202201030730,146.0,2.2
202201030740,153.0,2.2
202201030750,175.0,1.3
202201030755,187.0,1.3
202201030800,221.0,3.6
202201030810,234.0,6.3
202201030815,213.0,6.3
202201030820,221.0,5.4
202201030825,208.0,5.4
202201030835,225.0,4.5
202201030840,226.0,5.4
202201030845,207.0,5.4
202201030850,255.0,5.4
202201030855,221.0,5.4
202201030900,213.0,5.8
202201030910,216.0,5.4
202201030915,232.0,5.4
202201030920,231.0,5.4
202201030925,229.0,5.4
202201030930,267.0,6.3
202201030935,223.0,6.3
202201030940,242.0,5.4
202201030945,232.0,5.4
202201030950,205.0,5.8
202201030955,231.0,5.8
202201031000,251.0,5.4
202201031010,261.0,5.8
202201031015,237.0,5.8
202201031020,236.0,4.5
202201031025,225.0,4.5
202201031030,243.0,3.6
202201031035,231.0,3.6
202201031040,236.0,4.0
202201031045,291.0,4.0
202201031050,236.0,3.1
202201031055,251.0,3.1
202201031100,239.0,4.9
202201031110,231.0,3.6
202201031115,229.0,3.6
202201031120,273.0,3.6
202201031125,291.0,3.6
202201031130,283.0,3.6
202201031135,264.0,3.6
202201031140,250.0,3.6
202201031145,281.0,3.6
202201031150,307.0,3.6
202201031155,290.0,3.6
202201031200,282.0,3.6
202201031210,301.0,4.0
202201031215,310.0,4.0
202201031220,296.0,5.4
202201031225,304.0,5.4
202201031230,327.0,5.8
202201031235,331.0,5.8
202201031240,320.0,5.8
202201031245,314.0,5.8
202201031250,312.0,5.4
202201031255,314.0,5.4
202201031300,324.0,4.5
202201031315,329.0,4.0
202201031320,294.0,4.0
202201031325,332.0,4.0
202201031330,288.0,4.0
202201031335,319.0,4.0
202201031340,325.0,4.0
202201031345,277.0,4.0
202201031350,330.0,3.6
202201031355,308.0,3.6
202201031400,319.0,4.0
202201031410,325.0,3.6
202201031415,337.0,3.6
202201031420,311.0,4.0
202201031425,307.0,4.0
202201031430,294.0,3.1
202201031435,282.0,3.1
202201031440,322.0,3.1
202201031445,329.0,3.1
202201031450,333.0,4.0
202201031455,316.0,4.0
202201031500,321.0,4.0
202201031510,326.0,4.0
202201031515,326.0,4.0
202201031520,330.0,3.6
202201031525,319.0,3.6
202201031530,341.0,4.0
202201031535,317.0,4.0
202201031540,325.0,3.6
202201031545,311.0,3.6
202201031550,341.0,4.0
202201031555,319.0,4.0
202201031600,289.0,3.1
202201031610,323.0,3.6
202201031615,299.0,3.6
202201031625,330.0,3.1
202201031630,342.0,3.6
202201031635,334.0,3.6
202201031640,335.0,3.6
202201031645,327.0,3.6
202201031650,302.0,3.6
202201031655,328.0,3.6
202201031700,340.0,3.1
202201031710,297.0,3.1
202201031715,333.0,3.1
202201031720,320.0,2.2
202201031730,337.0,4.0
202201031735,320.0,4.0
202201031740,342.0,3.1
202201031745,332.0,3.1
202201031750,321.0,3.6
202201031755,324.0,3.6
202201031800,302.0,3.6
202201031810,357.0,3.1
202201031815,351.0,3.1
202201031820,340.0,3.6
202201031825,352.0,3.6
202201031830,354.0,3.6
202201031835,4.0,3.6
202201031840,2.0,3.1
202201031845,354.0,3.1
202201031850,322.0,2.7
202201031855,337.0,2.7
202201031900,322.0,3.1
202201031910,335.0,3.1
202201031915,339.0,3.1
202201031920,307.0,2.7
202201031925,336.0,2.7
202201031930,355.0,2.7
202201031935,287.0,2.7
202201031940,320.0,2.2
202201031945,7.0,2.2
202201031950,319.0,2.2
202201031955,333.0,2.2
202201032000,296.0,2.7
202201032010,17.0,2.2
202201032015,358.0,2.2
202201032020,338.0,2.2
202201032025,331.0,2.2
202201032030,324.0,2.7
202201032035,10.0,3.1
202201032045,329.0,3.1
202201032050,346.0,2.2
202201032055,330.0,2.2
202201032100,324.0,2.2
202201032110,311.0,2.7
202201032115,316.0,2.7
202201032120,339.0,2.2
202201032125,357.0,2.2
202201032130,335.0,2.2
202201032135,319.0,2.2
202201032140,354.0,2.2
202201032145,7.0,2.2
202201032150,319.0,2.7
202201032155,319.0,2.7
202201032200,319.0,2.7
202201032210,340.0,1.3
202201032215,327.0,1.3
202201032220,332.0,1.3
202201032225,328.0,1.3
202201032230,333.0,0.9
202201032235,325.0,0.9
202201032240,,0.0
202201032250,,0.0
202201032255,,0.0
202201032300,,0.0
202201032310,329.0,0.4
202201032315,359.0,0.4
202201032325,305.0,0.4
202201032330,,0.0
202201032335,,0.0
202201032340,,0.0
202201032345,,0.0
202201032350,,0.0
202201032355,,0.0
202201040010,,0.0
202201040015,,0.0
202201040020,,0.0
202201040025,,0.0
202201040030,,0.0
202201040035,,0.0
202201040040,,0.0
202201040045,,0.0
202201040050,,0.0
202201040055,,0.0
202201040100,,0.0
202201040110,,0.0
202201040115,,0.0
202201040125,,0.0
202201040130,,0.0
202201040135,,0.0
202201040140,,0.0
202201040145,,0.0
202201040150,,0.0
202201040155,,0.0
202201040210,,0.0
202201040215,,0.0
202201040220,,0.0
202201040225,,0.0
202201040230,,0.0
202201040235,,0.0
202201040245,,0.0
202201040250,,0.0
202201040255,,0.0
202201040300,,0.0
202201040310,,0.0
202201040315,,0.0
202201040320,,0.0
202201040330,,0.0
202201040335,,0.0
202201040340,,0.0
202201040345,,0.0
202201040350,,0.0
202201040355,,0.0
202201040400,,0.0
202201040410,,0.0
202201040415,,0.0
202201040420,,0.0
202201040425,,0.0
202201040435,,0.0
202201040440,,0.0
202201040445,,0.0
202201040450,,0.0
202201040455,,0.0
202201040500,,0.0
202201040510,,0.0
202201040515,,0.0
202201040520,,0.0
202201040525,,0.0
202201040530,,0.0
202201040535,,0.0
202201040540,,0.0
202201040550,,0.0
202201040555,,0.0
202201040600,,0.0
202201040610,,0.0
202201040615,,0.0
202201040620,,0.0
202201040630,,0.0
202201040635,,0.0
202201040640,,0.0
202201040645,,0.0
202201040650,,0.0
202201040655,,0.0
202201040700,,0.0
202201040710,,0.0
202201040715,,0.0
202201040720,,0.0
202201040725,,0.0
202201040730,,0.0
202201040735,,0.0
202201040740,,0.0
202201040745,,0.0
202201040750,,0.0
202201040755,,0.0
202201040800,,0.0
202201040810,,0.0
202201040815,,0.0
202201040820,,0.0
202201040825,,0.0
202201040830,,0.0
202201040835,,0.0
202201040840,,0.0
202201040845,,0.0
202201040850,,0.0
202201040855,,0.0
202201040900,,0.0
202201040910,,0.0
202201040915,,0.0
202201040920,,0.0
202201040925,,0.0
202201040930,,0.0
202201040935,,0.0
202201040940,,0.0
202201040945,,0.0
202201040950,,0.0
202201040955,,0.0
202201041000,,0.0
202201041010,,0.0
202201041015,,0.0
202201041020,,0.0
202201041025,,0.0
202201041030,,0.0
202201041035,,0.0
202201041040,,0.0
202201041045,,0.0
202201041055,,0.0
202201041100,,0.0
202201041110,,0.0
202201041115,,0.0
202201041120,,0.0
202201041125,,0.0
202201041130,,0.0
202201041135,,0.0
202201041145,,0.0
202201041155,,0.0
202201041210,,0.0
202201041215,,0.0
202201041220,,0.0
202201041230,,0.0
202201041235,,0.0
202201041240,,0.0
202201041245,,0.0
202201041250,,0.0
202201041255,,0.0
202201041300,,0.0
202201041310,,0.0
202201041315,,0.0
202201041320,,0.0
202201041325,,0.0
202201041330,108.0,0.4
202201041335,88.0,0.4
202201041340,88.0,0.4
202201041345,111.0,0.4
202201041350,,0.0
202201041355,,0.0
202201041400,108.0,0.4
202201041410,81.0,0.9
202201041415,119.0,0.9
202201041420,69.0,0.4
202201041425,0.0,0.4
202201041430,87.0,0.4
202201041435,121.0,0.4
202201041445,126.0,0.4
202201041450,115.0,0.9
202201041500,95.0,0.9
202201041515,149.0,0.9
202201041520,20.0,0.4
202201041525,82.0,0.4
202201041530,33.0,0.9
202201041535,98.0,0.9
202201041540,95.0,0.9
202201041545,11.0,0.9
202201041550,,0.0
202201041555,,0.0
202201041600,88.0,0.9
202201041610,134.0,0.9
202201041615,134.0,0.9
202201041625,350.0,0.9
202201041630,65.0,0.9
202201041635,108.0,0.9
202201041640,20.0,0.9
202201041645,134.0,0.9
202201041650,60.0,0.9
202201041655,98.0,0.9
202201041700,99.0,0.9
202201041710,69.0,0.9
202201041715,41.0,0.9
202201041720,25.0,0.9
202201041730,39.0,0.9
202201041735,120.0,0.9
202201041740,,0.0
202201041745,,0.0
202201041750,73.0,0.9
202201041755,277.0,0.9
202201041800,344.0,0.9
202201041810,57.0,0.9
202201041815,56.0,0.9
202201041820,72.0,0.4
202201041825,71.0,0.4
202201041830,,0.0
202201041835,,0.0
202201041840,95.0,0.9
202201041845,10.0,0.9
202201041850,48.0,0.9
202201041855,63.0,0.9
202201041900,350.0,0.9
202201041910,350.0,0.9
202201041915,103.0,0.9
202201041920,34.0,0.9
202201041930,4.0,0.9
202201041935,108.0,0.9
202201041940,98.0,0.9
202201041945,68.0,0.9
202201041950,69.0,0.9
202201041955,117.0,0.9
202201042000,346.0,0.9
202201042010,,0.0
202201042015,,0.0
202201042020,89.0,0.9
202201042025,120.0,0.9
202201042030,,0.0
202201042035,,0.0
202201042040,,0.0
202201042045,,0.0
202201042050,,0.0
202201042055,,0.0
202201042100,91.0,0.9
202201042110,74.0,0.9
202201042115,55.0,0.9
202201042120,,0.0
202201042125,,0.0
202201042130,,0.0
202201042135,,0.0
202201042145,,0.0
202201042150,,0.0
202201042155,,0.0
202201042200,,0.0
202201042210,,0.0
202201042215,,0.0
202201042220,,0.0
202201042225,,0.0
202201042230,,0.0
202201042235,,0.0
202201042240,,0.0
202201042245,,0.0
202201042250,,0.0
202201042255,,0.0
202201042300,,0.0
202201042310,,0.0
202201042315,,0.0
202201042320,,0.0
202201042325,,0.0
202201042330,,0.0
202201042335,,0.0
202201042340,,0.0
202201042345,,0.0
202201042350,,0.0
202201042355,,0.0
202201050000,,0.0
202201050010,,0.0
202201050015,,0.0
202201050020,,0.0
202201050025,,0.0
202201050035,,0.0
202201050040,,0.0
202201050045,,0.0
202201050050,,0.0
202201050055,,0.0
202201050100,,0.0
202201050110,,0.0
202201050115,,0.0
202201050120,,0.0
202201050125,,0.0
202201050130,,0.0
202201050135,,0.0
202201050140,,0.0
202201050150,,0.0
202201050155,,0.0
202201050200,,0.0
202201050210,,0.0
202201050215,,0.0
202201050225,,0.0
202201050230,,0.0
202201050235,,0.0
202201050240,,0.0
202201050245,,0.0
202201050250,77.0,0.4
202201050255,76.0,0.4
202201050300,,0.0
202201050310,,0.0
202201050315,,0.0
202201050320,,0.0
202201050330,,0.0
202201050335,,0.0
202201050340,,0.0
202201050345,,0.0
202201050355,,0.0
202201050400,,0.0
202201050410,,0.0
202201050415,,0.0
202201050420,,0.0
202201050425,,0.0
202201050430,,0.0
202201050435,,0.0
202201050440,,0.0
202201050445,,0.0
202201050450,,0.0
202201050455,,0.0
202201050500,,0.0
202201050510,,0.0
202201050515,,0.0
202201050520,,0.0
202201050525,,0.0
202201050530,,0.0
202201050535,,0.0
202201050540,,0.0
202201050545,,0.0
202201050550,,0.0
202201050555,,0.0
202201050600,,0.0
202201050610,,0.0
202201050615,,0.0
202201050620,,0.0
202201050625,,0.0
202201050630,,0.0
202201050635,,0.0
202201050640,,0.0
202201050645,,0.0
202201050700,,0.0
202201050710,,0.0
202201050715,,0.0
202201050720,,0.0
202201050725,,0.0
202201050735,,0.0
202201050740,,0.0
202201050745,,0.0
202201050755,,0.0
202201050800,,0.0
202201050810,,0.0
202201050815,,0.0
202201050820,,0.0
202201050825,,0.0
202201050830,,0.0
202201050835,,0.0
202201050840,,0.0
202201050845,,0.0
202201050850,,0.0
202201050855,,0.0
202201050900,,0.0
202201050910,,0.0
202201050915,,0.0
202201050920,,0.0
202201050925,,0.0
202201050930,,0.0
202201050935,,0.0
202201050940,,0.0
202201050945,,0.0
202201050950,,0.0
202201050955,,0.0
202201051000,,0.0
202201051010,,0.0
202201051015,,0.0
202201051020,,0.0
202201051025,,0.0
202201051030,,0.0
202201051035,,0.0
202201051040,,0.0
202201051045,,0.0
202201051050,,0.0
202201051055,,0.0
202201051100,,0.0
202201051110,,0.0
202201051115,,0.0
202201051120,328.0,0.9
202201051125,327.0,0.9
202201051130,277.0,0.4
202201051135,316.0,0.4
202201051140,316.0,0.4
202201051145,316.0,0.4
202201051150,256.0,0.9
202201051155,346.0,0.9
202201051200,353.0,0.4
202201051210,,0.0
202201051215,,0.0
202201051220,,0.0
202201051225,,0.0
202201051235,,0.0
202201051240,,0.0
202201051245,,0.0
202201051250,,0.0
202201051255,,0.0
202201051300,,0.0
202201051310,,0.0
202201051315,,0.0
202201051320,,0.0
202201051325,,0.0
202201051330,307.0,0.9
202201051335,236.0,0.9
202201051340,,0.0
202201051345,,0.0
202201051350,308.0,0.4
202201051355,329.0,0.4
202201051400,,0.0
202201051410,,0.0
202201051415,,0.0
202201051420,,0.0
202201051425,,0.0
202201051430,,0.0
202201051435,,0.0
202201051440,,0.0
202201051445,,0.0
202201051450,,0.0
202201051455,,0.0
202201051500,,0.0
202201051510,,0.0
202201051515,,0.0
202201051520,,0.0
202201051525,,0.0
202201051530,,0.0
202201051535,,0.0
202201051540,,0.0
202201051545,,0.0
202201051550,,0.0
202201051555,,0.0
202201051600,,0.0
202201051610,338.0,0.9
202201051615,5.0,0.9
202201051620,331.0,0.9
202201051625,336.0,0.9
202201051630,321.0,0.9
202201051635,328.0,0.9
202201051640,213.0,0.9
202201051645,338.0,0.9
202201051650,319.0,0.9
202201051655,221.0,0.9
202201051700,225.0,0.9
202201051715,255.0,1.3
202201051720,222.0,1.3
202201051725,232.0,0.9
202201051730,265.0,1.3
202201051735,288.0,1.3
202201051740,299.0,1.3
202201051745,223.0,0.9
202201051750,320.0,0.9
202201051755,186.0,0.9
202201051800,227.0,2.2
202201051810,321.0,1.3
202201051815,239.0,1.3
202201051825,251.0,2.2
202201051830,346.0,2.2
202201051835,291.0,2.2
202201051840,339.0,1.3
202201051845,327.0,0.9
202201051850,338.0,1.8
202201051900,216.0,1.3
202201051910,204.0,2.2
202201051915,249.0,2.2
202201051920,225.0,2.2
202201051925,330.0,2.2
202201051930,218.0,2.2
202201051935,316.0,2.2
202201051940,321.0,2.2
202201051945,317.0,2.2
202201051950,305.0,2.2
202201051955,295.0,2.2
202201052000,251.0,2.2
202201052010,299.0,2.2
202201052015,244.0,2.2
202201052020,236.0,1.3
202201052025,218.0,1.3
202201052030,281.0,1.8
202201052035,311.0,2.2
202201052040,282.0,1.3
202201052050,299.0,0.9
202201052055,275.0,0.9
202201052100,222.0,1.8
202201052110,301.0,0.9
202201052115,282.0,0.9
202201052120,215.0,1.3
202201052125,304.0,1.3
202201052130,326.0,0.9
202201052135,320.0,0.9
202201052140,290.0,0.9
202201052145,319.0,0.9
202201052150,325.0,0.9
202201052155,315.0,0.9
202201052200,300.0,1.8
202201052210,317.0,0.9
202201052215,334.0,0.9
202201052225,313.0,0.9
202201052230,293.0,0.9
202201052235,299.0,0.9
202201052240,,0.0
202201052245,,0.0
202201052255,,0.0
202201052300,,0.0
202201052310,,0.0
202201052315,,0.0
202201052320,,0.0
202201052325,,0.0
202201052330,,0.0
202201052335,,0.0
202201052345,,0.0
202201052350,250.0,0.4
202201052355,243.0,0.4
202201060000,,0.0
202201060010,,0.0
202201060015,,0.0
202201060020,,0.0
202201060025,,0.0
202201060030,,0.0
202201060035,,0.0
202201060040,,0.0
202201060045,,0.0
202201060050,,0.0
202201060055,,0.0
202201060100,,0.0
202201060110,,0.0
202201060115,,0.0
202201060120,,0.0
202201060125,,0.0
202201060130,,0.0
202201060135,,0.0
202201060140,,0.0
202201060145,,0.0
202201060155,,0.0
202201060200,,0.0
202201060210,,0.0
202201060215,,0.0
202201060220,,0.0
202201060225,,0.0
202201060230,,0.0
202201060235,,0.0
202201060240,,0.0
202201060245,,0.0
202201060250,,0.0
202201060255,,0.0
202201060300,,0.0
202201060310,,0.0
202201060315,,0.0
202201060320,,0.0
202201060325,,0.0
202201060330,,0.0
202201060335,,0.0
202201060340,,0.0
202201060345,,0.0
202201060350,,0.0
202201060355,,0.0
202201060400,,0.0
202201060415,,0.0
202201060420,,0.0
202201060425,,0.0
202201060430,,0.0
202201060435,,0.0
202201060440,,0.0
202201060450,,0.0
202201060500,,0.0
202201060510,,0.0
202201060515,,0.0
202201060520,,0.0
202201060530,,0.0
202201060535,,0.0
202201060540,,0.0
202201060545,,0.0
202201060550,,0.0
202201060555,,0.0
202201060610,,0.0
202201060615,,0.0
202201060620,,0.0
202201060625,,0.0
202201060630,,0.0
202201060635,,0.0
202201060640,,0.0
202201060645,,0.0
202201060655,,0.0
202201060700,,0.0
202201060710,,0.0
202201060715,,0.0
202201060720,,0.0
202201060725,,0.0
202201060730,,0.0
202201060740,,0.0
202201060745,,0.0
202201060750,290.0,0.4
202201060755,315.0,0.4
202201060800,,0.0
202201060810,,0.0
202201060815,,0.0
202201060820,305.0,0.9
202201060825,311.0,0.9
202201060830,290.0,0.4
202201060835,315.0,0.4
202201060840,310.0,0.4
202201060845,306.0,0.4
202201060850,289.0,0.4
202201060855,321.0,0.4
202201060900,323.0,0.4
202201060910,280.0,0.9
202201060915,289.0,0.9
202201060920,323.0,0.9
202201060925,296.0,0.9
202201060930,309.0,0.9
202201060935,288.0,0.9
202201060940,329.0,0.4
202201060950,,0.0
202201060955,,0.0
202201061000,,0.0
202201061010,,0.0
202201061015,,0.0
202201061020,,0.0
202201061025,,0.0
202201061030,,0.0
202201061035,,0.0
202201061040,,0.0
202201061045,,0.0
202201061050,,0.0
202201061055,,0.0
202201061100,,0.0
202201061110,,0.0
202201061115,,0.0
202201061120,,0.0
202201061125,,0.0
202201061130,,0.0
202201061135,,0.0
202201061140,,0.0
202201061145,,0.0
202201061150,,0.0
202201061155,,0.0
202201061200,,0.0
202201061210,,0.0
202201061215,,0.0
202201061220,,0.0
202201061225,,0.0
202201061230,,0.0
202201061235,,0.0
202201061240,,0.0
202201061245,,0.0
202201061250,,0.0
202201061255,,0.0
202201061300,,0.0
202201061310,,0.0
202201061315,,0.0
202201061320,,0.0
202201061325,,0.0
202201061330,,0.0
202201061335,,0.0
202201061340,,0.0
202201061345,,0.0
202201061350,,0.0
202201061355,,0.0
202201061400,,0.0
202201061410,,0.0
202201061415,,0.0
202201061420,,0.0
202201061425,,0.0
202201061430,,0.0
202201061440,,0.0
202201061445,,0.0
202201061450,,0.0
202201061455,,0.0
202201061500,,0.0
202201061510,,0.0
202201061515,,0.0
202201061520,,0.0
202201061525,,0.0
202201061530,,0.0
202201061535,,0.0
202201061545,137.0,0.9
202201061550,106.0,0.9
202201061555,147.0,0.9
202201061600,97.0,0.4
202201061610,118.0,0.9
202201061615,86.0,0.9
202201061620,98.0,0.9
202201061625,146.0,0.9
202201061630,109.0,0.9
202201061635,121.0,0.9
202201061640,138.0,0.9
202201061645,167.0,0.9
202201061650,96.0,0.9
202201061655,99.0,0.9
202201061700,95.0,0.9
202201061710,115.0,0.9
202201061715,153.0,0.9
202201061720,130.0,0.9
202201061725,74.0,0.9
202201061730,113.0,0.9
202201061735,45.0,0.9
202201061745,105.0,0.9
202201061750,111.0,0.9
202201061755,89.0,0.9
202201061800,120.0,0.9
202201061810,46.0,0.9
202201061815,139.0,0.9
202201061820,57.0,0.9
202201061825,172.0,0.9
202201061830,46.0,0.9
202201061835,135.0,0.9
202201061840,153.0,0.9
202201061845,133.0,0.9
202201061850,71.0,0.9
202201061855,163.0,0.9
202201061900,238.0,0.9
202201061910,109.0,0.9
202201061915,183.0,0.9
202201061920,184.0,0.9
202201061925,202.0,0.9
202201061930,195.0,1.3
202201061935,216.0,1.3
202201061940,153.0,2.2
202201061945,155.0,2.2
202201061950,165.0,1.3
202201061955,231.0,1.3
202201062000,172.0,0.9
202201062010,170.0,0.9
202201062015,196.0,0.9
202201062020,212.0,0.9
202201062025,174.0,0.9
202201062030,187.0,2.2
202201062035,191.0,2.7
202201062040,206.0,2.2
202201062045,260.0,2.2
202201062050,201.0,2.7
202201062055,203.0,2.7
202201062100,188.0,2.2
202201062110,191.0,2.7
202201062115,172.0,2.7
202201062120,206.0,2.2
202201062125,202.0,2.2
202201062135,199.0,2.2
202201062140,150.0,2.2
202201062145,149.0,2.2
202201062150,119.0,0.9
202201062155,51.0,0.9
202201062200,190.0,0.9
202201062210,103.0,0.9
202201062215,167.0,0.9
202201062220,175.0,0.4
202201062225,78.0,0.4
202201062230,185.0,0.4
202201062235,235.0,0.4
202201062240,200.0,0.9
202201062245,176.0,0.9
202201062250,111.0,0.9
202201062300,343.0,0.9
202201062310,162.0,0.9
202201062315,196.0,0.9
202201062320,163.0,0.9
202201062325,154.0,0.9
202201062340,158.0,0.9
202201062350,116.0,0.9
202201062355,148.0,0.9
202201070000,163.0,0.9
202201070010,204.0,0.9
202201070015,223.0,0.9
202201070020,149.0,0.9
202201070025,187.0,0.9
202201070035,181.0,1.3
202201070040,202.0,0.9
202201070050,185.0,1.8
202201070055,204.0,2.2
202201070100,195.0,1.3
202201070110,219.0,2.2
202201070115,216.0,2.2
202201070120,229.0,2.2
202201070125,223.0,2.2
202201070130,215.0,2.2
202201070135,212.0,2.2
202201070140,227.0,1.3
202201070145,260.0,1.3
202201070150,311.0,0.4
202201070155,213.0,0.4
202201070200,,0.0
202201070210,,0.0
202201070215,,0.0
202201070220,202.0,0.9
202201070230,,0.0
202201070235,,0.0
202201070240,,0.0
202201070245,,0.0
202201070250,220.0,0.4
202201070255,226.0,0.4
202201070300,325.0,0.4
202201070310,,0.0
202201070315,,0.0
202201070320,237.0,0.9
202201070325,290.0,0.9
202201070330,294.0,0.4
202201070335,284.0,0.4
202201070340,226.0,0.9
202201070345,324.0,0.9
202201070350,292.0,0.9
202201070355,272.0,0.9
202201070400,241.0,2.2
202201070410,344.0,2.7
202201070415,329.0,2.7
202201070420,313.0,4.5
202201070425,330.0,4.5
202201070430,310.0,4.0
202201070435,305.0,4.0
202201070440,308.0,2.7
202201070445,322.0,2.7
202201070450,292.0,3.1
202201070455,281.0,3.1
202201070500,337.0,3.1
202201070510,289.0,2.2
202201070515,286.0,2.2
202201070525,320.0,2.7
202201070530,290.0,2.7
202201070540,321.0,3.1
202201070545,295.0,3.1
202201070550,303.0,2.7
202201070555,304.0,2.7
202201070600,298.0,3.1
202201070610,324.0,3.1
202201070615,322.0,3.1
202201070620,316.0,3.1
202201070625,261.0,3.1
202201070630,319.0,2.7
202201070635,316.0,2.7
202201070640,325.0,2.7
202201070645,299.0,2.7
202201070650,320.0,2.2
202201070700,291.0,2.2
202201070710,288.0,2.2
202201070715,309.0,2.2
202201070720,304.0,2.2
202201070725,324.0,2.2
202201070730,321.0,2.2
202201070735,316.0,2.2
202201070745,304.0,2.2
202201070755,336.0,2.7
202201070800,331.0,2.2
202201070810,300.0,2.2
202201070815,324.0,2.2
202201070820,314.0,2.2
202201070825,271.0,2.2
202201070830,337.0,1.3
202201070835,327.0,1.3
202201070840,325.0,2.2
202201070845,301.0,2.2
202201070850,287.0,2.2
202201070855,309.0,2.2
202201070900,293.0,1.3
202201070910,328.0,1.8
202201070915,296.0,2.2
202201070920,340.0,2.2
202201070925,301.0,2.2
202201070930,290.0,1.3
202201070935,324.0,1.3
202201070940,300.0,1.8
202201070945,313.0,2.2
202201070950,316.0,2.2
202201070955,314.0,2.2
202201071010,323.0,1.3
202201071015,293.0,1.3
202201071020,262.0,2.2
202201071025,291.0,2.2
202201071035,286.0,1.3
202201071040,312.0,1.3
202201071045,296.0,1.3
202201071050,303.0,1.3
202201071055,336.0,1.3
202201071100,302.0,1.3
202201071115,322.0,0.9
202201071120,319.0,0.4
202201071125,314.0,0.4
202201071130,288.0,0.9
202201071135,316.0,0.9
202201071140,326.0,0.9
202201071145,346.0,0.9
202201071150,319.0,0.9
202201071155,339.0,0.9
202201071200,307.0,0.4
202201071210,,0.0
202201071215,,0.0
202201071220,299.0,0.9
202201071225,289.0,0.9
202201071230,285.0,0.9
202201071235,294.0,0.9
202201071240,303.0,0.9
202201071245,301.0,0.9
202201071250,,0.0
202201071255,,0.0
202201071300,,0.0
202201071310,,0.0
202201071315,,0.0
202201071320,,0.0
202201071325,,0.0
202201071330,,0.0
202201071335,,0.0
202201071340,318.0,0.9
202201071345,297.0,0.9
202201071350,283.0,0.4
202201071355,329.0,0.4
202201071400,187.0,0.9
202201071410,335.0,0.9
202201071415,335.0,0.9
202201071420,341.0,1.3
202201071425,291.0,1.3
202201071430,320.0,2.2
202201071435,346.0,2.2
202201071440,299.0,2.2
202201071445,292.0,2.2
202201071450,336.0,0.9
202201071455,236.0,0.9
202201071500,308.0,0.9
202201071510,,0.0
202201071515,,0.0
202201071520,303.0,1.8
202201071525,217.0,2.2
202201071530,236.0,2.2
202201071535,230.0,2.2
202201071540,347.0,2.2
202201071545,321.0,2.2
202201071550,345.0,1.3
202201071600,224.0,1.3
202201071610,260.0,1.3
202201071620,302.0,1.3
202201071625,304.0,1.3
202201071630,314.0,1.3
202201071635,331.0,1.3
202201071640,322.0,2.2
202201071645,258.0,2.2
202201071650,219.0,2.2
202201071655,276.0,2.2
202201071700,295.0,2.2
202201071710,335.0,1.3
202201071715,319.0,1.3
202201071720,322.0,1.8
202201071725,306.0,2.2
202201071730,343.0,1.3
202201071735,326.0,1.3
202201071740,322.0,2.2
202201071745,322.0,2.7
202201071750,350.0,1.3
202201071755,339.0,1.3
202201071800,337.0,2.2
202201071810,292.0,2.7
202201071815,311.0,2.7
202201071820,323.0,2.2
202201071825,343.0,2.2
202201071830,298.0,2.2
202201071835,235.0,2.2
202201071840,164.0,1.3
202201071845,283.0,1.3
202201071850,319.0,1.3
202201071855,289.0,0.9
202201071900,292.0,1.3
202201071910,337.0,0.9
202201071915,264.0,0.9
202201071920,330.0,2.2
202201071925,338.0,2.7
202201071935,303.0,2.7
202201071940,212.0,1.3
202201071945,305.0,0.9
202201071950,327.0,0.9
202201071955,332.0,0.9
202201072000,129.0,1.3
202201072010,283.0,1.3
202201072015,243.0,1.3
202201072020,348.0,0.9
202201072025,327.0,0.9
202201072030,333.0,2.2
202201072035,324.0,2.2
202201072040,307.0,1.3
202201072045,325.0,1.3
202201072050,330.0,1.3
202201072055,227.0,1.3
202201072100,289.0,1.3
202201072110,337.0,0.9
202201072115,289.0,0.9
202201072120,230.0,0.9
202201072125,326.0,0.9
202201072130,296.0,0.9
202201072135,336.0,0.9
202201072140,312.0,1.3
202201072145,335.0,1.3
202201072150,329.0,0.9
202201072155,321.0,0.9
202201072200,322.0,0.9
202201072210,325.0,0.9
202201072215,323.0,0.9
202201072220,,0.0
202201072225,,0.0
202201072235,,0.0
202201072245,321.0,0.4
202201072250,,0.0
202201072255,,0.0
202201072300,,0.0
202201072310,,0.0
202201072315,,0.0
202201072320,,0.0
202201072325,,0.0
202201072330,,0.0
202201072335,,0.0
202201072340,,0.0
202201072345,,0.0
202201072350,,0.0
202201072355,,0.0
202201080000,,0.0
202201080010,,0.0
202201080015,,0.0
202201080020,,0.0
202201080030,,0.0
202201080035,,0.0
202201080040,,0.0
202201080045,,0.0
202201080050,,0.0
202201080055,,0.0
202201080100,,0.0
202201080115,,0.0
202201080120,,0.0
202201080125,,0.0
202201080130,,0.0
202201080135,,0.0
202201080140,,0.0
202201080145,,0.0
202201080150,,0.0
202201080155,,0.0
202201080200,,0.0
202201080210,,0.0
202201080215,,0.0
202201080220,,0.0
202201080225,,0.0
202201080230,,0.0
202201080235,,0.0
202201080240,,0.0
202201080245,,0.0
202201080250,,0.0
202201080255,,0.0
202201080300,,0.0
202201080310,,0.0
202201080315,,0.0
202201080320,,0.0
202201080325,,0.0
202201080330,,0.0
202201080335,,0.0
202201080340,,0.0
202201080345,,0.0
202201080355,,0.0
202201080410,,0.0
202201080415,,0.0
202201080420,,0.0
202201080425,,0.0
202201080430,,0.0
202201080435,,0.0
202201080440,,0.0
202201080445,,0.0
202201080450,,0.0
202201080455,,0.0
202201080500,,0.0
202201080510,,0.0
202201080515,,0.0
202201080520,,0.0
202201080525,,0.0
202201080530,,0.0
202201080535,,0.0
202201080540,,0.0
202201080545,,0.0
202201080550,,0.0
202201080555,,0.0
202201080600,,0.0
202201080610,,0.0
202201080615,,0.0
202201080620,,0.0
202201080625,,0.0
202201080630,,0.0
202201080635,,0.0
202201080640,,0.0
202201080645,,0.0
202201080650,,0.0
202201080655,,0.0
202201080700,,0.0
202201080710,,0.0
202201080715,,0.0
202201080720,,0.0
202201080725,,0.0
202201080730,,0.0
202201080735,,0.0
202201080740,,0.0
202201080745,,0.0
202201080750,,0.0
202201080755,,0.0
202201080800,,0.0
202201080810,,0.0
202201080815,,0.0
202201080820,,0.0
202201080825,,0.0
202201080830,,0.0
202201080835,,0.0
202201080840,,0.0
202201080845,,0.0
202201080850,,0.0
202201080855,,0.0
202201080900,,0.0
202201080915,,0.0
202201080920,,0.0
202201080925,,0.0
202201080930,,0.0
202201080935,,0.0
202201080940,,0.0
202201080945,,0.0
202201080950,,0.0
202201080955,,0.0
202201081000,,0.0
202201081010,,0.0
202201081015,,0.0
202201081020,,0.0
202201081025,,0.0
202201081030,,0.0
202201081035,,0.0
202201081040,,0.0
202201081045,,0.0
202201081050,,0.0
202201081055,,0.0
202201081100,,0.0
202201081110,,0.0
202201081115,,0.0
202201081120,,0.0
202201081125,,0.0
202201081130,,0.0
202201081135,,0.0
202201081140,,0.0
202201081145,,0.0
202201081150,,0.0
202201081155,,0.0
202201081200,75.0,0.4
202201081210,,0.0
202201081215,,0.0
202201081220,,0.0
202201081225,,0.0
202201081230,,0.0
202201081235,,0.0
202201081240,,0.0
202201081245,,0.0
202201081250,,0.0
202201081255,,0.0
202201081300,,0.0
202201081310,,0.0
202201081315,,0.0
202201081320,,0.0
202201081325,,0.0
202201081330,,0.0
202201081335,,0.0
202201081340,,0.0
202201081345,,0.0
202201081350,,0.0
202201081355,,0.0
202201081400,60.0,0.4
202201081410,,0.0
202201081415,,0.0
202201081420,,0.0
202201081425,,0.0
202201081430,,0.0
202201081440,53.0,0.4
202201081445,116.0,0.4
202201081450,,0.0
202201081455,,0.0
202201081500,38.0,0.4
202201081510,37.0,0.9
202201081515,68.0,0.9
202201081520,17.0,0.4
202201081525,29.0,0.4
202201081535,77.0,0.4
202201081540,25.0,0.4
202201081545,98.0,0.4
202201081550,29.0,0.9
202201081555,50.0,0.9
202201081600,18.0,0.4
202201081610,100.0,0.4
202201081615,325.0,0.4
202201081620,78.0,0.4
202201081625,124.0,0.4
202201081635,293.0,0.4
202201081640,342.0,0.4
202201081645,162.0,0.4
202201081655,316.0,0.9
202201081710,,0.0
202201081715,,0.0
202201081720,3.0,0.4
202201081730,336.0,0.9
202201081735,102.0,0.9
202201081740,,0.0
202201081745,,0.0
202201081750,,0.0
202201081755,,0.0
202201081800,20.0,0.4
202201081810,344.0,0.9
202201081815,42.0,0.9
202201081820,355.0,0.4
202201081825,0.0,0.4
202201081830,16.0,0.4
202201081835,91.0,0.4
202201081840,,0.0
202201081845,,0.0
202201081850,103.0,0.4
202201081855,87.0,0.4
202201081900,,0.0
202201081910,,0.0
202201081915,,0.0
202201081920,,0.0
202201081925,,0.0
202201081930,,0.0
202201081935,,0.0
202201081940,,0.0
202201081945,,0.0
202201081950,,0.0
202201081955,,0.0
202201082000,,0.0
202201082010,,0.0
202201082015,,0.0
202201082020,,0.0
202201082025,,0.0
202201082030,,0.0
202201082035,,0.0
202201082040,80.0,0.4
202201082045,103.0,0.4
202201082050,,0.0
202201082055,,0.0
202201082100,,0.0
202201082110,,0.0
202201082115,,0.0
202201082120,107.0,0.4
202201082125,113.0,0.4
202201082130,46.0,0.4
202201082135,90.0,0.4
202201082140,,0.0
202201082145,,0.0
202201082150,,0.0
202201082155,,0.0
202201082200,,0.0
202201082210,,0.0
202201082215,,0.0
202201082220,78.0,0.9
202201082225,102.0,0.9
202201082230,,0.0
202201082235,,0.0
202201082240,,0.0
202201082245,,0.0
202201082250,,0.0
202201082255,,0.0
202201082300,,0.0
202201082310,89.0,0.4
202201082315,92.0,0.4
202201082320,,0.0
202201082325,,0.0
202201082330,43.0,0.4
202201082335,74.0,0.4
202201082340,,0.0
202201082345,,0.0
202201082350,,0.0
202201082355,,0.0
202201090000,,0.0
202201090010,,0.0
202201090015,,0.0
202201090020,,0.0
202201090025,,0.0
202201090030,,0.0
202201090035,,0.0
202201090040,,0.0
202201090045,,0.0
202201090050,,0.0
202201090055,,0.0
202201090100,99.0,0.4
202201090110,,0.0
202201090115,,0.0
202201090120,101.0,0.4
202201090125,110.0,0.4
202201090130,73.0,0.9
202201090135,87.0,0.9
202201090140,89.0,0.4
202201090145,126.0,0.4
202201090150,,0.0
202201090155,,0.0
202201090200,82.0,0.9
202201090210,48.0,0.4
202201090215,89.0,0.4
202201090220,,0.0
202201090225,,0.0
202201090230,,0.0
202201090235,,0.0
202201090240,,0.0
202201090245,,0.0
202201090250,,0.0
202201090255,,0.0
202201090300,,0.0
202201090310,,0.0
202201090315,,0.0
202201090320,,0.0
202201090325,,0.0
202201090335,,0.0
202201090340,,0.0
202201090345,,0.0
202201090350,,0.0
202201090355,,0.0
202201090400,,0.0
202201090410,,0.0
202201090415,,0.0
202201090425,,0.0
202201090430,,0.0
202201090435,,0.0
202201090440,,0.0
202201090445,,0.0
202201090450,,0.0
202201090455,,0.0
202201090500,,0.0
202201090510,,0.0
202201090515,,0.0
202201090525,,0.0
202201090530,,0.0
202201090535,,0.0
202201090540,,0.0
202201090545,,0.0
202201090550,,0.0
202201090555,,0.0
202201090600,,0.0
202201090610,,0.0
202201090615,,0.0
202201090620,,0.0
202201090625,,0.0
202201090630,,0.0
202201090635,,0.0
202201090640,,0.0
202201090645,,0.0
202201090650,,0.0
202201090655,,0.0
202201090700,,0.0
202201090710,,0.0
202201090715,,0.0
202201090720,,0.0
202201090725,,0.0
202201090730,,0.0
202201090735,,0.0
202201090740,,0.0
202201090745,,0.0
202201090750,,0.0
202201090755,,0.0
202201090800,,0.0
202201090810,,0.0
202201090815,,0.0
202201090820,,0.0
202201090825,,0.0
202201090830,,0.0
202201090835,,0.0
202201090845,,0.0
202201090850,,0.0
202201090855,,0.0
202201090900,,0.0
202201090910,,0.0
202201090915,,0.0
202201090920,,0.0
202201090930,,0.0
202201090940,,0.0
202201090945,,0.0
202201090950,,0.0
202201090955,,0.0
202201091000,,0.0
202201091010,,0.0
202201091015,,0.0
202201091020,,0.0
202201091025,,0.0
202201091030,,0.0
202201091035,,0.0
202201091040,,0.0
202201091045,,0.0
202201091050,,0.0
202201091055,,0.0
202201091100,,0.0
202201091110,,0.0
202201091115,,0.0
202201091120,,0.0
202201091125,,0.0
202201091130,,0.0
202201091140,,0.0
202201091145,,0.0
202201091150,,0.0
202201091155,,0.0
202201091200,,0.0
202201091210,,0.0
202201091215,,0.0
202201091220,,0.0
202201091230,,0.0
202201091240,,0.0
202201091245,,0.0
202201091250,,0.0
202201091255,,0.0
202201091300,,0.0
202201091310,,0.0
202201091315,,0.0
202201091320,,0.0
202201091325,,0.0
202201091330,,0.0
202201091335,,0.0
202201091345,,0.0
202201091350,,0.0
202201091355,,0.0
202201091400,,0.0
202201091410,,0.0
202201091415,,0.0
202201091420,19.0,0.9
202201091425,18.0,0.9
202201091430,18.0,0.9
202201091435,355.0,0.9
202201091440,5.0,0.9
202201091445,7.0,0.9
202201091450,,0.0
202201091455,,0.0
202201091500,,0.0
202201091510,,0.0
202201091515,,0.0
202201091520,332.0,0.9
202201091530,,0.0
202201091535,,0.0
202201091540,,0.0
202201091545,,0.0
202201091550,,0.0
202201091555,,0.0
202201091600,,0.0
202201091610,,0.0
202201091615,,0.0
202201091625,,0.0
202201091630,,0.0
202201091635,,0.0
202201091640,,0.0
202201091645,,0.0
202201091650,,0.0
202201091655,,0.0
202201091700,,0.0
202201091710,,0.0
202201091720,154.0,0.9
202201091725,249.0,0.9
202201091730,,0.0
202201091735,,0.0
202201091740,145.0,0.4
202201091745,256.0,0.4
202201091750,214.0,0.9
202201091755,147.0,0.9
202201091800,192.0,0.9
202201091810,113.0,0.9
202201091815,214.0,0.9
202201091820,,0.0
202201091825,,0.0
202201091830,187.0,0.9
202201091835,154.0,0.9
202201091840,150.0,0.9
202201091845,184.0,0.9
202201091850,158.0,1.3
202201091855,206.0,1.3
202201091900,204.0,1.3
202201091910,233.0,1.3
202201091915,172.0,1.3
202201091920,207.0,1.3
202201091925,198.0,1.3
202201091930,203.0,1.3
202201091935,212.0,1.3
202201091940,195.0,1.3
202201091945,221.0,1.3
202201091950,225.0,1.3
202201091955,219.0,1.3
202201092000,197.0,1.8
202201092010,183.0,2.2
202201092015,203.0,2.2
202201092020,204.0,2.7
202201092025,194.0,2.7
202201092030,193.0,2.2
202201092035,184.0,2.2
202201092040,193.0,2.2
202201092045,211.0,2.2
202201092050,201.0,2.2
202201092055,195.0,2.2
202201092100,205.0,2.2
202201092110,194.0,1.3
202201092115,203.0,1.3
202201092120,234.0,1.3
202201092125,182.0,1.3
202201092130,175.0,1.3
202201092135,178.0,1.3
202201092140,175.0,0.9
202201092145,205.0,0.9
202201092150,206.0,0.9
202201092155,206.0,0.9
202201092200,222.0,0.9
202201092210,181.0,0.9
202201092215,194.0,0.9
202201092220,185.0,0.9
202201092225,196.0,0.9
202201092230,,0.0
202201092235,,0.0
202201092240,,0.0
202201092245,,0.0
202201092250,212.0,0.4
202201092255,180.0,0.4
202201092300,181.0,0.4
202201092310,,0.0
202201092315,,0.0
202201092320,,0.0
202201092330,195.0,0.4
202201092335,196.0,0.4
202201092340,213.0,1.3
202201092345,206.0,1.3
202201092350,196.0,1.3
202201092355,203.0,1.3
202201100000,197.0,1.3
202201100010,188.0,1.3
202201100015,210.0,1.3
202201100020,188.0,1.8
202201100025,264.0,2.2
202201100035,289.0,2.7
202201100040,305.0,3.6
202201100045,328.0,3.6
202201100050,336.0,1.8
202201100055,235.0,1.3
202201100100,256.0,0.4
202201100110,,0.0
202201100115,,0.0
202201100120,,0.0
202201100125,,0.0
202201100130,,0.0
202201100135,,0.0
202201100140,,0.0
202201100145,,0.0
202201100150,,0.0
202201100155,,0.0
202201100200,,0.0
202201100210,,0.0
202201100215,,0.0
202201100220,,0.0
202201100225,,0.0
202201100230,,0.0
202201100235,,0.0
202201100240,205.0,0.9
202201100245,233.0,0.9
202201100250,,0.0
202201100255,,0.0
202201100300,,0.0
202201100310,172.0,0.4
202201100315,86.0,0.4
202201100320,,0.0
202201100325,,0.0
202201100330,,0.0
202201100335,,0.0
202201100340,,0.0
202201100345,,0.0
202201100350,,0.0
202201100355,,0.0
202201100400,,0.0
202201100410,,0.0
202201100415,,0.0
202201100420,,0.0
202201100425,,0.0
202201100430,,0.0
202201100435,,0.0
202201100440,225.0,0.4
202201100445,260.0,0.4
202201100450,,0.0
202201100455,,0.0
202201100500,,0.0
202201100510,,0.0
202201100515,,0.0
202201100525,,0.0
202201100535,,0.0
202201100540,,0.0
202201100545,,0.0
202201100550,,0.0
202201100555,,0.0
202201100600,,0.0
202201100610,,0.0
202201100615,,0.0
202201100620,,0.0
202201100625,,0.0
202201100630,,0.0
202201100635,,0.0
202201100640,,0.0
202201100645,,0.0
202201100650,,0.0
202201100655,,0.0
202201100700,,0.0
202201100710,,0.0
202201100715,,0.0
202201100720,,0.0
202201100725,,0.0
202201100730,,0.0
202201100735,,0.0
202201100740,356.0,1.8
202201100750,340.0,2.7
202201100755,347.0,3.1
202201100800,345.0,2.7
202201100810,355.0,2.7
202201100815,349.0,2.7
202201100820,326.0,3.1
202201100825,343.0,3.1
202201100830,352.0,3.1
202201100835,5.0,3.1
202201100840,15.0,2.2
202201100845,351.0,2.2
202201100850,347.0,2.7
202201100855,23.0,2.7
202201100900,342.0,2.2
202201100915,351.0,2.2
202201100920,16.0,2.7
202201100925,17.0,2.7
202201100930,19.0,2.2
202201100935,22.0,2.2
202201100940,5.0,2.2
202201100945,8.0,2.2
202201100950,17.0,2.2
202201100955,352.0,2.7
202201101000,11.0,2.2
202201101010,353.0,2.7
202201101015,341.0,2.7
202201101025,351.0,2.2
202201101035,9.0,2.2
202201101040,341.0,2.2
202201101045,0.0,2.2
202201101050,351.0,2.2
202201101055,348.0,2.2
202201101100,348.0,2.2
202201101110,346.0,2.7
202201101115,352.0,2.7
202201101120,336.0,2.2
202201101125,340.0,2.2
202201101130,349.0,2.2
202201101140,357.0,2.2
202201101145,330.0,2.2
202201101150,13.0,2.2
202201101155,16.0,2.2
202201101200,357.0,1.3
202201101210,347.0,1.3
202201101215,328.0,1.3
202201101220,319.0,2.2
202201101225,7.0,2.2
202201101230,7.0,2.2
202201101235,337.0,2.2
202201101240,350.0,1.3
202201101245,0.0,1.3
202201101250,8.0,1.3
202201101255,348.0,1.3
202201101300,11.0,1.3
202201101310,0.0,1.3
202201101315,8.0,1.3
202201101320,10.0,1.3
202201101325,2.0,1.3
202201101330,7.0,2.2
202201101335,347.0,2.2
202201101340,15.0,3.1
202201101345,1.0,3.1
202201101350,0.0,2.2
202201101355,351.0,2.2
202201101400,11.0,2.7
202201101410,343.0,1.8
202201101415,5.0,1.3
202201101420,8.0,1.3
202201101425,330.0,1.3
202201101430,351.0,2.2
202201101435,1.0,2.7
202201101440,4.0,2.7
202201101445,341.0,2.7
202201101450,347.0,2.7
202201101455,348.0,3.1
202201101500,354.0,2.7
202201101510,355.0,3.1
202201101515,356.0,3.1
202201101520,339.0,3.1
202201101525,0.0,3.6
202201101530,36.0,3.1
202201101535,355.0,3.1
202201101540,9.0,2.2
202201101545,358.0,2.2
202201101550,6.0,1.3
202201101555,2.0,1.3
202201101600,354.0,1.3
202201101610,351.0,2.2
202201101615,16.0,2.7
202201101620,1.0,1.3
202201101625,350.0,1.3
202201101630,20.0,2.2
202201101635,11.0,2.7
202201101640,355.0,2.2
202201101645,22.0,2.2
202201101650,356.0,1.3
202201101655,328.0,0.9
202201101700,327.0,1.8
202201101710,6.0,2.2
202201101715,8.0,2.2
202201101720,3.0,2.2
202201101725,11.0,2.2
202201101730,2.0,2.2
202201101735,352.0,2.2
202201101740,11.0,2.2
202201101745,0.0,2.2
202201101750,13.0,2.2
202201101755,337.0,2.7
202201101800,3.0,2.2
202201101810,18.0,2.7
202201101815,353.0,2.7
202201101820,9.0,1.3
202201101825,309.0,1.3
202201101830,327.0,2.2
202201101835,336.0,2.2
202201101840,345.0,2.7
202201101845,37.0,3.1
202201101855,353.0,0.9
202201101900,321.0,1.3
202201101910,72.0,2.2
202201101915,55.0,2.2
202201101920,12.0,0.9
202201101925,3.0,0.9
202201101930,331.0,1.8
202201101935,6.0,2.2
202201101940,268.0,2.2
202201101945,330.0,2.2
202201101950,1.0,1.3
202201101955,321.0,0.9
202201102000,324.0,0.9
202201102010,341.0,1.3
202201102015,286.0,1.3
202201102020,312.0,1.8
202201102025,337.0,2.2
202201102030,301.0,2.2
202201102035,75.0,2.2
202201102040,308.0,0.9
202201102045,359.0,0.9
202201102050,339.0,1.3
202201102055,59.0,1.3
202201102100,333.0,1.3
202201102110,320.0,1.8
202201102115,16.0,2.2
202201102120,353.0,0.9
202201102125,3.0,0.9
202201102130,321.0,2.2
202201102135,316.0,2.2
202201102140,317.0,0.9
202201102145,353.0,0.9
202201102150,323.0,2.2
202201102155,317.0,2.2
202201102200,326.0,2.2
202201102210,315.0,0.9
202201102215,328.0,0.9
202201102220,315.0,0.4
202201102225,,0.0
202201102230,,0.0
202201102235,,0.0
202201102240,,0.0
202201102245,,0.0
202201102250,,0.0
202201102255,,0.0
202201102300,,0.0
202201102310,,0.0
202201102315,,0.0
202201102320,,0.0
202201102325,,0.0
202201102330,,0.0
202201102335,,0.0
202201102340,,0.0
202201102345,,0.0
202201102355,,0.0
202201110000,,0.0
202201110010,,0.0
202201110015,,0.0
202201110020,,0.0
202201110025,,0.0
202201110030,,0.0
202201110035,,0.0
202201110040,,0.0
202201110045,,0.0
202201110050,,0.0
202201110055,,0.0
202201110100,,0.0
202201110110,,0.0
202201110115,,0.0
202201110120,,0.0
202201110125,,0.0
202201110130,,0.0
202201110135,,0.0
202201110140,,0.0
202201110145,,0.0
202201110150,,0.0
202201110155,,0.0
202201110200,,0.0
202201110210,,0.0
202201110215,,0.0
202201110220,,0.0
202201110225,,0.0
202201110230,,0.0
202201110235,,0.0
202201110240,164.0,0.4
202201110245,229.0,0.4
202201110250,225.0,0.4
202201110255,220.0,0.4
202201110300,277.0,0.9
202201110310,314.0,0.4
202201110315,321.0,0.4
202201110320,345.0,0.9
202201110325,312.0,0.9
202201110330,220.0,0.9
202201110340,311.0,0.9
202201110345,329.0,0.9
202201110350,351.0,0.9
202201110355,321.0,0.9
202201110400,317.0,1.3
202201110410,308.0,1.3
202201110415,310.0,1.3
202201110420,294.0,0.9
202201110425,323.0,0.9
202201110430,318.0,0.4
202201110435,325.0,0.4
202201110440,335.0,0.9
202201110445,326.0,0.9
202201110450,318.0,1.3
202201110455,320.0,1.3
202201110500,327.0,2.2
202201110510,317.0,2.2
202201110515,325.0,2.2
202201110520,323.0,2.2
202201110525,325.0,2.2
202201110530,320.0,1.3
202201110535,330.0,1.3
202201110540,337.0,0.9
202201110545,316.0,0.4
202201110550,,0.0
202201110555,,0.0
202201110600,329.0,0.9
202201110610,326.0,0.9
202201110615,326.0,0.9
202201110620,312.0,0.4
202201110625,308.0,0.4
202201110630,,0.0
202201110635,,0.0
202201110640,322.0,0.9
202201110645,320.0,0.9
202201110650,318.0,0.9
202201110655,312.0,0.9
202201110700,,0.0
202201110710,318.0,0.4
202201110715,318.0,0.4
202201110720,,0.0
202201110725,,0.0
202201110730,,0.0
202201110735,,0.0
202201110740,,0.0
202201110745,,0.0
202201110750,,0.0
202201110755,,0.0
202201110800,,0.0
202201110810,,0.0
202201110815,,0.0
202201110820,,0.0
202201110825,,0.0
202201110830,,0.0
202201110835,,0.0
202201110840,,0.0
202201110845,,0.0
202201110850,,0.0
202201110855,,0.0
202201110900,,0.0
202201110910,,0.0
202201110915,,0.0
202201110920,,0.0
202201110925,,0.0
202201110930,,0.0
202201110935,,0.0
202201110940,,0.0
202201110945,,0.0
202201110950,,0.0
202201110955,,0.0
202201111000,,0.0
202201111010,,0.0
202201111015,,0.0
202201111020,,0.0
202201111025,,0.0
202201111030,,0.0
202201111035,,0.0
202201111040,,0.0
202201111050,,0.0
202201111055,,0.0
202201111100,,0.0
202201111110,,0.0
202201111115,,0.0
202201111120,,0.0
202201111125,,0.0
202201111130,,0.0
202201111135,,0.0
202201111140,,0.0
202201111145,,0.0
202201111150,,0.0
202201111155,,0.0
202201111200,,0.0
202201111210,,0.0
202201111215,,0.0
202201111220,,0.0
202201111225,,0.0
202201111230,,0.0
202201111235,,0.0
202201111240,,0.0
202201111245,,0.0
202201111250,,0.0
202201111255,,0.0
202201111300,,0.0
202201111310,,0.0
202201111315,,0.0
202201111330,,0.0
202201111335,,0.0
202201111340,,0.0
202201111345,,0.0
202201111350,,0.0
202201111355,,0.0
202201111400,,0.0
202201111410,,0.0
202201111415,,0.0
202201111420,,0.0
202201111430,,0.0
202201111435,,0.0
202201111440,,0.0
202201111445,,0.0
202201111450,,0.0
202201111455,,0.0
202201111500,,0.0
202201111510,,0.0
202201111515,,0.0
202201111520,82.0,0.9
202201111530,124.0,0.9
202201111535,48.0,0.9
202201111540,56.0,0.9
202201111545,73.0,0.9
202201111550,95.0,0.9
202201111555,92.0,0.9
202201111610,335.0,0.9
202201111615,41.0,0.9
202201111625,20.0,0.9
202201111630,27.0,0.9
202201111635,8.0,0.9
202201111640,10.0,0.4
202201111645,19.0,0.4
202201111650,62.0,0.9
202201111655,98.0,0.9
202201111700,69.0,0.9
202201111710,121.0,0.9
202201111715,73.0,0.9
202201111720,352.0,0.9
202201111725,0.0,0.9
202201111730,18.0,1.3
202201111735,17.0,1.3
202201111740,22.0,0.9
202201111745,86.0,0.9
202201111755,347.0,0.9
202201111800,54.0,1.3
202201111810,332.0,0.9
202201111820,98.0,0.4
202201111825,88.0,0.4
202201111830,80.0,0.9
202201111835,327.0,0.9
202201111840,112.0,0.4
202201111845,28.0,0.4
202201111850,48.0,0.4
202201111855,54.0,0.4
202201111900,277.0,0.9
202201111910,49.0,0.4
202201111915,330.0,0.4
202201111920,308.0,0.9
202201111925,295.0,0.9
202201111930,329.0,0.9
202201111935,3.0,0.9
202201111940,9.0,1.3
202201111945,312.0,1.3
202201111950,339.0,1.3
202201111955,19.0,0.9
202201112000,104.0,0.9
202201112010,29.0,0.9
202201112020,305.0,0.4
202201112025,0.0,0.4
202201112030,348.0,0.9
202201112035,344.0,0.9
202201112040,87.0,0.9
202201112045,47.0,0.9
202201112050,,0.0
202201112055,,0.0
202201112100,110.0,0.4
202201112110,,0.0
202201112115,,0.0
202201112120,,0.0
202201112125,,0.0
202201112130,,0.0
202201112135,,0.0
202201112140,,0.0
202201112145,,0.0
202201112150,66.0,0.4
202201112200,,0.0
202201112210,,0.0
202201112215,,0.0
202201112220,,0.0
202201112225,,0.0
202201112230,,0.0
202201112235,,0.0
202201112240,,0.0
202201112245,,0.0
202201112250,,0.0
202201112255,,0.0
202201112300,,0.0
202201112310,,0.0
202201112315,,0.0
202201112320,,0.0
202201112325,,0.0
202201112330,,0.0
202201112335,,0.0
202201112340,,0.0
202201112345,,0.0
202201112350,,0.0
202201112355,,0.0
202201120000,,0.0
202201120010,,0.0
202201120015,,0.0
202201120030,,0.0
202201120035,,0.0
202201120040,,0.0
202201120045,,0.0
202201120050,,0.0
202201120055,,0.0
202201120100,,0.0
202201120110,,0.0
202201120115,,0.0
202201120120,,0.0
202201120125,,0.0
202201120130,,0.0
202201120135,,0.0
202201120140,,0.0
202201120145,,0.0
202201120150,,0.0
202201120155,,0.0
202201120200,,0.0
202201120210,,0.0
202201120215,,0.0
202201120220,,0.0
202201120225,,0.0
202201120230,,0.0
202201120235,,0.0
202201120240,,0.0
202201120245,,0.0
202201120250,,0.0
202201120255,,0.0
202201120300,,0.0
202201120310,,0.0
202201120315,,0.0
202201120320,,0.0
202201120325,,0.0
202201120330,,0.0
202201120335,,0.0
202201120345,,0.0
202201120350,,0.0
202201120355,,0.0
202201120400,,0.0
202201120410,,0.0
202201120415,,0.0
202201120420,,0.0
202201120425,,0.0
202201120430,,0.0
202201120435,,0.0
202201120440,,0.0
202201120445,,0.0
202201120450,,0.0
202201120510,,0.0
202201120515,,0.0
202201120520,,0.0
202201120525,,0.0
202201120530,,0.0
202201120535,,0.0
202201120540,,0.0
202201120545,,0.0
202201120550,,0.0
202201120555,,0.0
202201120600,,0.0
202201120610,,0.0
202201120615,,0.0
202201120630,,0.0
202201120635,,0.0
202201120640,,0.0
202201120645,,0.0
202201120650,,0.0
202201120655,,0.0
202201120700,,0.0
202201120710,,0.0
202201120715,,0.0
202201120720,,0.0
202201120725,,0.0
202201120730,,0.0
202201120735,,0.0
202201120740,,0.0
202201120745,,0.0
202201120750,,0.0
202201120755,,0.0
202201120800,,0.0
202201120810,,0.0
202201120815,,0.0
202201120820,,0.0
202201120825,,0.0
202201120830,,0.0
202201120835,,0.0
202201120840,,0.0
202201120845,,0.0
202201120850,,0.0
202201120855,,0.0
202201120900,,0.0
202201120915,,0.0
202201120920,,0.0
202201120925,,0.0
202201120930,,0.0
202201120935,,0.0
202201120940,,0.0
202201120945,,0.0
202201120950,,0.0
202201120955,,0.0
202201121000,,0.0
202201121010,,0.0
202201121015,,0.0
202201121020,,0.0
202201121025,,0.0
202201121030,,0.0
202201121035,,0.0
202201121040,,0.0
202201121045,,0.0
202201121050,,0.0
202201121055,,0.0
202201121100,,0.0
202201121110,,0.0
202201121115,,0.0
202201121120,,0.0
202201121125,,0.0
202201121130,,0.0
202201121135,,0.0
202201121140,,0.0
202201121145,,0.0
202201121150,,0.0
202201121155,,0.0
202201121200,,0.0
202201121210,,0.0
202201121215,,0.0
202201121220,,0.0
202201121225,,0.0
202201121230,,0.0
202201121235,,0.0
202201121240,,0.0
202201121245,,0.0
202201121250,,0.0
202201121255,,0.0
202201121300,,0.0
202201121310,,0.0
202201121315,,0.0
202201121320,,0.0
202201121325,,0.0
202201121330,,0.0
202201121335,,0.0
202201121340,,0.0
202201121345,,0.0
202201121350,,0.0
202201121355,,0.0
202201121400,,0.0
202201121410,,0.0
202201121415,,0.0
202201121420,,0.0
202201121425,,0.0
202201121430,,0.0
202201121435,,0.0
202201121440,,0.0
202201121445,,0.0
202201121450,,0.0
202201121500,,0.0
202201121510,,0.0
202201121515,,0.0
202201121525,,0.0
202201121530,,0.0
202201121535,,0.0
202201121540,,0.0
202201121545,,0.0
202201121550,135.0,0.9
202201121555,184.0,0.9
202201121610,27.0,0.4
202201121615,214.0,0.4
202201121620,239.0,0.9
202201121625,219.0,0.9
202201121630,185.0,0.9
202201121635,13.0,0.9
202201121645,,0.0
202201121650,116.0,0.9
202201121655,58.0,0.9
202201121700,109.0,0.9
202201121710,,0.0
202201121715,,0.0
202201121720,216.0,0.9
202201121725,191.0,0.9
202201121730,,0.0
202201121735,,0.0
202201121740,306.0,0.4
202201121745,247.0,0.4
202201121750,102.0,0.9
202201121755,295.0,0.9
202201121800,,0.0
202201121810,,0.0
202201121815,,0.0
202201121820,223.0,1.3
202201121825,308.0,1.3
202201121830,231.0,0.9
202201121835,9.0,0.9
202201121840,347.0,0.9
202201121850,303.0,0.9
202201121855,338.0,0.9
202201121900,230.0,1.3
202201121910,46.0,0.9
202201121915,357.0,0.9
202201121920,327.0,0.9
202201121925,320.0,0.9
202201121930,338.0,0.9
202201121935,341.0,0.9
202201121940,357.0,0.9
202201121945,312.0,0.9
202201121950,334.0,0.9
202201121955,318.0,0.9
202201122000,314.0,0.9
202201122010,327.0,0.9
202201122015,320.0,0.9
202201122020,250.0,0.9
202201122030,133.0,0.4
202201122035,333.0,0.4
202201122040,329.0,0.9
202201122045,301.0,0.9
202201122050,98.0,0.4
202201122055,186.0,0.4
202201122100,283.0,0.4
202201122110,301.0,0.9
202201122115,220.0,0.9
202201122120,323.0,0.9
202201122125,305.0,0.9
202201122130,231.0,0.9
202201122135,246.0,0.9
202201122140,237.0,0.9
202201122145,236.0,0.9
202201122150,,0.0
202201122155,,0.0
202201122200,257.0,0.9
202201122210,,0.0
202201122215,,0.0
202201122220,,0.0
202201122225,,0.0
202201122230,,0.0
202201122235,,0.0
202201122240,,0.0
202201122245,,0.0
202201122250,,0.0
202201122255,,0.0
202201122300,,0.0
202201122310,,0.0
202201122315,,0.0
202201122325,,0.0
202201122330,,0.0
202201122340,,0.0
202201122345,,0.0
202201122350,,0.0
202201122355,,0.0
202201130000,,0.0
202201130010,,0.0
202201130020,,0.0
202201130025,,0.0
202201130030,,0.0
202201130035,,0.0
202201130040,,0.0
202201130045,,0.0
202201130050,,0.0
202201130055,,0.0
202201130100,,0.0
202201130110,,0.0
202201130115,,0.0
202201130120,,0.0
202201130125,,0.0
202201130130,,0.0
202201130135,,0.0
202201130140,,0.0
202201130145,,0.0
202201130150,,0.0
202201130155,,0.0
202201130200,,0.0
202201130210,,0.0
202201130215,,0.0
202201130220,,0.0
202201130225,,0.0
202201130230,,0.0
202201130235,,0.0
202201130240,,0.0
202201130245,,0.0
202201130250,,0.0
202201130255,,0.0
202201130300,,0.0
202201130310,,0.0
202201130315,,0.0
202201130325,,0.0
202201130330,,0.0
202201130335,,0.0
202201130340,,0.0
202201130345,,0.0
202201130355,,0.0
202201130400,,0.0
202201130410,,0.0
202201130415,,0.0
202201130420,,0.0
202201130425,,0.0
202201130430,,0.0
202201130435,,0.0
202201130440,,0.0
202201130445,,0.0
202201130450,,0.0
202201130455,,0.0
202201130500,,0.0
202201130510,,0.0
202201130515,,0.0
202201130520,,0.0
202201130525,,0.0
202201130530,,0.0
202201130535,,0.0
202201130540,,0.0
202201130545,,0.0
202201130550,,0.0
202201130555,,0.0
202201130600,,0.0
202201130610,,0.0
202201130615,,0.0
202201130620,,0.0
202201130625,,0.0
202201130630,,0.0
202201130635,,0.0
202201130640,,0.0
202201130645,,0.0
202201130650,,0.0
202201130655,,0.0
202201130700,,0.0
202201130710,,0.0
202201130715,,0.0
202201130720,,0.0
202201130725,,0.0
202201130730,,0.0
202201130740,,0.0
202201130750,,0.0
202201130755,,0.0
202201130800,,0.0
202201130810,,0.0
202201130815,,0.0
202201130820,,0.0
202201130825,,0.0
202201130830,,0.0
202201130835,,0.0
202201130840,,0.0
202201130845,,0.0
202201130850,,0.0
202201130855,,0.0
202201130900,,0.0
202201130910,,0.0
202201130915,,0.0
202201130920,,0.0
202201130925,,0.0
202201130930,,0.0
202201130935,,0.0
202201130940,,0.0
202201130945,,0.0
202201130950,,0.0
202201130955,,0.0
202201131000,,0.0
202201131010,,0.0
202201131015,,0.0
202201131020,,0.0
202201131025,,0.0
202201131030,,0.0
202201131035,,0.0
202201131040,,0.0
202201131045,,0.0
202201131050,,0.0
202201131055,,0.0
202201131100,,0.0
202201131110,,0.0
202201131120,,0.0
202201131125,,0.0
202201131130,,0.0
202201131135,,0.0
202201131145,,0.0
202201131150,,0.0
202201131155,,0.0
202201131200,,0.0
202201131210,,0.0
202201131215,,0.0
202201131220,,0.0
202201131225,,0.0
202201131240,,0.0
202201131245,,0.0
202201131300,,0.0
202201131310,,0.0
202201131315,,0.0
202201131320,,0.0
202201131325,,0.0
202201131330,,0.0
202201131335,,0.0
202201131340,,0.0
202201131345,,0.0
202201131350,237.0,0.4
202201131355,274.0,0.4
202201131400,,0.0
202201131410,,0.0
202201131415,,0.0
202201131420,224.0,0.4
202201131425,212.0,0.4
202201131430,237.0,0.4
202201131435,240.0,0.4
202201131440,248.0,0.9
202201131445,268.0,0.9
202201131450,261.0,0.4
202201131455,228.0,0.4
202201131510,200.0,0.4
202201131515,205.0,0.4
202201131520,214.0,0.4
202201131525,300.0,0.4
202201131530,298.0,0.9
202201131540,233.0,0.9
202201131550,255.0,1.3
202201131555,290.0,1.3
202201131600,228.0,0.9
202201131610,254.0,0.9
202201131615,281.0,0.9
202201131620,275.0,0.9
202201131625,242.0,0.9
202201131630,275.0,0.9
202201131635,265.0,0.9
202201131640,1.0,0.9
202201131645,217.0,0.9
202201131650,232.0,0.9
202201131655,201.0,0.9
202201131700,226.0,0.9
202201131710,300.0,0.9
202201131715,265.0,0.9
202201131725,232.0,1.3
202201131730,318.0,1.3
202201131735,275.0,1.3
202201131740,310.0,0.9
202201131745,263.0,0.9
202201131750,238.0,0.9
202201131755,260.0,0.9
202201131800,266.0,1.3
202201131810,249.0,1.3
202201131815,199.0,1.3
202201131820,298.0,1.3
202201131825,241.0,1.3
202201131830,232.0,1.8
202201131835,230.0,2.2
202201131840,194.0,2.2
202201131845,286.0,2.2
202201131850,308.0,1.3
202201131855,216.0,1.3
202201131900,248.0,1.3
202201131910,204.0,1.8
202201131915,213.0,2.2
202201131920,161.0,1.3
202201131930,206.0,2.2
202201131935,236.0,2.2
202201131940,212.0,1.3
202201131945,234.0,1.3
202201131950,232.0,2.2
202201131955,212.0,2.2
202201132000,238.0,1.3
202201132010,213.0,2.2
202201132015,229.0,2.2
202201132020,205.0,1.3
202201132025,224.0,1.3
202201132030,264.0,1.8
202201132035,243.0,2.2
202201132040,216.0,1.3
202201132045,215.0,0.9
202201132050,226.0,0.9
202201132055,219.0,0.9
202201132100,204.0,1.3
202201132110,225.0,0.9
202201132115,196.0,0.9
202201132120,273.0,0.4
202201132130,221.0,0.4
202201132135,204.0,0.4
202201132140,215.0,0.9
202201132145,209.0,0.9
202201132150,227.0,0.4
202201132155,206.0,0.4
202201132210,247.0,0.4
202201132215,246.0,0.4
202201132220,,0.0
202201132225,,0.0
202201132230,,0.0
202201132235,,0.0
202201132240,,0.0
202201132245,,0.0
202201132250,,0.0
202201132255,,0.0
202201132310,,0.0
202201132315,,0.0
202201132320,,0.0
202201132325,,0.0
202201132330,,0.0
202201132335,,0.0
202201132340,,0.0
202201132345,,0.0
202201132350,,0.0
202201132355,,0.0
202201140000,,0.0
202201140010,,0.0
202201140015,,0.0
202201140020,,0.0
202201140025,,0.0
202201140030,,0.0
202201140035,,0.0
202201140040,,0.0
202201140045,,0.0
202201140050,,0.0
202201140055,,0.0
202201140100,,0.0
202201140110,,0.0
202201140115,,0.0
202201140120,274.0,0.4
202201140125,269.0,0.4
202201140130,300.0,0.9
202201140135,247.0,0.9
202201140140,240.0,0.9
202201140145,220.0,0.9
202201140150,281.0,0.4
202201140155,,0.0
202201140200,,0.0
202201140210,328.0,0.9
202201140215,308.0,0.9
202201140220,317.0,1.3
202201140230,301.0,1.3
202201140235,272.0,1.3
202201140240,297.0,1.3
202201140245,320.0,1.3
202201140250,328.0,1.3
202201140255,310.0,1.3
202201140300,307.0,1.3
202201140310,302.0,1.3
202201140315,322.0,1.3
202201140320,329.0,1.3
202201140325,308.0,0.9
202201140330,323.0,1.3
202201140335,312.0,1.3
202201140340,292.0,1.3
202201140345,283.0,0.9
202201140350,303.0,0.9
202201140355,325.0,0.4
202201140400,327.0,1.8
202201140410,318.0,2.2
202201140415,311.0,2.2
202201140420,327.0,1.3
202201140425,325.0,0.9
202201140430,324.0,1.3
202201140435,340.0,1.3
202201140440,323.0,1.8
202201140445,320.0,2.2
202201140450,333.0,2.2
202201140455,334.0,2.2
202201140500,311.0,2.2
202201140510,321.0,2.7
202201140515,326.0,2.7
202201140520,322.0,2.7
202201140525,313.0,2.7
202201140535,326.0,2.2
202201140540,327.0,2.7
202201140545,325.0,2.7
202201140550,323.0,2.2
202201140555,329.0,2.2
202201140600,338.0,2.7
202201140610,337.0,2.2
202201140615,324.0,2.2
202201140620,322.0,2.2
202201140625,323.0,2.2
202201140635,331.0,2.2
202201140640,324.0,3.1
202201140645,329.0,3.1
202201140650,332.0,2.7
202201140655,318.0,2.7
202201140700,325.0,2.7
202201140710,326.0,2.7
202201140715,322.0,2.7
202201140720,319.0,2.7
202201140725,328.0,2.7
202201140730,321.0,2.2
202201140735,316.0,2.2
202201140740,314.0,0.9
202201140745,308.0,0.9
202201140750,326.0,1.8
202201140755,320.0,2.2
202201140800,326.0,1.3
202201140810,304.0,0.9
202201140815,298.0,0.9
202201140820,325.0,0.9
202201140825,289.0,0.9
202201140850,312.0,0.9
202201140855,299.0,0.9
202201140900,320.0,0.4
202201140910,328.0,0.4
202201140920,304.0,0.4
202201140925,308.0,0.4
202201140930,292.0,0.4
202201140935,291.0,0.4
202201140940,289.0,0.4
202201140945,273.0,0.4
202201140950,336.0,0.9
202201140955,313.0,0.9
202201141000,298.0,0.4
202201141010,,0.0
202201141015,,0.0
202201141020,301.0,0.4
202201141025,293.0,0.4
202201141030,,0.0
202201141035,,0.0
202201141040,316.0,0.4
202201141045,316.0,0.4
202201141050,322.0,0.9
202201141055,315.0,0.9
202201141100,341.0,0.9
202201141115,306.0,0.4
202201141120,,0.0
202201141125,,0.0
202201141130,,0.0
202201141140,,0.0
202201141145,,0.0
202201141150,,0.0
202201141155,,0.0
202201141200,,0.0
202201141210,,0.0
202201141215,,0.0
202201141220,,0.0
202201141225,,0.0
202201141230,,0.0
202201141235,,0.0
202201141240,,0.0
202201141245,,0.0
202201141250,,0.0
202201141255,,0.0
202201141300,,0.0
202201141310,,0.0
202201141315,,0.0
202201141320,,0.0
202201141325,,0.0
202201141330,,0.0
202201141335,,0.0
202201141340,336.0,0.4
202201141345,313.0,0.4
202201141350,335.0,0.9
202201141355,318.0,0.9
202201141400,307.0,0.9
202201141410,326.0,0.9
202201141415,283.0,0.9
202201141425,318.0,0.9
202201141430,291.0,0.9
202201141435,322.0,0.9
202201141440,313.0,0.9
202201141445,325.0,0.9
202201141450,291.0,0.9
202201141455,263.0,0.9
202201141500,323.0,0.9
202201141510,348.0,1.8
202201141515,304.0,2.2
202201141520,248.0,1.3
202201141530,13.0,0.9
202201141535,314.0,0.9
202201141540,327.0,0.9
202201141545,309.0,0.9
202201141550,350.0,1.3
202201141555,323.0,1.3
202201141600,316.0,2.2
202201141610,13.0,2.2
202201141615,18.0,2.2
202201141620,0.0,1.3
202201141625,15.0,1.3
202201141630,330.0,0.9
202201141635,292.0,0.9
202201141640,5.0,1.3
202201141645,20.0,1.3
202201141650,289.0,1.3
202201141655,3.0,1.3
202201141700,334.0,0.9
202201141710,313.0,1.8
202201141715,2.0,2.2
202201141720,270.0,0.9
202201141725,287.0,0.9
202201141730,270.0,0.9
202201141735,261.0,0.9
202201141740,287.0,1.3
202201141745,320.0,1.3
202201141750,340.0,1.3
202201141755,352.0,1.3
202201141800,334.0,1.3
202201141810,334.0,0.9
202201141815,353.0,0.9
202201141820,323.0,1.3
202201141825,321.0,1.3
202201141830,322.0,1.3
202201141835,322.0,1.3
202201141840,301.0,1.8
202201141845,0.0,2.2
202201141850,349.0,1.3
202201141855,3.0,0.9
202201141900,319.0,1.8
202201141910,224.0,1.3
202201141915,323.0,0.9
202201141920,334.0,1.8
202201141925,324.0,2.2
202201141930,319.0,2.2
202201141935,5.0,2.2
202201141940,328.0,2.2
202201141945,302.0,2.2
202201141950,306.0,1.3
202201141955,326.0,0.9
202201142000,48.0,1.3
202201142010,317.0,1.3
202201142015,327.0,0.9
202201142020,17.0,2.2
202201142025,356.0,2.2
202201142030,265.0,1.3
202201142035,19.0,0.9
202201142040,315.0,0.4
202201142045,,0.0
202201142050,324.0,0.9
202201142055,326.0,0.9
202201142100,354.0,1.8
202201142110,53.0,1.3
202201142115,3.0,0.9
202201142120,322.0,1.8
202201142125,323.0,2.2
202201142130,299.0,2.2
202201142135,268.0,2.2
202201142140,319.0,0.9
202201142145,265.0,0.9
202201142150,318.0,0.4
202201142155,337.0,0.4
202201142200,,0.0
202201142210,,0.0
202201142215,,0.0
202201142220,,0.0
202201142225,,0.0
202201142230,,0.0
202201142235,,0.0
202201142240,,0.0
202201142245,,0.0
202201142250,,0.0
202201142300,,0.0
202201142310,,0.0
202201142315,,0.0
202201142320,,0.0
202201142325,,0.0
202201142330,,0.0
202201142335,,0.0
202201142340,,0.0
202201142345,,0.0
202201142350,,0.0
202201142355,,0.0
202201150000,,0.0
202201150010,,0.0
202201150015,,0.0
202201150020,,0.0
202201150025,,0.0
202201150030,,0.0
202201150035,,0.0
202201150040,,0.0
202201150045,,0.0
202201150050,,0.0
202201150055,,0.0
202201150100,,0.0
202201150110,,0.0
202201150115,,0.0
202201150120,,0.0
202201150125,,0.0
202201150130,,0.0
202201150135,,0.0
202201150140,,0.0
202201150145,,0.0
202201150150,,0.0
202201150155,,0.0
202201150200,,0.0
202201150210,,0.0
202201150215,,0.0
202201150220,,0.0
202201150225,,0.0
202201150230,,0.0
202201150235,,0.0
202201150240,,0.0
202201150245,,0.0
202201150250,,0.0
202201150255,,0.0
202201150300,,0.0
202201150310,,0.0
202201150315,,0.0
202201150320,,0.0
202201150325,,0.0
202201150330,,0.0
202201150335,,0.0
202201150340,,0.0
202201150345,,0.0
202201150350,,0.0
202201150355,,0.0
202201150400,,0.0
202201150410,,0.0
202201150415,,0.0
202201150420,,0.0
202201150425,,0.0
202201150430,,0.0
202201150435,,0.0
202201150440,,0.0
202201150445,,0.0
202201150450,,0.0
202201150455,,0.0
202201150500,,0.0
202201150510,,0.0
202201150515,,0.0
202201150520,,0.0
202201150525,,0.0
202201150530,,0.0
202201150535,,0.0
202201150540,,0.0
202201150545,,0.0
202201150550,,0.0
202201150555,,0.0
202201150600,,0.0
202201150610,,0.0
202201150615,,0.0
202201150620,,0.0
202201150625,,0.0
202201150630,,0.0
202201150635,,0.0
202201150640,,0.0
202201150650,,0.0
202201150655,,0.0
202201150700,,0.0
202201150710,,0.0
202201150715,,0.0
202201150720,,0.0
202201150725,,0.0
202201150730,,0.0
202201150735,,0.0
202201150740,,0.0
202201150745,,0.0
202201150750,,0.0
202201150755,,0.0
202201150800,,0.0
202201150810,,0.0
202201150815,,0.0
202201150820,,0.0
202201150825,,0.0
202201150830,,0.0
202201150835,,0.0
202201150840,,0.0
202201150845,,0.0
202201150850,,0.0
202201150855,,0.0
202201150900,,0.0
202201150910,,0.0
202201150915,,0.0
202201150920,,0.0
202201150925,,0.0
202201150930,,0.0
202201150935,,0.0
202201150950,,0.0
202201151000,,0.0
202201151010,,0.0
202201151015,,0.0
202201151020,,0.0
202201151030,,0.0
202201151035,,0.0
202201151040,,0.0
202201151045,,0.0
202201151050,,0.0
202201151055,,0.0
202201151100,,0.0
202201151110,,0.0
202201151115,,0.0
202201151120,,0.0
202201151125,,0.0
202201151130,,0.0
202201151135,,0.0
202201151140,,0.0
202201151145,,0.0
202201151155,,0.0
202201151200,,0.0
202201151210,,0.0
202201151215,,0.0
202201151220,,0.0
202201151225,,0.0
202201151230,,0.0
202201151235,,0.0
202201151240,,0.0
202201151245,,0.0
202201151250,,0.0
202201151255,,0.0
202201151300,,0.0
202201151310,,0.0
202201151315,,0.0
202201151320,,0.0
202201151325,,0.0
202201151330,,0.0
202201151335,,0.0
202201151340,81.0,0.4
202201151345,70.0,0.4
202201151350,44.0,0.4
202201151355,94.0,0.4
202201151400,,0.0
202201151410,93.0,0.4
202201151415,101.0,0.4
202201151420,,0.0
202201151425,,0.0
202201151430,,0.0
202201151435,,0.0
202201151440,,0.0
202201151445,,0.0
202201151450,23.0,0.4
202201151455,0.0,0.4
202201151500,,0.0
202201151510,,0.0
202201151515,,0.0
202201151520,,0.0
202201151525,,0.0
202201151530,,0.0
202201151535,,0.0
202201151545,,0.0
202201151550,,0.0
202201151555,,0.0
202201151600,,0.0
202201151610,,0.0
202201151620,,0.0
202201151625,,0.0
202201151630,,0.0
202201151635,,0.0
202201151640,,0.0
202201151645,,0.0
202201151650,,0.0
202201151655,,0.0
202201151700,,0.0
202201151710,,0.0
202201151715,,0.0
202201151720,333.0,0.4
202201151725,354.0,0.4
202201151730,9.0,0.9
202201151735,8.0,0.9
202201151740,27.0,0.4
202201151745,,0.0
202201151755,,0.0
202201151800,332.0,0.4
202201151810,,0.0
202201151815,,0.0
202201151820,,0.0
202201151825,,0.0
202201151830,,0.0
202201151835,,0.0
202201151840,,0.0
202201151845,,0.0
202201151850,,0.0
202201151855,,0.0
202201151900,9.0,0.4
202201151915,76.0,0.4
202201151920,,0.0
202201151925,,0.0
202201151930,,0.0
202201151935,,0.0
202201151945,,0.0
202201151950,,0.0
202201151955,,0.0
202201152000,,0.0
202201152010,,0.0
202201152015,,0.0
202201152020,1.0,0.4
202201152025,58.0,0.4
202201152030,334.0,0.9
202201152035,5.0,0.9
202201152040,87.0,0.4
202201152045,9.0,0.4
202201152050,,0.0
202201152055,,0.0
202201152100,,0.0
202201152110,,0.0
202201152115,,0.0
202201152120,,0.0
202201152125,,0.0
202201152130,,0.0
202201152135,,0.0
202201152140,,0.0
202201152145,,0.0
202201152150,,0.0
202201152155,,0.0
202201152200,,0.0
202201152210,,0.0
202201152215,,0.0
202201152220,61.0,0.4
202201152225,66.0,0.4
202201152230,37.0,0.4
202201152235,64.0,0.4
202201152240,,0.0
202201152245,,0.0
202201152250,,0.0
202201152255,,0.0
202201152300,58.0,0.4
202201152310,,0.0
202201152315,,0.0
202201152320,,0.0
202201152325,,0.0
202201152330,41.0,0.4
202201152335,75.0,0.4
202201152345,34.0,0.4
202201152350,88.0,0.4
202201152355,85.0,0.4
202201160000,,0.0
202201160010,23.0,0.9
202201160015,50.0,0.9
202201160020,16.0,0.4
202201160025,,0.0
202201160030,57.0,0.9
202201160035,84.0,0.9
202201160040,75.0,0.4
202201160045,63.0,0.4
202201160050,44.0,0.4
202201160055,64.0,0.4
202201160100,,0.0
202201160110,98.0,0.9
202201160115,81.0,0.9
202201160120,43.0,0.4
202201160125,65.0,0.4
202201160130,47.0,0.4
202201160135,50.0,0.4
202201160140,47.0,0.9
202201160145,43.0,0.9
202201160150,79.0,0.4
202201160155,91.0,0.4
202201160200,144.0,0.9
202201160210,76.0,0.9
202201160220,71.0,0.9
202201160225,63.0,0.9
202201160230,26.0,0.4
202201160235,,0.0
202201160240,96.0,0.4
202201160245,80.0,0.4
202201160255,,0.0
202201160300,,0.0
202201160310,,0.0
202201160315,,0.0
202201160320,,0.0
202201160325,,0.0
202201160335,87.0,0.4
202201160340,37.0,0.4
202201160345,,0.0
202201160350,,0.0
202201160355,,0.0
202201160400,,0.0
202201160410,150.0,0.4
202201160415,74.0,0.4
202201160420,29.0,0.4
202201160425,73.0,0.4
202201160430,,0.0
202201160435,,0.0
202201160440,,0.0
202201160450,,0.0
202201160455,,0.0
202201160500,,0.0
202201160510,,0.0
202201160515,,0.0
202201160520,,0.0
202201160525,,0.0
202201160530,6.0,0.4
202201160535,8.0,0.4
202201160540,347.0,0.9
202201160550,22.0,0.9
202201160555,57.0,0.9
202201160600,102.0,0.9
202201160610,345.0,0.4
202201160615,,0.0
202201160620,,0.0
202201160625,,0.0
202201160630,79.0,0.9
202201160635,61.0,0.9
202201160645,42.0,0.9
202201160650,63.0,0.9
202201160655,27.0,0.9
202201160700,48.0,0.9
202201160710,45.0,0.9
202201160715,78.0,0.9
202201160720,52.0,0.9
202201160725,64.0,0.9
202201160730,76.0,0.9
202201160735,71.0,0.9
202201160740,55.0,0.9
202201160745,20.0,0.9
202201160750,70.0,0.9
202201160755,77.0,0.9
202201160800,75.0,0.9
202201160810,22.0,0.9
202201160815,45.0,0.9
202201160820,21.0,0.9
202201160825,26.0,0.9
202201160830,53.0,0.9
202201160835,72.0,0.9
202201160840,79.0,0.9
202201160845,54.0,0.9
202201160850,70.0,0.9
202201160855,29.0,0.9
202201160900,49.0,1.3
202201160910,55.0,1.8
202201160915,355.0,2.2
202201160920,8.0,1.3
202201160925,10.0,1.3
202201160930,37.0,1.3
202201160935,101.0,1.3
202201160940,95.0,0.9
202201160945,66.0,0.9
202201160950,67.0,1.8
202201160955,59.0,2.2
202201161000,45.0,1.3
202201161010,61.0,1.3
202201161015,90.0,1.3
202201161020,88.0,1.3
202201161025,339.0,1.3
202201161030,72.0,1.3
202201161035,63.0,0.9
202201161040,90.0,1.3
202201161045,83.0,1.3
202201161050,94.0,1.8
202201161100,51.0,1.3
202201161115,66.0,2.2
202201161120,47.0,2.2
202201161125,71.0,2.2
202201161130,24.0,1.3
202201161135,57.0,1.3
202201161140,65.0,1.3
202201161145,67.0,1.3
202201161150,42.0,1.3
202201161155,88.0,0.9
202201161200,68.0,0.9
202201161210,68.0,0.9
202201161215,100.0,0.9
202201161220,44.0,0.4
202201161225,,0.0
202201161230,74.0,0.9
202201161235,39.0,0.9
202201161245,17.0,0.9
202201161250,52.0,0.9
202201161255,36.0,0.9
202201161300,41.0,0.9
202201161310,57.0,0.9
202201161315,45.0,0.9
202201161320,34.0,0.9
202201161330,51.0,0.4
202201161335,49.0,0.4
202201161345,70.0,0.9
202201161350,83.0,0.9
202201161355,65.0,0.9
202201161400,78.0,1.3
202201161410,58.0,1.3
202201161415,72.0,1.3
202201161420,53.0,1.8
202201161425,42.0,2.2
202201161430,93.0,1.3
202201161435,99.0,1.3
202201161440,94.0,1.8
202201161445,16.0,2.2
202201161450,81.0,1.3
202201161455,57.0,1.3
202201161500,6.0,1.8
202201161510,65.0,1.3
202201161515,31.0,1.3
202201161520,71.0,1.3
202201161525,58.0,1.3
202201161530,74.0,1.3
202201161535,121.0,1.3
202201161540,113.0,1.3
202201161545,89.0,1.3
202201161550,47.0,1.8
202201161555,103.0,2.2
202201161600,96.0,2.2
202201161615,134.0,2.2
202201161620,152.0,2.2
202201161625,87.0,2.2
202201161630,124.0,1.3
202201161635,85.0,1.3
202201161640,112.0,1.3
202201161645,114.0,0.9
202201161650,90.0,0.9
202201161655,109.0,0.9
202201161700,83.0,0.9
202201161710,131.0,0.9
202201161715,206.0,0.9
202201161720,87.0,1.3
202201161730,42.0,0.4
202201161735,,0.0
202201161740,355.0,0.9
202201161745,22.0,0.9
202201161750,24.0,0.9
202201161755,64.0,0.9
202201161800,29.0,0.9
202201161810,86.0,0.4
202201161815,92.0,0.4
202201161820,300.0,0.4
202201161825,244.0,0.4
202201161830,350.0,0.9
202201161835,109.0,0.9
202201161840,27.0,0.4
202201161845,119.0,0.4
202201161850,38.0,0.4
202201161855,313.0,0.4
202201161900,75.0,0.4
202201161910,93.0,0.4
202201161915,41.0,0.4
202201161920,75.0,0.9
202201161925,20.0,0.9
202201161930,24.0,0.4
202201161935,2.0,0.4
202201161940,,0.0
202201161945,,0.0
202201161950,195.0,0.4
202201161955,30.0,0.4
202201162000,,0.0
202201162010,337.0,0.9
202201162015,304.0,0.9
202201162020,293.0,0.9
202201162025,298.0,0.9
202201162030,308.0,0.9
202201162035,108.0,0.4
202201162040,277.0,0.4
202201162045,208.0,0.4
202201162050,183.0,0.4
202201162055,194.0,0.4
202201162100,257.0,0.4
202201162110,203.0,0.9
202201162115,204.0,0.9
202201162125,235.0,1.3
202201162130,208.0,2.2
202201162135,223.0,2.2
202201162140,221.0,3.1
202201162145,225.0,3.6
202201162150,226.0,3.1
202201162155,229.0,3.1
202201162200,235.0,2.7
202201162210,219.0,2.7
202201162215,235.0,2.7
202201162220,245.0,2.2
202201162225,244.0,2.2
202201162230,236.0,2.2
202201162235,261.0,2.2
202201162240,237.0,2.7
202201162245,218.0,3.1
202201162250,297.0,2.7
202201162255,302.0,2.7
202201162310,234.0,2.7
202201162315,260.0,2.7
202201162320,215.0,3.1
202201162325,210.0,3.1
202201162330,234.0,2.2
202201162335,261.0,2.2
202201162340,215.0,2.7
202201162345,288.0,2.7
202201162350,226.0,2.7
202201162355,264.0,2.7
202201170000,262.0,2.7
202201170010,269.0,2.7
202201170015,221.0,2.7
202201170020,238.0,2.2
202201170025,226.0,2.2
202201170030,222.0,2.2
202201170035,216.0,2.2
202201170040,249.0,2.2
202201170045,218.0,2.2
202201170050,225.0,2.2
202201170055,241.0,2.2
202201170100,219.0,1.3
202201170110,202.0,1.3
202201170115,207.0,1.3
202201170120,216.0,1.8
202201170125,200.0,2.2
202201170130,231.0,2.2
202201170135,231.0,2.7
202201170145,229.0,2.7
202201170150,220.0,2.7
202201170155,224.0,2.7
202201170200,230.0,2.7
202201170210,223.0,2.2
202201170215,235.0,2.2
202201170220,222.0,2.7
202201170225,255.0,3.1
202201170230,231.0,2.2
202201170235,243.0,2.2
202201170240,232.0,2.2
202201170245,233.0,2.2
202201170250,233.0,2.2
202201170255,238.0,2.7
202201170300,231.0,2.2
202201170310,218.0,2.2
202201170315,244.0,2.2
202201170320,264.0,2.2
202201170325,232.0,2.2
202201170330,225.0,2.2
202201170335,225.0,2.2
202201170340,209.0,2.2
202201170345,242.0,2.2
202201170350,249.0,2.2
202201170355,247.0,2.2
202201170400,218.0,2.2
202201170415,237.0,2.2
202201170420,264.0,2.2
202201170425,226.0,2.2
202201170430,214.0,2.2
202201170435,222.0,2.2
202201170440,245.0,2.7
202201170450,233.0,2.7
202201170455,259.0,2.7
202201170500,268.0,2.2
202201170510,234.0,2.7
202201170515,229.0,2.7
202201170520,246.0,2.2
202201170525,232.0,2.2
202201170530,291.0,2.2
202201170535,224.0,2.2
202201170540,311.0,2.7
202201170545,231.0,2.7
202201170550,225.0,2.2
202201170555,260.0,2.2
202201170600,236.0,2.2
202201170610,251.0,2.2
202201170615,278.0,2.7
202201170620,288.0,2.7
202201170625,284.0,3.1
202201170630,285.0,2.7
202201170635,286.0,2.7
202201170640,280.0,2.7
202201170645,263.0,2.7
202201170650,268.0,2.7
202201170655,311.0,2.7
202201170700,294.0,2.7
202201170710,271.0,2.7
202201170715,281.0,2.7
202201170720,296.0,3.1
202201170725,252.0,3.6
202201170730,303.0,3.1
202201170735,268.0,3.1
202201170745,241.0,3.1
202201170750,257.0,2.7
202201170800,279.0,2.7
202201170810,260.0,2.7
202201170815,292.0,2.7
202201170820,265.0,2.7
202201170825,314.0,2.7
202201170830,274.0,2.7
202201170835,281.0,2.7
202201170840,246.0,2.7
202201170845,275.0,3.1
202201170850,256.0,3.1
202201170855,271.0,3.1
202201170900,301.0,2.2
202201170910,279.0,2.7
202201170915,295.0,2.7
202201170920,292.0,2.7
202201170925,285.0,2.7
202201170930,322.0,2.7
202201170935,303.0,2.7
202201170940,236.0,2.7
202201170945,299.0,2.7
202201170950,262.0,3.1
202201170955,326.0,3.1
202201171000,270.0,2.7
202201171010,230.0,2.7
202201171015,307.0,2.7
202201171020,281.0,2.2
202201171025,298.0,2.2
202201171030,269.0,2.2
202201171035,225.0,2.2
202201171045,318.0,2.2
202201171050,284.0,2.2
202201171055,306.0,2.7
202201171100,267.0,2.2
202201171110,280.0,2.7
202201171115,327.0,2.7
202201171120,299.0,2.2
202201171130,279.0,2.2
202201171135,303.0,2.7
202201171140,293.0,2.2
202201171145,291.0,2.2
202201171150,226.0,2.2
202201171200,270.0,2.7
202201171210,298.0,2.7
202201171215,281.0,2.7
202201171220,248.0,2.2
202201171225,225.0,2.2
202201171230,290.0,2.2
202201171235,227.0,2.2
202201171240,224.0,2.2
202201171245,237.0,2.2
202201171250,263.0,2.2
202201171255,231.0,2.2
202201171300,260.0,2.2
202201171315,264.0,2.2
202201171320,228.0,2.2
202201171330,299.0,2.7
202201171335,218.0,2.7
202201171340,203.0,3.1
202201171345,306.0,3.1
202201171350,232.0,2.2
202201171355,296.0,2.2
202201171400,303.0,2.7
202201171410,287.0,2.7
202201171420,272.0,2.7
202201171425,302.0,2.7
202201171430,291.0,3.1
202201171435,322.0,3.1
202201171440,297.0,3.1
202201171445,298.0,3.1
202201171450,334.0,3.1
202201171455,284.0,3.1
202201171500,325.0,3.1
202201171510,302.0,3.1
202201171515,285.0,3.1
202201171520,312.0,3.6
202201171525,289.0,3.6
202201171530,237.0,3.6
202201171535,317.0,3.6
202201171540,287.0,2.7
202201171545,327.0,2.7
202201171550,253.0,2.7
202201171555,325.0,2.7
202201171600,291.0,3.1
202201171610,321.0,3.1
202201171615,298.0,3.1
202201171620,315.0,3.1
202201171625,305.0,3.1
202201171630,279.0,3.1
202201171635,295.0,3.1
202201171640,282.0,3.1
202201171645,338.0,3.1
202201171650,320.0,3.1
202201171655,297.0,3.1
202201171700,281.0,3.6
202201171710,306.0,3.6
202201171715,316.0,3.6
202201171720,280.0,3.1
202201171725,320.0,3.1
202201171730,271.0,3.1
202201171735,291.0,3.1
202201171745,294.0,3.6
202201171750,308.0,3.1
202201171755,275.0,3.1
202201171800,261.0,2.2
202201171810,300.0,2.7
202201171815,332.0,3.1
202201171820,325.0,4.0
202201171825,246.0,4.0
202201171830,295.0,3.6
202201171835,281.0,3.6
202201171840,334.0,3.1
202201171845,286.0,3.1
202201171850,263.0,3.1
202201171855,321.0,3.1
202201171900,268.0,3.1
202201171910,324.0,2.7
202201171915,330.0,2.7
202201171920,315.0,2.7
202201171925,282.0,2.7
202201171930,301.0,2.7
202201171945,318.0,3.1
202201171950,316.0,3.6
202201171955,271.0,3.6
202201172000,280.0,2.7
202201172010,276.0,2.7
202201172015,308.0,3.1
202201172020,322.0,3.1
202201172025,284.0,3.6
202201172030,284.0,3.1
202201172035,265.0,3.1
202201172040,321.0,2.7
202201172050,276.0,2.7
202201172055,306.0,2.7
202201172100,330.0,3.1
202201172110,285.0,3.1
202201172115,304.0,3.6
202201172120,303.0,3.1
202201172125,317.0,3.1
202201172130,312.0,2.2
202201172135,279.0,2.2
202201172140,272.0,2.7
202201172145,311.0,3.1
202201172150,290.0,2.7
202201172155,277.0,2.7
202201172200,305.0,2.7
202201172210,280.0,2.7
202201172215,326.0,2.7
202201172220,323.0,2.7
202201172225,315.0,3.1
202201172230,325.0,3.1
202201172235,309.0,3.1
202201172240,275.0,2.2
202201172245,273.0,2.2
202201172250,324.0,2.2
202201172255,343.0,2.2
202201172300,319.0,2.7
202201172310,307.0,2.2
202201172315,288.0,2.2
202201172320,292.0,2.2
202201172325,259.0,2.2
202201172330,312.0,2.2
202201172335,296.0,2.2
202201172340,288.0,2.2
202201172345,312.0,2.2
202201172350,299.0,2.2
202201172355,251.0,2.2
202201180000,304.0,2.2
202201180010,311.0,2.2
202201180015,284.0,2.2
202201180020,291.0,2.7
202201180025,281.0,2.7
202201180030,311.0,2.2
202201180035,312.0,2.2
202201180040,305.0,2.2
202201180045,278.0,2.2
202201180050,304.0,2.2
202201180055,276.0,2.2
202201180110,311.0,2.2
202201180115,297.0,2.7
202201180120,309.0,2.2
202201180125,313.0,2.2
202201180135,317.0,2.2
202201180140,291.0,2.2
202201180145,329.0,2.2
202201180150,275.0,2.2
202201180155,301.0,2.2
202201180200,286.0,1.3
202201180210,272.0,1.3
202201180215,316.0,0.9
202201180220,282.0,1.3
202201180225,244.0,1.3
202201180230,302.0,1.3
202201180235,287.0,0.9
202201180240,306.0,0.9
202201180245,279.0,0.9
202201180250,296.0,0.9
202201180300,336.0,1.3
202201180310,289.0,1.3
202201180320,349.0,1.8
202201180325,315.0,2.2
202201180330,297.0,2.2
202201180335,270.0,2.2
202201180340,323.0,1.3
202201180345,333.0,1.3
202201180350,325.0,1.8
202201180355,320.0,2.2
202201180400,274.0,2.2
202201180410,290.0,1.3
202201180415,245.0,1.3
202201180420,295.0,1.3
202201180425,315.0,1.3
202201180430,277.0,1.3
202201180435,257.0,1.3
202201180440,291.0,0.9
202201180445,328.0,0.9
202201180450,341.0,1.3
202201180455,342.0,1.3
202201180500,306.0,1.3
202201180510,295.0,1.3
202201180515,305.0,1.3
202201180520,315.0,1.3
202201180525,276.0,1.3
202201180530,291.0,1.3
202201180535,283.0,0.9
202201180540,311.0,0.9
202201180545,316.0,0.9
202201180550,307.0,1.3
202201180555,302.0,1.3
202201180600,307.0,1.3
202201180610,300.0,1.3
202201180615,298.0,1.3
202201180620,295.0,1.3
202201180625,300.0,0.9
202201180630,328.0,0.9
202201180635,317.0,0.9
202201180640,315.0,0.9
202201180645,301.0,0.9
202201180650,279.0,0.9
202201180655,341.0,0.9
202201180700,299.0,1.3
202201180710,278.0,0.9
202201180715,309.0,0.9
202201180720,297.0,0.9
202201180725,338.0,0.9
202201180730,289.0,0.9
202201180735,297.0,0.9
202201180740,329.0,0.4
202201180745,,0.0
202201180750,331.0,0.4
202201180755,320.0,0.4
202201180800,304.0,0.9
202201180810,290.0,0.4
202201180815,234.0,0.4
202201180820,114.0,0.4
202201180825,,0.0
202201180830,,0.0
202201180835,,0.0
202201180840,,0.0
202201180845,,0.0
202201180850,,0.0
202201180855,,0.0
202201180900,,0.0
202201180915,,0.0
202201180920,,0.0
202201180925,,0.0
202201180930,,0.0
202201180940,,0.0
202201180945,,0.0
202201180950,,0.0
202201180955,,0.0
202201181000,280.0,0.4
202201181010,292.0,0.4
202201181015,,0.0
202201181020,,0.0
202201181025,,0.0
202201181030,,0.0
202201181035,,0.0
202201181040,,0.0
202201181045,,0.0
202201181050,289.0,0.4
202201181055,273.0,0.4
202201181100,300.0,0.9
202201181110,304.0,0.9
202201181115,286.0,0.9
202201181120,300.0,0.9
202201181125,304.0,0.9
202201181130,298.0,0.9
202201181135,261.0,0.9
202201181140,283.0,0.4
202201181145,280.0,0.4
202201181150,330.0,0.4
202201181155,307.0,0.4
202201181200,,0.0
202201181210,289.0,0.4
202201181215,307.0,0.4
202201181220,292.0,0.9
202201181225,295.0,0.9
202201181230,300.0,0.4
202201181235,,0.0
202201181240,294.0,0.4
202201181245,292.0,0.4
202201181250,287.0,0.9
202201181255,276.0,0.9
202201181300,237.0,0.9
202201181310,311.0,0.4
202201181315,,0.0
202201181320,,0.0
202201181325,,0.0
202201181330,304.0,0.9
202201181335,297.0,0.9
202201181340,278.0,0.9
202201181345,275.0,0.9
202201181350,288.0,0.9
202201181355,339.0,0.9
202201181400,287.0,0.9
202201181410,339.0,1.3
202201181415,322.0,1.3
202201181420,320.0,1.8
202201181425,316.0,2.2
202201181430,333.0,2.2
202201181435,334.0,2.2
202201181440,297.0,2.2
202201181445,322.0,2.2
202201181450,312.0,1.3
202201181455,331.0,1.3
202201181500,328.0,2.2
202201181510,331.0,2.7
202201181515,319.0,2.7
202201181520,331.0,3.1
202201181525,325.0,3.1
202201181530,320.0,2.7
202201181535,9.0,2.7
202201181540,354.0,2.2
202201181545,337.0,2.2
202201181550,305.0,2.2
202201181555,10.0,2.2
202201181600,342.0,2.2
202201181610,5.0,2.2
202201181615,14.0,2.2
202201181620,358.0,2.2
202201181625,320.0,2.2
202201181630,10.0,0.9
202201181635,329.0,0.9
202201181640,32.0,0.9
202201181650,319.0,0.9
202201181655,118.0,0.9
202201181700,354.0,0.9
202201181710,279.0,0.9
202201181715,246.0,0.9
202201181720,219.0,1.3
202201181725,313.0,1.3
202201181730,271.0,0.9
202201181735,224.0,0.9
202201181740,211.0,0.9
202201181745,356.0,0.9
202201181750,286.0,0.9
202201181755,186.0,0.9
202201181800,238.0,0.9
202201181810,328.0,0.9
202201181815,233.0,0.9
202201181820,163.0,0.9
202201181825,216.0,0.9
202201181830,322.0,0.9
202201181835,333.0,0.4
202201181840,194.0,0.9
202201181845,347.0,0.9
202201181850,352.0,0.9
202201181855,307.0,0.9
202201181900,347.0,0.9
202201181910,306.0,0.9
202201181915,347.0,0.9
202201181920,9.0,0.9
202201181925,151.0,0.9
202201181930,349.0,0.9
202201181935,12.0,0.9
202201181940,36.0,0.4
202201181945,,0.0
202201181950,,0.0
202201181955,,0.0
202201182000,349.0,0.4
202201182010,285.0,0.4
202201182015,,0.0
202201182020,,0.0
202201182025,,0.0
202201182030,66.0,0.4
202201182035,108.0,0.4
202201182040,3.0,0.4
202201182045,,0.0
202201182050,,0.0
202201182055,,0.0
202201182100,,0.0
202201182110,,0.0
202201182115,,0.0
202201182120,356.0,0.9
202201182130,330.0,0.4
202201182135,,0.0
202201182140,,0.0
202201182145,,0.0
202201182150,,0.0
202201182155,,0.0
202201182200,,0.0
202201182210,,0.0
202201182215,,0.0
202201182220,,0.0
202201182225,,0.0
202201182235,,0.0
202201182245,,0.0
202201182255,,0.0
202201182300,,0.0
202201182310,,0.0
202201182315,,0.0
202201182320,,0.0
202201182325,,0.0
202201182330,,0.0
202201182335,,0.0
202201182345,,0.0
202201182350,,0.0
202201182355,,0.0
202201190000,,0.0
202201190010,,0.0
202201190015,,0.0
202201190020,,0.0
202201190025,,0.0
202201190030,,0.0
202201190035,,0.0
202201190040,,0.0
202201190045,,0.0
202201190050,,0.0
202201190055,,0.0
202201190100,,0.0
202201190110,,0.0
202201190115,,0.0
202201190120,,0.0
202201190125,,0.0
202201190130,,0.0
202201190135,,0.0
202201190140,,0.0
202201190150,,0.0
202201190155,,0.0
202201190200,,0.0
202201190210,,0.0
202201190215,,0.0
202201190220,,0.0
202201190225,,0.0
202201190230,,0.0
202201190235,,0.0
202201190240,,0.0
202201190245,,0.0
202201190250,,0.0
202201190255,,0.0
202201190300,,0.0
202201190310,,0.0
202201190315,,0.0
202201190325,,0.0
202201190330,,0.0
202201190335,,0.0
202201190340,,0.0
202201190345,,0.0
202201190350,,0.0
202201190355,,0.0
202201190400,,0.0
202201190410,,0.0
202201190415,,0.0
202201190420,,0.0
202201190425,,0.0
202201190430,,0.0
202201190435,,0.0
202201190440,,0.0
202201190445,,0.0
202201190450,,0.0
202201190455,,0.0
202201190500,,0.0
202201190510,,0.0
202201190515,,0.0
202201190520,,0.0
202201190525,,0.0
202201190530,,0.0
202201190535,,0.0
202201190540,,0.0
202201190545,,0.0
202201190550,,0.0
202201190555,,0.0
202201190600,,0.0
202201190610,,0.0
202201190620,,0.0
202201190625,,0.0
202201190630,,0.0
202201190635,,0.0
202201190640,,0.0
202201190645,,0.0
202201190650,,0.0
202201190655,,0.0
202201190700,,0.0
202201190710,,0.0
202201190715,,0.0
202201190720,,0.0
202201190725,,0.0
202201190730,,0.0
202201190735,,0.0
202201190740,,0.0
202201190745,,0.0
202201190750,,0.0
202201190755,,0.0
202201190800,,0.0
202201190810,,0.0
202201190820,,0.0
202201190825,,0.0
202201190830,,0.0
202201190840,,0.0
202201190845,,0.0
202201190850,,0.0
202201190910,,0.0
202201190915,,0.0
202201190920,,0.0
202201190925,,0.0
202201190930,,0.0
202201190935,,0.0
202201190940,,0.0
202201190945,,0.0
202201190950,,0.0
202201190955,,0.0
202201191000,,0.0
202201191010,,0.0
202201191015,,0.0
202201191020,,0.0
202201191025,,0.0
202201191030,,0.0
202201191035,,0.0
202201191040,,0.0
202201191045,,0.0
202201191050,,0.0
202201191055,,0.0
202201191100,,0.0
202201191110,,0.0
202201191115,,0.0
202201191120,,0.0
202201191125,,0.0
202201191130,,0.0
202201191135,,0.0
202201191140,,0.0
202201191145,,0.0
202201191150,,0.0
202201191155,,0.0
202201191200,,0.0
202201191210,,0.0
202201191215,,0.0
202201191220,,0.0
202201191225,,0.0
202201191230,,0.0
202201191235,,0.0
202201191240,,0.0
202201191245,,0.0
202201191250,,0.0
202201191255,,0.0
202201191300,,0.0
202201191310,,0.0
202201191315,,0.0
202201191320,,0.0
202201191325,,0.0
202201191330,,0.0
202201191335,,0.0
202201191340,,0.0
202201191345,,0.0
202201191350,,0.0
202201191355,,0.0
202201191400,,0.0
202201191410,,0.0
202201191420,,0.0
202201191425,,0.0
202201191435,,0.0
202201191440,,0.0
202201191445,,0.0
202201191450,,0.0
202201191455,,0.0
202201191500,,0.0
202201191510,,0.0
202201191515,,0.0
202201191520,253.0,0.9
202201191525,219.0,0.9
202201191530,241.0,0.9
202201191535,220.0,0.9
202201191540,248.0,0.9
202201191545,217.0,0.9
202201191550,243.0,0.9
202201191555,180.0,0.4
202201191600,167.0,0.4
202201191615,264.0,0.9
202201191620,207.0,0.4
202201191625,188.0,0.4
202201191630,243.0,0.9
202201191635,241.0,0.9
202201191640,262.0,1.8
202201191645,266.0,2.2
202201191650,270.0,1.3
202201191655,184.0,0.9
202201191700,163.0,0.9
202201191710,161.0,1.3
202201191720,219.0,1.3
202201191725,129.0,0.9
202201191730,194.0,1.3
202201191735,203.0,1.3
202201191740,211.0,1.3
202201191745,179.0,1.3
202201191750,197.0,0.9
202201191755,154.0,0.9
202201191800,222.0,0.9
202201191810,179.0,0.9
202201191815,218.0,0.9
202201191820,117.0,0.9
202201191825,171.0,0.9
202201191830,195.0,0.9
202201191835,186.0,0.9
202201191840,213.0,0.9
202201191845,205.0,0.9
202201191850,181.0,1.3
202201191855,197.0,1.3
202201191900,223.0,0.9
202201191910,200.0,1.3
202201191915,220.0,1.3
202201191920,240.0,1.3
202201191925,163.0,1.3
202201191930,194.0,1.3
202201191935,147.0,1.3
202201191940,226.0,1.3
202201191945,169.0,1.3
202201191950,188.0,1.3
202201191955,215.0,0.9
202201192000,206.0,1.8
202201192010,220.0,1.3
202201192015,216.0,0.9
202201192020,201.0,0.9
202201192025,238.0,0.9
202201192030,148.0,0.9
202201192035,193.0,0.9
202201192040,145.0,1.3
202201192045,176.0,1.3
202201192055,177.0,1.3
202201192100,195.0,1.3
202201192110,175.0,1.8
202201192115,209.0,2.2
202201192120,211.0,2.2
202201192125,223.0,2.2
202201192130,189.0,1.3
202201192135,179.0,0.9
202201192140,206.0,0.9
202201192145,199.0,0.9
202201192150,184.0,0.9
202201192155,239.0,0.4
202201192200,224.0,0.4
202201192210,,0.0
202201192215,,0.0
202201192220,,0.0
202201192225,,0.0
202201192230,,0.0
202201192235,,0.0
202201192240,,0.0
202201192245,,0.0
202201192250,,0.0
202201192300,,0.0
202201192310,,0.0
202201192315,,0.0
202201192320,,0.0
202201192325,,0.0
202201192330,,0.0
202201192335,,0.0
202201192340,,0.0
202201192345,,0.0
202201192350,,0.0
202201192355,,0.0
202201200000,,0.0
202201200010,,0.0
202201200015,,0.0
202201200020,,0.0
202201200025,,0.0
202201200030,,0.0
202201200035,,0.0
202201200040,,0.0
202201200045,,0.0
202201200050,,0.0
202201200055,,0.0
202201200100,,0.0
202201200110,,0.0
202201200115,,0.0
202201200120,,0.0
202201200125,,0.0
202201200130,,0.0
202201200135,,0.0
202201200145,,0.0
202201200150,,0.0
202201200155,,0.0
202201200200,,0.0
202201200210,,0.0
202201200215,,0.0
202201200220,,0.0
202201200225,,0.0
202201200230,,0.0
202201200235,,0.0
202201200240,,0.0
202201200245,,0.0
202201200250,,0.0
202201200255,,0.0
202201200300,,0.0
202201200310,160.0,0.4
202201200315,203.0,0.4
202201200320,211.0,0.4
202201200325,197.0,0.4
202201200330,215.0,0.4
202201200335,178.0,0.4
202201200340,182.0,0.4
202201200345,136.0,0.4
202201200350,165.0,0.4
202201200355,,0.0
202201200400,,0.0
202201200410,,0.0
202201200415,,0.0
202201200420,,0.0
202201200425,,0.0
202201200430,,0.0
202201200435,,0.0
202201200440,,0.0
202201200445,,0.0
202201200450,168.0,0.4
202201200510,169.0,0.9
202201200515,169.0,0.9
202201200520,205.0,0.9
202201200530,194.0,0.9
202201200535,193.0,0.9
202201200540,169.0,0.4
202201200545,182.0,0.4
202201200550,187.0,0.4
202201200555,,0.0
202201200600,177.0,0.4
202201200610,182.0,0.9
202201200615,161.0,0.9
202201200620,202.0,0.9
202201200625,186.0,0.9
202201200630,198.0,0.9
202201200635,178.0,0.9
202201200640,207.0,0.9
202201200645,211.0,0.9
202201200650,192.0,0.9
202201200655,202.0,0.9
202201200700,195.0,0.9
202201200710,177.0,0.9
202201200715,185.0,0.9
202201200720,155.0,0.4
202201200725,176.0,0.4
202201200730,143.0,0.9
202201200735,173.0,0.9
202201200740,188.0,0.9
202201200745,203.0,0.9
202201200750,161.0,0.9
202201200755,162.0,0.9
202201200800,136.0,0.4
202201200810,175.0,0.9
202201200815,166.0,0.9
202201200820,185.0,0.9
202201200825,169.0,0.9
202201200830,174.0,0.9
202201200835,134.0,0.9
202201200840,214.0,0.9
202201200845,199.0,0.9
202201200850,187.0,0.9
202201200855,194.0,0.9
202201200900,211.0,0.9
202201200910,171.0,0.9
202201200915,218.0,0.9
202201200920,205.0,0.9
202201200925,205.0,0.9
202201200930,147.0,0.9
202201200935,241.0,0.9
202201200940,193.0,0.4
202201200945,,0.0
202201200950,,0.0
202201200955,,0.0
202201201000,196.0,0.4
202201201010,212.0,0.4
202201201015,188.0,0.4
202201201020,206.0,0.4
202201201025,166.0,0.4
202201201030,203.0,0.4
202201201035,,0.0
202201201040,216.0,0.4
202201201045,192.0,0.4
202201201050,242.0,0.4
202201201055,,0.0
202201201100,,0.0
202201201110,,0.0
202201201115,,0.0
202201201120,,0.0
202201201125,,0.0
202201201130,,0.0
202201201135,,0.0
202201201140,,0.0
202201201145,,0.0
202201201150,,0.0
202201201155,,0.0
202201201200,,0.0
202201201210,,0.0
202201201215,,0.0
202201201225,,0.0
202201201230,,0.0
202201201235,,0.0
202201201240,,0.0
202201201245,,0.0
202201201250,,0.0
202201201255,,0.0
202201201300,,0.0
202201201310,237.0,0.4
202201201315,221.0,0.4
202201201320,218.0,0.4
202201201325,202.0,0.4
202201201330,229.0,0.4
202201201335,,0.0
202201201340,,0.0
202201201345,,0.0
202201201350,,0.0
202201201355,,0.0
202201201400,,0.0
202201201410,,0.0
202201201415,,0.0
202201201420,228.0,0.9
202201201425,249.0,0.9
202201201430,243.0,0.4
202201201435,,0.0
202201201440,217.0,0.4
202201201445,224.0,0.4
202201201450,223.0,0.4
202201201455,161.0,0.4
202201201500,133.0,0.4
202201201510,,0.0
202201201515,,0.0
202201201520,,0.0
202201201525,,0.0
202201201530,,0.0
202201201535,,0.0
202201201540,,0.0
202201201545,,0.0
202201201550,,0.0
202201201555,,0.0
202201201600,,0.0
202201201610,,0.0
202201201615,,0.0
202201201620,,0.0
202201201625,,0.0
202201201630,,0.0
202201201635,,0.0
202201201640,,0.0
202201201645,,0.0
202201201650,,0.0
202201201655,,0.0
202201201700,,0.0
202201201710,,0.0
202201201715,,0.0
202201201720,,0.0
202201201725,,0.0
202201201730,,0.0
202201201735,,0.0
202201201740,,0.0
202201201745,,0.0
202201201750,,0.0
202201201755,,0.0
202201201810,,0.0
202201201815,,0.0
202201201820,,0.0
202201201825,,0.0
202201201830,,0.0
202201201835,,0.0
202201201840,,0.0
202201201845,,0.0
202201201850,,0.0
202201201855,,0.0
202201201900,,0.0
202201201910,,0.0
202201201915,,0.0
202201201920,,0.0
202201201925,,0.0
202201201930,,0.0
202201201935,,0.0
202201201940,,0.0
202201201945,,0.0
202201201950,,0.0
202201201955,,0.0
202201202000,,0.0
202201202010,,0.0
202201202015,,0.0
202201202020,,0.0
202201202025,,0.0
202201202030,,0.0
202201202035,,0.0
202201202040,,0.0
202201202045,,0.0
202201202050,,0.0
202201202055,,0.0
202201202100,,0.0
202201202110,,0.0
202201202115,,0.0
202201202120,,0.0
202201202125,,0.0
202201202130,,0.0
202201202135,,0.0
202201202140,,0.0
202201202145,,0.0
202201202150,,0.0
202201202155,,0.0
202201202200,,0.0
202201202210,,0.0
202201202215,,0.0
202201202220,,0.0
202201202225,,0.0
202201202230,,0.0
202201202235,,0.0
202201202240,,0.0
202201202245,,0.0
202201202250,,0.0
202201202255,,0.0
202201202300,,0.0
202201202310,,0.0
202201202315,,0.0
202201202320,,0.0
202201202325,,0.0
202201202330,,0.0
202201202335,,0.0
202201202340,,0.0
202201202345,,0.0
202201202350,,0.0
202201202355,,0.0
202201210000,,0.0
202201210010,,0.0
202201210015,,0.0
202201210020,,0.0
202201210025,,0.0
202201210030,,0.0
202201210035,,0.0
202201210040,,0.0
202201210045,,0.0
202201210050,,0.0
202201210055,,0.0
202201210100,11.0,0.9
202201210110,13.0,0.4
202201210115,,0.0
202201210120,,0.0
202201210125,,0.0
202201210130,,0.0
202201210135,,0.0
202201210140,,0.0
202201210145,,0.0
202201210150,,0.0
202201210155,,0.0
202201210200,349.0,0.4
202201210210,7.0,0.4
202201210215,,0.0
202201210220,344.0,0.9
202201210225,357.0,0.9
202201210230,5.0,0.9
202201210235,16.0,0.9
202201210240,4.0,0.9
202201210245,343.0,0.9
202201210250,349.0,1.3
202201210255,15.0,1.3
202201210300,12.0,1.3
202201210310,26.0,0.4
202201210315,,0.0
202201210320,0.0,0.9
202201210325,42.0,0.9
202201210330,10.0,0.9
202201210335,1.0,0.9
202201210340,14.0,0.9
202201210345,9.0,0.9
202201210350,13.0,0.9
202201210355,9.0,0.9
202201210400,7.0,1.8
202201210410,8.0,2.2
202201210415,6.0,2.2
202201210420,7.0,1.3
202201210425,19.0,0.9
202201210430,346.0,0.9
202201210435,2.0,0.9
202201210440,58.0,0.9
202201210445,349.0,0.4
202201210450,10.0,0.9
202201210455,14.0,0.9
202201210500,5.0,1.3
202201210510,357.0,1.3
202201210515,353.0,0.9
202201210520,346.0,0.9
202201210525,12.0,0.9
202201210530,18.0,0.9
202201210535,9.0,0.9
202201210540,22.0,0.9
202201210545,358.0,0.9
202201210550,352.0,0.9
202201210555,5.0,0.9
202201210600,20.0,0.9
202201210610,26.0,0.9
202201210615,78.0,0.9
202201210620,47.0,0.4
202201210625,,0.0
202201210630,,0.0
202201210635,,0.0
202201210640,26.0,1.3
202201210645,29.0,1.3
202201210650,349.0,1.3
202201210655,346.0,1.3
202201210700,358.0,0.9
202201210710,11.0,0.9
202201210715,59.0,0.9
202201210720,39.0,0.9
202201210725,22.0,0.9
202201210730,26.0,0.9
202201210735,18.0,0.9
202201210740,20.0,1.3
202201210750,36.0,1.3
202201210755,37.0,1.3
202201210800,7.0,1.3
202201210810,9.0,0.9
202201210815,27.0,0.9
202201210820,6.0,0.9
202201210825,19.0,0.9
202201210830,44.0,0.9
202201210835,74.0,0.9
202201210840,25.0,0.4
202201210845,,0.0
202201210850,356.0,0.9
202201210855,337.0,0.9
202201210900,78.0,0.4
202201210910,331.0,0.9
202201210915,16.0,0.9
202201210920,21.0,0.9
202201210925,35.0,0.9
202201210930,354.0,0.9
202201210935,351.0,0.9
202201210940,357.0,0.9
202201210945,1.0,0.9
202201210950,16.0,0.9
202201210955,1.0,0.9
202201211000,341.0,0.9
202201211010,13.0,0.9
202201211015,345.0,0.9
202201211025,0.0,0.9
202201211030,2.0,0.9
202201211035,0.0,0.9
202201211040,298.0,0.9
202201211045,17.0,0.9
202201211050,7.0,0.9
202201211055,349.0,0.4
202201211100,347.0,0.4
202201211110,7.0,0.9
202201211115,19.0,0.9
202201211120,34.0,0.9
202201211125,0.0,0.9
202201211130,27.0,0.4
202201211135,28.0,0.4
202201211140,48.0,0.9
202201211145,74.0,0.9
202201211150,31.0,0.9
202201211155,37.0,0.9
202201211200,14.0,0.9
202201211210,41.0,1.3
202201211215,26.0,1.3
202201211220,85.0,1.3
202201211225,23.0,0.9
202201211230,27.0,0.9
202201211235,2.0,0.9
202201211240,24.0,0.9
202201211245,13.0,0.9
202201211250,70.0,0.9
202201211255,71.0,0.9
202201211300,72.0,0.9
202201211310,20.0,0.9
202201211315,332.0,0.9
202201211320,44.0,0.9
202201211325,42.0,0.9
202201211330,357.0,0.9
202201211335,46.0,0.9
202201211340,13.0,0.9
202201211345,32.0,0.9
202201211350,356.0,1.3
202201211355,326.0,1.3
202201211400,30.0,1.3
202201211410,327.0,1.3
202201211415,0.0,1.3
202201211420,15.0,0.9
202201211425,356.0,0.9
202201211430,6.0,1.3
202201211435,49.0,1.3
202201211440,332.0,1.3
202201211445,25.0,1.3
202201211450,352.0,0.9
202201211455,18.0,0.9
202201211510,350.0,1.3
202201211515,25.0,1.3
202201211525,17.0,1.3
202201211530,39.0,1.3
202201211535,37.0,1.3
202201211540,4.0,1.3
202201211545,21.0,1.3
202201211550,342.0,2.2
202201211555,8.0,2.2
202201211600,23.0,2.2
202201211610,358.0,1.3
202201211615,34.0,1.3
202201211620,13.0,0.9
202201211630,83.0,0.9
202201211635,353.0,0.9
202201211640,335.0,0.9
202201211645,355.0,0.9
202201211650,18.0,0.9
202201211655,357.0,0.9
202201211700,23.0,1.3
202201211710,24.0,1.3
202201211715,19.0,0.9
202201211720,49.0,0.9
202201211725,38.0,0.9
202201211730,28.0,0.9
202201211735,9.0,0.9
202201211740,3.0,1.3
202201211745,30.0,1.3
202201211750,350.0,2.2
202201211755,352.0,2.2
202201211800,56.0,1.3
202201211810,41.0,0.9
202201211815,71.0,0.9
202201211820,45.0,0.9
202201211825,92.0,0.9
202201211830,14.0,1.3
202201211835,21.0,1.3
202201211840,13.0,0.9
202201211845,5.0,0.9
202201211850,330.0,0.9
202201211855,350.0,0.9
202201211900,1.0,1.3
202201211910,15.0,1.8
202201211915,20.0,2.2
202201211920,13.0,1.3
202201211925,338.0,1.3
202201211930,343.0,1.3
202201211935,0.0,0.9
202201211945,29.0,2.2
202201211950,11.0,1.3
202201212000,16.0,1.8
202201212010,17.0,1.3
202201212015,352.0,0.9
202201212020,18.0,1.3
202201212025,21.0,1.3
202201212030,15.0,1.3
202201212035,33.0,0.9
202201212040,12.0,0.9
202201212045,21.0,0.9
202201212050,359.0,0.9
202201212055,26.0,0.9
202201212100,8.0,0.9
202201212110,8.0,0.9
202201212115,17.0,0.9
202201212125,9.0,0.9
202201212130,12.0,1.3
202201212135,15.0,1.3
202201212140,42.0,1.3
202201212145,58.0,1.3
202201212150,51.0,0.9
202201212155,42.0,0.9
202201212200,17.0,0.9
202201212210,359.0,0.9
202201212215,22.0,0.9
202201212220,21.0,1.3
202201212225,5.0,1.3
202201212230,20.0,0.9
202201212235,39.0,0.9
202201212240,4.0,0.9
202201212245,356.0,0.9
202201212250,353.0,0.9
202201212255,23.0,0.9
202201212300,51.0,0.9
202201212310,358.0,0.4
202201212315,,0.0
202201212320,6.0,0.4
202201212325,358.0,0.4
202201212330,32.0,0.9
202201212335,33.0,0.9
202201212340,67.0,0.4
202201212345,25.0,0.4
202201212350,12.0,0.4
202201212355,10.0,0.4
202201220000,348.0,0.9
202201220010,224.0,0.9
202201220015,356.0,0.9
202201220020,314.0,0.9
202201220025,3.0,0.9
202201220030,23.0,0.9
202201220035,45.0,0.9
202201220040,5.0,0.9
202201220045,16.0,0.9
202201220050,350.0,0.9
202201220055,0.0,0.9
202201220100,19.0,0.9
202201220110,6.0,0.9
202201220115,359.0,0.9
202201220120,3.0,0.9
202201220125,349.0,0.9
202201220130,7.0,1.3
202201220135,337.0,1.3
202201220140,8.0,1.8
202201220145,20.0,2.2
202201220150,7.0,1.3
202201220155,12.0,1.3
202201220200,351.0,1.3
202201220210,348.0,1.8
202201220215,0.0,2.2
202201220220,359.0,2.2
202201220225,359.0,2.2
202201220230,1.0,2.2
202201220235,9.0,2.2
202201220240,13.0,1.3
202201220245,358.0,0.9
202201220250,5.0,0.9
202201220255,21.0,0.9
202201220300,325.0,1.3
202201220310,356.0,0.9
202201220315,348.0,0.9
202201220320,26.0,1.3
202201220325,2.0,1.3
202201220330,44.0,1.3
202201220335,26.0,0.9
202201220340,18.0,0.9
202201220345,42.0,0.4
202201220350,330.0,0.4
202201220355,16.0,0.4
202201220400,30.0,0.9
202201220410,26.0,0.9
202201220415,356.0,0.9
202201220420,349.0,0.9
202201220425,42.0,0.9
202201220430,0.0,0.9
202201220435,27.0,0.9
202201220440,356.0,0.9
202201220445,2.0,0.4
202201220450,26.0,0.9
202201220455,355.0,0.9
202201220500,345.0,0.9
202201220510,353.0,0.9
202201220515,358.0,0.9
202201220520,338.0,0.9
202201220525,354.0,0.9
202201220530,351.0,0.9
202201220540,14.0,1.8
202201220545,353.0,2.2
202201220550,4.0,1.3
202201220555,343.0,1.3
202201220600,348.0,1.3
202201220610,358.0,1.3
202201220615,11.0,0.9
202201220620,356.0,1.3
202201220625,354.0,1.3
202201220630,5.0,1.3
202201220635,344.0,1.3
202201220640,341.0,1.3
202201220645,356.0,1.3
202201220650,28.0,1.8
202201220655,358.0,2.2
202201220700,4.0,1.3
202201220710,6.0,1.8
202201220720,10.0,1.3
202201220725,336.0,1.3
202201220730,19.0,1.3
202201220735,344.0,1.3
202201220740,7.0,1.3
202201220745,349.0,1.3
202201220750,6.0,1.8
202201220755,343.0,2.2
202201220800,9.0,2.2
202201220810,345.0,2.2
202201220825,17.0,2.2
202201220830,358.0,1.3
202201220840,8.0,1.3
202201220845,13.0,1.3
202201220850,338.0,1.3
202201220855,354.0,0.9
202201220900,13.0,1.8
202201220920,9.0,1.3
202201220925,12.0,1.3
202201220930,357.0,1.8
202201220935,336.0,2.2
202201220940,13.0,2.2
202201220945,30.0,2.2
202201220950,20.0,1.3
202201220955,348.0,1.3
202201221000,345.0,1.3
202201221010,331.0,1.3
202201221015,337.0,1.3
202201221020,354.0,1.3
202201221025,352.0,0.9
202201221030,3.0,1.3
202201221035,337.0,1.3
202201221040,10.0,1.3
202201221050,342.0,1.3
202201221055,329.0,1.3
202201221100,9.0,1.8
202201221110,348.0,1.3
202201221115,4.0,1.3
202201221120,342.0,1.8
202201221125,337.0,2.2
202201221130,10.0,1.3
202201221135,356.0,1.3
202201221140,23.0,1.3
202201221145,0.0,1.3
202201221150,18.0,1.3
202201221155,25.0,1.3
202201221200,24.0,1.3
202201221210,29.0,1.3
202201221215,15.0,1.3
202201221220,23.0,1.8
202201221225,6.0,2.2
202201221230,353.0,2.2
202201221240,355.0,2.2
202201221245,13.0,2.2
202201221250,38.0,1.3
202201221255,23.0,1.3
202201221300,353.0,0.9
202201221310,349.0,1.3
202201221315,25.0,1.3
202201221320,356.0,1.3
202201221325,353.0,1.3
202201221330,4.0,1.8
202201221335,8.0,2.2
202201221340,316.0,1.3
202201221345,358.0,0.9
202201221350,16.0,0.9
202201221355,358.0,0.9
202201221400,11.0,0.9
202201221410,359.0,0.9
202201221415,350.0,0.9
202201221420,345.0,0.9
202201221425,234.0,0.9
202201221430,327.0,0.9
202201221435,49.0,0.9
202201221440,334.0,1.3
202201221445,14.0,1.3
202201221450,347.0,1.3
202201221455,47.0,0.9
202201221510,350.0,1.3
202201221515,16.0,1.3
202201221520,344.0,1.8
202201221525,335.0,2.2
202201221530,0.0,2.2
202201221535,11.0,2.2
202201221540,344.0,2.2
202201221545,78.0,2.2
202201221550,51.0,1.3
202201221555,337.0,0.9
202201221600,339.0,0.9
202201221610,2.0,1.3
202201221625,21.0,2.2
202201221635,335.0,1.3
202201221640,6.0,2.2
202201221645,358.0,2.2
202201221650,75.0,2.2
202201221655,347.0,2.2
202201221700,356.0,1.3
202201221710,310.0,1.3
202201221715,9.0,1.3
202201221720,332.0,1.3
202201221725,10.0,0.9
202201221730,320.0,1.8
202201221735,77.0,2.2
202201221740,332.0,1.3
202201221745,349.0,1.3
202201221750,7.0,1.3
202201221755,338.0,0.9
202201221800,299.0,1.8
202201221810,305.0,1.3
202201221815,347.0,0.9
202201221820,4.0,0.9
202201221825,343.0,0.9
202201221830,333.0,0.9
202201221835,3.0,0.9
202201221840,16.0,0.9
202201221845,340.0,0.9
202201221850,315.0,0.9
202201221900,348.0,1.8
202201221910,328.0,1.3
202201221915,212.0,0.9
202201221920,345.0,0.9
202201221925,36.0,0.9
202201221930,353.0,0.9
202201221935,330.0,0.9
202201221940,327.0,1.8
202201221950,354.0,2.2
202201221955,316.0,2.2
202201222000,335.0,2.2
202201222010,329.0,2.2
202201222015,335.0,2.2
202201222020,326.0,2.7
202201222025,298.0,2.7
202201222030,324.0,2.2
202201222035,352.0,2.2
202201222040,285.0,1.3
202201222045,319.0,0.9
202201222050,343.0,0.9
202201222055,325.0,0.9
202201222100,311.0,1.8
202201222110,323.0,1.3
202201222115,312.0,1.3
202201222120,349.0,1.8
202201222130,327.0,2.2
202201222140,308.0,1.3
202201222145,326.0,0.9
202201222150,309.0,0.9
202201222155,327.0,0.9
202201222200,23.0,1.8
202201222210,314.0,2.2
202201222215,342.0,2.2
202201222220,311.0,1.3
202201222225,318.0,0.9
202201222230,327.0,0.9
202201222235,322.0,0.9
202201222240,316.0,0.9
202201222245,340.0,0.9
202201222250,315.0,0.9
202201222255,322.0,0.9
202201222300,322.0,0.4
202201222310,,0.0
202201222315,,0.0
202201222320,,0.0
202201222325,,0.0
202201222330,,0.0
202201222335,,0.0
202201222340,,0.0
202201222345,,0.0
202201222350,,0.0
202201230010,,0.0
202201230015,,0.0
202201230020,,0.0
202201230025,,0.0
202201230030,,0.0
202201230035,,0.0
202201230040,,0.0
202201230045,,0.0
202201230050,,0.0
202201230055,,0.0
202201230100,,0.0
202201230110,,0.0
202201230115,,0.0
202201230120,,0.0
202201230125,,0.0
202201230130,,0.0
202201230135,,0.0
202201230140,,0.0
202201230145,,0.0
202201230150,,0.0
202201230155,,0.0
202201230200,,0.0
202201230210,,0.0
202201230215,,0.0
202201230220,,0.0
202201230225,,0.0
202201230230,,0.0
202201230235,,0.0
202201230245,,0.0
202201230250,,0.0
202201230255,,0.0
202201230300,,0.0
202201230310,,0.0
202201230315,,0.0
202201230320,,0.0
202201230325,,0.0
202201230330,,0.0
202201230335,,0.0
202201230340,,0.0
202201230345,,0.0
202201230350,207.0,0.4
202201230355,206.0,0.4
202201230400,198.0,0.4
202201230410,,0.0
202201230415,,0.0
202201230420,,0.0
202201230425,,0.0
202201230430,,0.0
202201230435,,0.0
202201230440,,0.0
202201230445,,0.0
202201230450,,0.0
202201230455,,0.0
202201230500,,0.0
202201230510,,0.0
202201230515,,0.0
202201230520,,0.0
202201230525,,0.0
202201230530,,0.0
202201230535,,0.0
202201230540,,0.0
202201230545,,0.0
202201230550,,0.0
202201230555,,0.0
202201230600,,0.0
202201230610,,0.0
202201230615,,0.0
202201230625,,0.0
202201230635,,0.0
202201230640,,0.0
202201230645,,0.0
202201230650,,0.0
202201230655,,0.0
202201230700,,0.0
202201230710,,0.0
202201230715,,0.0
202201230720,,0.0
202201230725,,0.0
202201230730,,0.0
202201230735,,0.0
202201230740,,0.0
202201230745,,0.0
202201230750,,0.0
202201230755,,0.0
202201230800,,0.0
202201230810,,0.0
202201230815,,0.0
202201230820,,0.0
202201230825,,0.0
202201230830,,0.0
202201230835,,0.0
202201230840,,0.0
202201230845,,0.0
202201230850,213.0,0.9
202201230855,221.0,0.9
202201230900,222.0,0.4
202201230915,187.0,0.9
202201230920,190.0,0.9
202201230925,234.0,0.9
202201230935,,0.0
202201230940,,0.0
202201230945,,0.0
202201230950,,0.0
202201230955,,0.0
202201231000,,0.0
202201231010,,0.0
202201231015,,0.0
202201231025,,0.0
202201231030,,0.0
202201231035,,0.0
202201231040,,0.0
202201231045,,0.0
202201231050,,0.0
202201231055,,0.0
202201231100,,0.0
202201231110,,0.0
202201231120,,0.0
202201231125,,0.0
202201231130,,0.0
202201231135,,0.0
202201231140,,0.0
202201231145,,0.0
202201231150,,0.0
202201231155,,0.0
202201231200,,0.0
202201231210,190.0,0.4
202201231220,232.0,0.4
202201231225,215.0,0.4
202201231230,217.0,0.4
202201231235,,0.0
202201231240,,0.0
202201231245,,0.0
202201231250,,0.0
202201231255,,0.0
202201231300,,0.0
202201231310,214.0,0.4
202201231315,203.0,0.4
202201231320,188.0,0.9
202201231325,203.0,0.9
202201231330,218.0,0.9
202201231340,228.0,0.9
202201231350,214.0,0.9
202201231355,258.0,0.9
202201231410,287.0,0.9
202201231415,284.0,0.9
202201231420,236.0,0.9
202201231425,215.0,0.9
202201231430,253.0,0.9
202201231435,257.0,0.9
202201231440,227.0,0.9
202201231445,307.0,0.9
202201231450,218.0,0.9
202201231455,317.0,0.9
202201231500,319.0,0.9
202201231510,240.0,0.9
202201231515,294.0,0.9
202201231520,263.0,0.9
202201231525,291.0,0.9
202201231530,237.0,1.3
202201231535,234.0,1.3
202201231540,237.0,1.3
202201231550,223.0,1.3
202201231555,303.0,1.3
202201231600,224.0,1.3
202201231610,181.0,0.9
202201231615,240.0,0.9
202201231620,228.0,1.3
202201231625,183.0,1.3
202201231630,246.0,1.3
202201231635,231.0,1.3
202201231640,265.0,1.8
202201231645,231.0,2.2
202201231650,239.0,2.2
202201231655,245.0,2.2
202201231700,181.0,2.2
202201231710,272.0,2.2
202201231715,299.0,2.2
202201231720,192.0,2.2
202201231725,189.0,2.2
202201231730,231.0,2.2
202201231735,233.0,2.2
202201231740,209.0,2.2
202201231745,238.0,2.2
202201231750,296.0,2.2
202201231755,295.0,2.2
202201231800,218.0,1.3
202201231810,235.0,2.2
202201231815,191.0,2.2
202201231820,229.0,2.2
202201231825,321.0,2.2
202201231830,283.0,2.7
202201231835,276.0,3.1
202201231840,339.0,2.7
202201231845,282.0,2.7
202201231850,291.0,2.2
202201231855,215.0,2.2
202201231900,308.0,2.2
202201231910,227.0,2.2
202201231915,232.0,2.2
202201231920,283.0,2.2
202201231925,242.0,2.2
202201231930,291.0,2.2
202201231935,291.0,2.2
202201231940,237.0,2.2
202201231945,292.0,2.2
202201231950,277.0,2.2
202201231955,333.0,2.2
202201232000,223.0,2.2
202201232010,218.0,2.2
202201232015,316.0,2.7
202201232020,323.0,2.7
202201232025,219.0,2.7
202201232035,279.0,2.2
202201232040,231.0,2.2
202201232045,220.0,2.2
202201232050,230.0,2.7
202201232055,242.0,3.1
202201232100,263.0,2.2
202201232110,317.0,2.7
202201232115,230.0,2.7
202201232120,54.0,2.2
202201232125,298.0,2.2
202201232130,283.0,1.8
202201232135,235.0,1.3
202201232140,310.0,1.8
202201232145,324.0,2.2
202201232150,234.0,1.8
202201232155,337.0,1.3
202201232200,258.0,1.8
202201232210,285.0,1.3
202201232215,248.0,1.3
202201232220,217.0,1.3
202201232225,227.0,1.3
202201232230,244.0,1.8
202201232235,241.0,2.2
202201232240,221.0,1.3
202201232245,309.0,0.9
202201232255,284.0,0.9
202201232300,221.0,0.4
202201232310,,0.0
202201232315,,0.0
202201232320,,0.0
202201232325,,0.0
202201232330,,0.0
202201232335,,0.0
202201232340,222.0,0.9
202201232345,226.0,0.9
202201232350,230.0,0.9
202201232355,227.0,0.9
202201240000,229.0,0.9
202201240010,237.0,0.9
202201240015,238.0,0.9
202201240020,206.0,0.9
202201240025,210.0,0.9
202201240030,221.0,0.9
202201240035,228.0,0.9
202201240040,235.0,0.9
202201240045,244.0,0.9
202201240050,258.0,0.9
202201240055,226.0,0.9
202201240100,231.0,0.9
202201240110,220.0,0.9
202201240115,231.0,0.9
202201240120,230.0,0.9
202201240125,227.0,0.9
202201240130,218.0,0.9
202201240135,266.0,0.9
202201240140,230.0,0.4
202201240145,227.0,0.4
202201240150,247.0,0.9
202201240155,223.0,0.9
202201240200,208.0,0.9
202201240210,242.0,0.9
202201240215,223.0,0.9
202201240225,184.0,0.4
202201240230,204.0,0.4
202201240235,263.0,0.4
202201240240,242.0,0.9
202201240245,220.0,0.9
202201240255,222.0,0.4
202201240300,223.0,0.9
202201240310,228.0,0.9
202201240315,231.0,0.9
202201240320,229.0,0.9
202201240325,232.0,0.9
202201240330,224.0,0.9
202201240335,234.0,0.9
202201240340,225.0,0.4
202201240345,243.0,0.4
202201240350,232.0,0.4
202201240355,,0.0
202201240400,,0.0
202201240410,,0.0
202201240415,,0.0
202201240420,,0.0
202201240425,,0.0
202201240430,,0.0
202201240435,,0.0
202201240440,,0.0
202201240445,,0.0
202201240450,,0.0
202201240455,,0.0
202201240500,,0.0
202201240510,254.0,0.4
202201240515,277.0,0.4
202201240525,301.0,0.4
202201240530,270.0,0.9
202201240535,291.0,0.9
202201240540,234.0,0.4
202201240545,270.0,0.4
202201240550,242.0,0.4
202201240555,,0.0
202201240600,,0.0
202201240615,249.0,0.4
202201240620,225.0,0.9
202201240625,244.0,0.9
202201240630,278.0,0.9
202201240635,252.0,0.9
202201240640,272.0,0.9
202201240645,275.0,0.9
202201240650,291.0,0.9
202201240655,220.0,0.9
202201240700,290.0,0.9
202201240710,307.0,0.9
202201240715,332.0,0.9
202201240720,308.0,0.9
202201240725,284.0,0.9
202201240730,232.0,0.9
202201240735,287.0,0.9
202201240740,270.0,0.9
202201240745,249.0,0.9
202201240750,282.0,0.9
202201240755,297.0,0.9
202201240800,297.0,0.9
202201240810,268.0,0.9
202201240815,282.0,0.9
202201240820,280.0,0.9
202201240825,305.0,0.9
202201240830,246.0,0.9
202201240835,300.0,0.9
202201240840,277.0,0.9
202201240845,300.0,0.9
202201240850,284.0,0.9
202201240855,278.0,0.9
202201240900,292.0,1.3
202201240910,274.0,0.9
202201240915,256.0,0.4
202201240920,227.0,0.4
202201240925,226.0,0.4
202201240930,263.0,0.4
202201240935,329.0,0.4
202201240940,322.0,0.4
202201240945,,0.0
202201240950,326.0,0.4
202201240955,355.0,0.4
202201241000,311.0,0.4
202201241010,,0.0
202201241015,,0.0
202201241020,,0.0
202201241025,,0.0
202201241030,,0.0
202201241035,,0.0
202201241040,,0.0
202201241050,,0.0
202201241100,,0.0
202201241110,,0.0
202201241115,,0.0
202201241120,,0.0
202201241125,,0.0
202201241130,,0.0
202201241140,,0.0
202201241145,,0.0
202201241150,,0.0
202201241155,,0.0
202201241200,248.0,0.4
202201241210,279.0,0.4
202201241215,,0.0
202201241220,,0.0
202201241225,,0.0
202201241230,,0.0
202201241235,,0.0
202201241240,,0.0
202201241245,,0.0
202201241255,,0.0
202201241300,,0.0
202201241310,,0.0
202201241315,,0.0
202201241320,,0.0
202201241325,,0.0
202201241330,,0.0
202201241335,,0.0
202201241340,,0.0
202201241345,,0.0
202201241350,,0.0
202201241400,170.0,0.4
202201241410,219.0,0.4
202201241415,271.0,0.4
202201241420,347.0,0.4
202201241425,290.0,0.4
202201241430,343.0,0.9
202201241435,345.0,0.9
202201241440,305.0,0.4
202201241445,,0.0
202201241450,266.0,0.4
202201241455,206.0,0.4
202201241500,251.0,0.9
202201241510,301.0,0.4
202201241515,,0.0
202201241520,,0.0
202201241525,,0.0
202201241530,,0.0
202201241535,,0.0
202201241540,,0.0
202201241545,,0.0
202201241600,232.0,0.4
202201241610,307.0,0.9
202201241615,218.0,0.9
202201241620,185.0,0.4
202201241625,,0.0
202201241630,,0.0
202201241635,,0.0
202201241640,217.0,0.4
202201241645,319.0,0.4
202201241650,337.0,0.9
202201241655,206.0,0.9
202201241700,311.0,0.9
202201241710,311.0,0.9
202201241715,206.0,0.9
202201241720,235.0,0.9
202201241725,204.0,0.9
202201241735,344.0,0.9
202201241740,220.0,1.3
202201241745,211.0,1.3
202201241750,278.0,0.9
202201241755,317.0,0.9
202201241800,221.0,0.9
202201241810,262.0,0.9
202201241815,304.0,0.9
202201241820,323.0,1.3
202201241825,324.0,1.3
202201241830,239.0,0.9
202201241835,210.0,0.9
202201241840,25.0,0.9
202201241845,182.0,0.9
202201241850,189.0,0.9
202201241855,260.0,0.9
202201241900,317.0,1.3
202201241910,240.0,1.8
202201241915,243.0,2.2
202201241920,222.0,1.3
202201241925,214.0,0.9
202201241930,235.0,1.3
202201241935,206.0,1.3
202201241940,239.0,1.8
202201241945,325.0,2.2
202201241950,283.0,2.2
202201241955,239.0,2.2
202201242000,193.0,2.2
202201242010,334.0,2.2
202201242015,276.0,2.2
202201242020,189.0,2.2
202201242025,279.0,2.2
202201242035,296.0,0.9
202201242040,282.0,0.9
202201242045,273.0,0.9
202201242050,284.0,0.9
202201242100,307.0,0.9
202201242115,321.0,0.9
202201242120,250.0,0.9
202201242125,225.0,0.9
202201242130,228.0,1.3
202201242135,223.0,1.3
202201242140,288.0,1.3
202201242145,203.0,0.9
202201242150,235.0,0.9
202201242155,343.0,0.9
202201242200,227.0,0.4
202201242210,223.0,0.9
202201242215,236.0,0.9
202201242220,259.0,0.4
202201242230,,0.0
202201242235,,0.0
202201242240,,0.0
202201242245,,0.0
202201242250,,0.0
202201242255,,0.0
202201242300,,0.0
202201242310,,0.0
202201242315,,0.0
202201242320,,0.0
202201242325,,0.0
202201242330,,0.0
202201242335,,0.0
202201242340,,0.0
202201242345,,0.0
202201242350,,0.0
202201242355,,0.0
202201250000,,0.0
202201250010,,0.0
202201250015,,0.0
202201250025,,0.0
202201250030,,0.0
202201250035,,0.0
202201250040,,0.0
202201250045,,0.0
202201250050,,0.0
202201250055,,0.0
202201250100,,0.0
202201250110,,0.0
202201250115,,0.0
202201250120,,0.0
202201250125,,0.0
202201250130,,0.0
202201250135,,0.0
202201250140,,0.0
202201250145,,0.0
202201250150,,0.0
202201250155,,0.0
202201250200,,0.0
202201250210,,0.0
202201250215,,0.0
202201250220,,0.0
202201250225,,0.0
202201250230,,0.0
202201250235,,0.0
202201250240,,0.0
202201250245,,0.0
202201250250,,0.0
202201250300,,0.0
202201250310,,0.0
202201250315,,0.0
202201250320,,0.0
202201250325,,0.0
202201250330,,0.0
202201250335,,0.0
202201250340,,0.0
202201250345,,0.0
202201250350,191.0,0.4
202201250355,194.0,0.4
202201250400,202.0,0.9
202201250410,226.0,0.4
202201250415,170.0,0.4
202201250420,210.0,0.4
202201250435,,0.0
202201250440,,0.0
202201250445,,0.0
202201250450,,0.0
202201250455,,0.0
202201250500,,0.0
202201250510,205.0,0.9
202201250515,219.0,0.9
202201250520,221.0,0.9
202201250525,221.0,0.4
202201250530,230.0,0.9
202201250535,235.0,0.9
202201250540,233.0,0.4
202201250545,,0.0
202201250550,234.0,0.9
202201250555,225.0,0.9
202201250600,234.0,0.9
202201250610,216.0,0.9
202201250615,204.0,0.9
202201250620,215.0,0.9
202201250625,229.0,0.9
202201250635,207.0,0.9
202201250640,220.0,0.9
202201250645,223.0,0.4
202201250650,225.0,0.9
202201250655,224.0,0.9
202201250700,228.0,0.9
202201250710,234.0,0.4
202201250715,220.0,0.4
202201250720,232.0,0.9
202201250725,220.0,0.9
202201250730,214.0,0.9
202201250735,223.0,0.9
202201250745,237.0,0.9
202201250750,232.0,0.9
202201250755,246.0,0.9
202201250800,235.0,0.9
202201250810,219.0,0.9
202201250815,236.0,0.9
202201250820,221.0,0.4
202201250825,223.0,0.4
202201250830,223.0,0.4
202201250835,229.0,0.4
202201250840,204.0,0.9
202201250845,217.0,0.9
202201250850,212.0,0.9
202201250855,226.0,0.9
202201250900,226.0,0.9
202201250910,209.0,0.9
202201250915,231.0,0.9
202201250920,160.0,0.4
202201250925,,0.0
202201250930,,0.0
202201250935,,0.0
202201250940,,0.0
202201250945,,0.0
202201250950,,0.0
202201250955,,0.0
202201251000,,0.0
202201251010,217.0,0.9
202201251015,218.0,0.9
202201251020,228.0,0.9
202201251025,225.0,0.9
202201251030,217.0,0.9
202201251035,248.0,0.9
202201251040,237.0,0.9
202201251045,214.0,0.9
202201251050,236.0,0.9
202201251055,227.0,0.9
202201251100,229.0,0.9
202201251110,227.0,0.9
202201251115,222.0,0.9
202201251120,213.0,0.9
202201251125,216.0,0.9
202201251130,223.0,0.9
202201251135,232.0,0.4
202201251140,237.0,0.9
202201251145,235.0,0.9
202201251150,218.0,0.9
202201251155,230.0,0.9
202201251200,222.0,0.9
202201251210,232.0,0.9
202201251215,227.0,0.9
202201251220,242.0,0.9
202201251225,221.0,0.9
202201251230,238.0,0.4
202201251235,224.0,0.4
202201251240,225.0,0.9
202201251245,222.0,0.9
202201251250,231.0,0.9
202201251255,235.0,0.9
202201251300,216.0,0.9
202201251310,219.0,0.9
202201251315,222.0,0.9
202201251320,247.0,0.9
202201251325,252.0,0.9
202201251330,245.0,0.9
202201251335,220.0,0.9
202201251340,201.0,0.9
202201251345,235.0,0.9
202201251350,219.0,0.9
202201251355,223.0,0.9
202201251400,233.0,0.9
202201251415,232.0,0.9
202201251420,222.0,0.9
202201251425,297.0,0.9
202201251430,295.0,0.9
202201251435,220.0,0.9
202201251440,230.0,0.9
202201251445,230.0,0.9
202201251450,291.0,0.4
202201251455,283.0,0.4
202201251500,302.0,0.4
202201251510,221.0,0.4
202201251515,,0.0
202201251520,202.0,0.9
202201251525,290.0,1.3
202201251530,307.0,0.4
202201251535,,0.0
202201251540,223.0,0.9
202201251545,238.0,0.9
202201251550,225.0,0.9
202201251555,232.0,0.9
202201251600,221.0,0.9
202201251610,242.0,0.9
202201251615,220.0,0.9
202201251620,218.0,0.9
202201251625,219.0,0.9
202201251630,255.0,0.9
202201251635,269.0,0.9
202201251640,296.0,0.4
202201251650,298.0,0.4
202201251655,215.0,0.4
202201251700,279.0,0.9
202201251710,324.0,0.9
202201251715,333.0,0.9
202201251720,336.0,0.9
202201251725,318.0,0.9
202201251730,334.0,1.3
202201251735,292.0,1.3
202201251740,327.0,1.8
202201251745,326.0,2.2
202201251750,319.0,2.2
202201251755,269.0,2.2
202201251800,326.0,1.3
202201251810,334.0,1.3
202201251815,312.0,1.3
202201251820,265.0,1.3
202201251825,244.0,0.9
202201251830,246.0,0.9
202201251835,270.0,0.9
202201251840,86.0,0.9
202201251845,337.0,0.9
202201251850,323.0,0.4
202201251855,,0.0
202201251900,288.0,1.3
202201251910,241.0,1.3
202201251915,237.0,0.9
202201251920,273.0,0.9
202201251925,236.0,0.9
202201251930,231.0,0.9
202201251935,246.0,0.4
202201251940,275.0,0.9
202201251945,234.0,0.9
202201251950,273.0,1.3
202201252000,207.0,1.3
202201252010,220.0,0.9
202201252015,234.0,0.9
202201252020,222.0,1.3
202201252025,189.0,1.3
202201252035,241.0,1.3
202201252040,244.0,1.3
202201252045,200.0,0.9
202201252050,242.0,1.3
202201252055,225.0,1.3
202201252100,225.0,1.8
202201252110,213.0,1.3
202201252115,206.0,1.3
202201252120,219.0,1.3
202201252125,219.0,1.3
202201252130,204.0,1.8
202201252135,204.0,2.2
202201252140,211.0,1.3
202201252145,198.0,0.9
202201252150,244.0,1.3
202201252155,237.0,1.3
202201252200,212.0,0.4
202201252210,232.0,0.4
202201252215,222.0,0.4
202201252220,205.0,0.4
202201252225,,0.0
202201252230,,0.0
202201252235,,0.0
202201252240,,0.0
202201252245,,0.0
202201252250,,0.0
202201252255,,0.0
202201252300,,0.0
202201252310,,0.0
202201252315,,0.0
202201252320,,0.0
202201252325,,0.0
202201252330,,0.0
202201252335,,0.0
202201252340,,0.0
202201252345,,0.0
202201252350,,0.0
202201252355,,0.0
202201260000,,0.0
202201260010,,0.0
202201260015,,0.0
202201260020,,0.0
202201260025,,0.0
202201260030,,0.0
202201260035,,0.0
202201260040,,0.0
202201260045,,0.0
202201260050,,0.0
202201260055,,0.0
202201260100,,0.0
202201260110,,0.0
202201260115,,0.0
202201260120,,0.0
202201260125,,0.0
202201260130,,0.0
202201260135,,0.0
202201260140,,0.0
202201260145,,0.0
202201260150,,0.0
202201260155,,0.0
202201260200,,0.0
202201260210,,0.0
202201260215,,0.0
202201260220,,0.0
202201260225,,0.0
202201260230,,0.0
202201260235,,0.0
202201260240,,0.0
202201260245,,0.0
202201260250,,0.0
202201260255,,0.0
202201260300,,0.0
202201260310,,0.0
202201260315,,0.0
202201260320,,0.0
202201260325,,0.0
202201260330,,0.0
202201260335,,0.0
202201260340,,0.0
202201260345,,0.0
202201260350,,0.0
202201260400,,0.0
202201260410,,0.0
202201260415,,0.0
202201260420,,0.0
202201260425,,0.0
202201260430,,0.0
202201260435,,0.0
202201260440,,0.0
202201260445,,0.0
202201260450,,0.0
202201260455,,0.0
202201260500,,0.0
202201260510,,0.0
202201260515,,0.0
202201260520,,0.0
202201260525,,0.0
202201260530,,0.0
202201260535,,0.0
202201260540,,0.0
202201260545,,0.0
202201260550,,0.0
202201260555,,0.0
202201260600,,0.0
202201260610,,0.0
202201260615,,0.0
202201260620,,0.0
202201260625,,0.0
202201260630,,0.0
202201260635,,0.0
202201260640,,0.0
202201260645,,0.0
202201260650,,0.0
202201260655,,0.0
202201260700,,0.0
202201260710,,0.0
202201260715,,0.0
202201260720,,0.0
202201260725,,0.0
202201260730,,0.0
202201260735,,0.0
202201260740,,0.0
202201260745,,0.0
202201260750,,0.0
202201260755,,0.0
202201260800,,0.0
202201260810,,0.0
202201260815,,0.0
202201260820,,0.0
202201260825,,0.0
202201260830,,0.0
202201260835,,0.0
202201260840,,0.0
202201260845,,0.0
202201260850,,0.0
202201260855,,0.0
202201260910,,0.0
202201260915,,0.0
202201260920,,0.0
202201260925,,0.0
202201260930,,0.0
202201260935,,0.0
202201260940,,0.0
202201260945,,0.0
202201260950,251.0,0.4
202201260955,301.0,0.4
202201261000,287.0,0.4
202201261010,,0.0
202201261015,,0.0
202201261020,,0.0
202201261025,,0.0
202201261030,,0.0
202201261035,,0.0
202201261040,315.0,0.4
202201261045,317.0,0.4
202201261050,330.0,0.4
202201261055,,0.0
202201261100,323.0,0.9
202201261110,339.0,1.3
202201261115,324.0,1.3
202201261120,322.0,1.3
202201261125,315.0,1.3
202201261130,337.0,1.3
202201261135,335.0,1.3
202201261140,357.0,1.8
202201261145,335.0,2.2
202201261155,356.0,2.2
202201261200,336.0,1.3
202201261215,7.0,0.9
202201261220,7.0,1.3
202201261225,354.0,1.3
202201261230,343.0,1.3
202201261235,348.0,1.3
202201261240,8.0,1.8
202201261245,346.0,2.2
202201261250,7.0,2.2
202201261255,346.0,2.2
202201261300,354.0,1.3
202201261310,6.0,0.9
202201261315,8.0,0.4
202201261320,345.0,0.9
202201261325,1.0,0.9
202201261330,19.0,1.3
202201261335,352.0,1.3
202201261340,6.0,0.9
202201261345,8.0,0.9
202201261350,0.0,0.4
202201261355,,0.0
202201261400,337.0,0.9
202201261410,21.0,0.9
202201261415,339.0,0.9
202201261420,17.0,1.8
202201261425,350.0,2.2
202201261430,26.0,1.3
202201261435,343.0,1.3
202201261440,29.0,0.9
202201261445,6.0,0.9
202201261450,24.0,1.3
202201261455,352.0,1.3
202201261500,330.0,1.8
202201261510,30.0,1.3
202201261515,5.0,0.9
202201261520,13.0,1.3
202201261525,1.0,1.3
202201261530,339.0,1.3
202201261535,300.0,0.9
202201261540,9.0,0.9
202201261545,358.0,0.4
202201261550,22.0,1.3
202201261555,348.0,2.2
202201261600,338.0,2.2
202201261610,41.0,2.2
202201261615,348.0,2.2
202201261620,355.0,1.3
202201261625,347.0,1.3
202201261635,335.0,2.7
202201261640,38.0,2.2
202201261650,319.0,2.2
202201261655,90.0,2.2
202201261700,338.0,1.3
202201261715,1.0,0.9
202201261725,9.0,2.2
202201261730,14.0,1.3
202201261735,18.0,1.3
202201261740,13.0,0.9
202201261750,6.0,1.3
202201261755,19.0,1.3
202201261800,5.0,1.8
202201261810,28.0,1.3
202201261815,353.0,0.9
202201261820,3.0,0.9
202201261825,15.0,0.9
202201261830,21.0,1.3
202201261835,122.0,1.3
202201261840,5.0,1.3
202201261845,56.0,1.3
202201261850,20.0,1.3
202201261855,356.0,1.3
202201261900,9.0,0.9
202201261910,33.0,1.3
202201261915,1.0,1.3
202201261920,345.0,1.3
202201261925,355.0,0.9
202201261930,339.0,1.3
202201261940,74.0,1.3
202201261945,7.0,0.9
202201261950,0.0,0.9
202201261955,4.0,0.9
202201262000,359.0,0.9
202201262010,352.0,0.9
202201262015,19.0,0.9
202201262020,335.0,0.9
202201262025,13.0,0.9
202201262030,6.0,0.9
202201262035,8.0,0.9
202201262040,13.0,0.4
202201262045,14.0,0.4
202201262050,354.0,0.9
202201262055,334.0,0.9
202201262100,14.0,1.8
202201262110,309.0,1.3
202201262115,343.0,1.3
202201262120,10.0,0.4
202201262125,,0.0
202201262130,350.0,0.9
202201262135,11.0,0.9
202201262140,341.0,0.9
202201262145,354.0,0.9
202201262150,8.0,1.3
202201262155,358.0,1.3
202201262200,98.0,0.4
202201262210,3.0,0.9
202201262215,10.0,0.9
202201262220,2.0,0.4
202201262225,,0.0
202201262230,0.0,0.4
202201262235,349.0,0.4
202201262240,356.0,0.4
202201262245,340.0,0.4
202201262250,340.0,0.4
202201262255,,0.0
202201262300,,0.0
202201262310,,0.0
202201262315,,0.0
202201262320,,0.0
202201262325,,0.0
202201262330,,0.0
202201262335,,0.0
202201262340,,0.0
202201262345,,0.0
202201262350,,0.0
202201262355,,0.0
202201270000,,0.0
202201270010,,0.0
202201270015,,0.0
202201270020,,0.0
202201270025,,0.0
202201270030,,0.0
202201270035,,0.0
202201270040,,0.0
202201270050,,0.0
202201270055,,0.0
202201270100,,0.0
202201270110,,0.0
202201270120,,0.0
202201270125,,0.0
202201270130,,0.0
202201270135,,0.0
202201270140,,0.0
202201270145,,0.0
202201270150,,0.0
202201270155,,0.0
202201270200,,0.0
202201270210,,0.0
202201270215,,0.0
202201270220,,0.0
202201270225,,0.0
202201270230,,0.0
202201270235,,0.0
202201270240,,0.0
202201270245,,0.0
202201270250,,0.0
202201270255,,0.0
202201270300,,0.0
202201270315,77.0,0.4
202201270320,105.0,0.4
202201270325,,0.0
202201270335,,0.0
202201270340,42.0,0.4
202201270345,38.0,0.4
202201270350,107.0,0.4
202201270355,,0.0
202201270410,,0.0
202201270415,,0.0
202201270420,,0.0
202201270425,,0.0
202201270430,,0.0
202201270435,,0.0
202201270440,,0.0
202201270445,,0.0
202201270450,,0.0
202201270455,,0.0
202201270500,,0.0
202201270510,,0.0
202201270515,,0.0
202201270520,,0.0
202201270525,,0.0
202201270530,,0.0
202201270535,,0.0
202201270540,,0.0
202201270545,,0.0
202201270550,,0.0
202201270555,,0.0
202201270600,,0.0
202201270610,,0.0
202201270615,,0.0
202201270620,,0.0
202201270625,,0.0
202201270630,,0.0
202201270635,,0.0
202201270640,,0.0
202201270645,,0.0
202201270650,,0.0
202201270655,,0.0
202201270700,,0.0
202201270710,,0.0
202201270715,,0.0
202201270720,,0.0
202201270725,,0.0
202201270735,,0.0
202201270740,,0.0
202201270745,,0.0
202201270750,,0.0
202201270755,,0.0
202201270800,,0.0
202201270810,,0.0
202201270815,,0.0
202201270820,,0.0
202201270825,,0.0
202201270830,,0.0
202201270835,,0.0
202201270840,,0.0
202201270845,,0.0
202201270850,,0.0
202201270855,,0.0
202201270900,,0.0
202201270910,,0.0
202201270915,,0.0
202201270920,,0.0
202201270925,,0.0
202201270930,,0.0
202201270935,,0.0
202201270945,,0.0
202201270950,,0.0
202201270955,,0.0
202201271000,,0.0
202201271010,,0.0
202201271015,,0.0
202201271020,,0.0
202201271025,,0.0
202201271030,,0.0
202201271035,,0.0
202201271040,,0.0
202201271045,,0.0
202201271055,,0.0
202201271100,,0.0
202201271110,,0.0
202201271115,,0.0
202201271120,,0.0
202201271125,,0.0
202201271130,,0.0
202201271135,,0.0
202201271140,,0.0
202201271145,,0.0
202201271150,,0.0
202201271155,,0.0
202201271200,,0.0
202201271215,,0.0
202201271220,,0.0
202201271225,,0.0
202201271230,,0.0
202201271235,,0.0
202201271240,,0.0
202201271245,,0.0
202201271250,,0.0
202201271255,,0.0
202201271300,,0.0
202201271310,,0.0
202201271315,,0.0
202201271320,,0.0
202201271325,,0.0
202201271330,22.0,0.4
202201271335,40.0,0.4
202201271340,0.0,0.4
202201271345,17.0,0.4
202201271355,7.0,0.4
202201271400,0.0,0.4
202201271410,39.0,0.4
202201271420,30.0,0.4
202201271425,81.0,0.4
202201271435,357.0,0.4
202201271440,329.0,0.4
202201271445,,0.0
202201271455,74.0,0.4
202201271500,70.0,0.4
202201271510,71.0,0.4
202201271515,33.0,0.4
202201271520,91.0,0.9
202201271525,102.0,0.9
202201271530,94.0,0.9
202201271535,320.0,0.9
202201271540,43.0,0.4
202201271545,56.0,0.4
202201271550,56.0,0.4
202201271555,19.0,0.4
202201271600,0.0,0.4
202201271610,45.0,0.9
202201271615,303.0,0.9
202201271620,32.0,0.9
202201271625,86.0,0.4
202201271630,8.0,0.9
202201271635,2.0,0.9
202201271640,20.0,0.9
202201271645,91.0,0.9
202201271650,75.0,0.4
202201271655,,0.0
202201271700,,0.0
202201271710,42.0,0.9
202201271715,81.0,0.9
202201271720,353.0,0.9
202201271725,46.0,0.9
202201271730,14.0,0.9
202201271735,16.0,0.9
202201271740,19.0,0.9
202201271745,52.0,0.9
202201271750,8.0,0.9
202201271755,68.0,0.4
202201271800,132.0,0.4
202201271810,323.0,0.9
202201271820,326.0,0.9
202201271825,133.0,0.9
202201271830,7.0,0.9
202201271835,350.0,0.9
202201271840,321.0,0.9
202201271845,353.0,0.9
202201271850,44.0,0.9
202201271855,108.0,0.9
202201271900,10.0,0.9
202201271910,117.0,0.9
202201271915,338.0,0.9
202201271920,329.0,0.9
202201271925,353.0,0.4
202201271930,350.0,0.9
202201271935,43.0,0.9
202201271940,5.0,0.9
202201271945,3.0,0.9
202201271950,315.0,0.9
202201271955,170.0,0.9
202201272010,117.0,0.4
202201272015,,0.0
202201272020,,0.0
202201272025,,0.0
202201272030,,0.0
202201272035,,0.0
202201272040,326.0,0.9
202201272045,311.0,1.3
202201272050,331.0,0.9
202201272055,350.0,0.9
202201272100,51.0,0.9
202201272115,,0.0
202201272120,15.0,0.4
202201272125,63.0,0.4
202201272130,115.0,0.4
202201272135,,0.0
202201272140,57.0,0.4
202201272145,359.0,0.4
202201272150,65.0,0.4
202201272155,,0.0
202201272200,,0.0
202201272210,,0.0
202201272215,,0.0
202201272220,,0.0
202201272225,,0.0
202201272230,,0.0
202201272240,,0.0
202201272245,,0.0
202201272250,,0.0
202201272255,,0.0
202201272300,,0.0
202201272310,,0.0
202201272315,,0.0
202201272320,,0.0
202201272325,,0.0
202201272330,,0.0
202201272335,,0.0
202201272340,,0.0
202201272345,,0.0
202201272350,,0.0
202201272355,,0.0
202201280000,,0.0
202201280010,,0.0
202201280015,,0.0
202201280020,,0.0
202201280025,,0.0
202201280030,,0.0
202201280035,,0.0
202201280040,,0.0
202201280045,,0.0
202201280050,,0.0
202201280055,,0.0
202201280100,,0.0
202201280110,,0.0
202201280115,,0.0
202201280125,,0.0
202201280130,,0.0
202201280135,,0.0
202201280140,,0.0
202201280150,,0.0
202201280155,,0.0
202201280200,,0.0
202201280210,,0.0
202201280215,,0.0
202201280220,,0.0
202201280225,,0.0
202201280230,,0.0
202201280235,,0.0
202201280240,,0.0
202201280245,,0.0
202201280250,,0.0
202201280255,,0.0
202201280300,,0.0
202201280310,,0.0
202201280315,,0.0
202201280320,,0.0
202201280325,,0.0
202201280330,,0.0
202201280340,,0.0
202201280345,,0.0
202201280350,,0.0
202201280355,,0.0
202201280400,,0.0
202201280410,,0.0
202201280415,,0.0
202201280425,,0.0
202201280430,,0.0
202201280435,,0.0
202201280440,,0.0
202201280445,,0.0
202201280450,,0.0
202201280455,,0.0
202201280500,,0.0
202201280510,,0.0
202201280515,,0.0
202201280520,,0.0
202201280525,,0.0
202201280530,,0.0
202201280535,,0.0
202201280540,,0.0
202201280545,,0.0
202201280550,,0.0
202201280555,,0.0
202201280600,,0.0
202201280610,,0.0
202201280615,,0.0
202201280625,,0.0
202201280630,,0.0
202201280635,,0.0
202201280640,,0.0
202201280645,,0.0
202201280650,,0.0
202201280655,,0.0
202201280700,,0.0
202201280710,,0.0
202201280715,,0.0
202201280720,,0.0
202201280725,,0.0
202201280730,,0.0
202201280735,,0.0
202201280740,,0.0
202201280745,,0.0
202201280750,,0.0
202201280755,,0.0
202201280800,,0.0
202201280810,,0.0
202201280815,,0.0
202201280820,,0.0
202201280825,,0.0
202201280830,,0.0
202201280835,,0.0
202201280840,,0.0
202201280845,,0.0
202201280850,,0.0
202201280855,,0.0
202201280900,,0.0
202201280910,,0.0
202201280915,,0.0
202201280920,,0.0
202201280925,,0.0
202201280930,,0.0
202201280935,,0.0
202201280940,,0.0
202201280945,,0.0
202201280950,,0.0
202201280955,,0.0
202201281000,,0.0
202201281010,,0.0
202201281015,,0.0
202201281020,,0.0
202201281025,,0.0
202201281030,,0.0
202201281035,,0.0
202201281040,,0.0
202201281045,,0.0
202201281050,,0.0
202201281055,,0.0
202201281100,,0.0
202201281110,,0.0
202201281115,,0.0
202201281120,,0.0
202201281130,,0.0
202201281135,,0.0
202201281140,,0.0
202201281145,,0.0
202201281150,,0.0
202201281155,,0.0
202201281210,,0.0
202201281215,,0.0
202201281220,,0.0
202201281225,,0.0
202201281230,,0.0
202201281235,,0.0
202201281240,,0.0
202201281245,,0.0
202201281250,,0.0
202201281255,,0.0
202201281300,,0.0
202201281310,,0.0
202201281315,,0.0
202201281320,,0.0
202201281325,,0.0
202201281330,,0.0
202201281335,,0.0
202201281340,,0.0
202201281345,,0.0
202201281350,,0.0
202201281355,,0.0
202201281400,,0.0
202201281410,,0.0
202201281415,,0.0
202201281420,,0.0
202201281425,,0.0
202201281430,,0.0
202201281435,,0.0
202201281440,,0.0
202201281445,,0.0
202201281450,,0.0
202201281455,,0.0
202201281510,,0.0
202201281515,,0.0
202201281520,,0.0
202201281525,,0.0
202201281530,,0.0
202201281535,,0.0
202201281540,,0.0
202201281545,,0.0
202201281550,,0.0
202201281555,,0.0
202201281600,,0.0
202201281610,,0.0
202201281615,,0.0
202201281620,,0.0
202201281630,,0.0
202201281635,,0.0
202201281640,,0.0
202201281645,,0.0
202201281650,,0.0
202201281655,,0.0
202201281700,,0.0
202201281710,,0.0
202201281715,,0.0
202201281720,,0.0
202201281725,,0.0
202201281730,,0.0
202201281735,,0.0
202201281740,,0.0
202201281750,,0.0
202201281755,,0.0
202201281800,,0.0
202201281810,,0.0
202201281815,,0.0
202201281820,329.0,0.4
202201281825,344.0,0.4
202201281835,217.0,0.9
202201281840,324.0,0.4
202201281845,,0.0
202201281855,,0.0
202201281900,,0.0
202201281910,,0.0
202201281915,,0.0
202201281920,229.0,0.4
202201281925,221.0,0.9
202201281930,266.0,0.4
202201281935,212.0,0.4
202201281940,240.0,0.4
202201281945,,0.0
202201281950,,0.0
202201281955,,0.0
202201282000,183.0,0.4
202201282010,198.0,1.3
202201282015,224.0,1.3
202201282020,238.0,0.9
202201282025,313.0,0.9
202201282030,272.0,0.4
202201282035,,0.0
202201282040,241.0,0.4
202201282045,214.0,0.4
202201282050,287.0,0.9
202201282055,237.0,0.9
202201282100,235.0,0.9
202201282110,270.0,0.4
202201282115,298.0,0.4
202201282120,283.0,0.9
202201282125,241.0,0.9
202201282130,280.0,0.4
202201282135,235.0,0.4
202201282140,248.0,0.9
202201282145,315.0,0.9
202201282150,293.0,0.9
202201282155,229.0,0.9
202201282200,246.0,0.4
202201282210,,0.0
202201282215,,0.0
202201282220,226.0,0.4
202201282225,208.0,0.9
202201282230,215.0,0.4
202201282235,,0.0
202201282240,227.0,0.4
202201282245,204.0,0.4
202201282250,210.0,0.4
202201282255,204.0,0.4
202201282300,236.0,0.4
202201282310,,0.0
202201282315,,0.0
202201282320,,0.0
202201282325,,0.0
202201282330,,0.0
202201282335,,0.0
202201282340,,0.0
202201282345,,0.0
202201282350,,0.0
202201282355,,0.0
202201290000,,0.0
202201290010,,0.0
202201290015,,0.0
202201290020,,0.0
202201290025,,0.0
202201290030,309.0,0.9
202201290035,302.0,0.9
202201290040,305.0,0.9
202201290045,310.0,0.9
202201290050,297.0,1.8
202201290055,325.0,2.2
202201290100,281.0,2.2
202201290110,326.0,2.7
202201290115,314.0,3.1
202201290120,299.0,4.0
202201290125,333.0,4.5
202201290135,330.0,4.0
202201290140,284.0,4.0
202201290145,305.0,3.6
202201290150,323.0,3.1
202201290155,286.0,3.1
202201290200,318.0,3.1
202201290210,329.0,3.1
202201290215,321.0,3.1
202201290220,310.0,2.7
202201290225,314.0,2.7
202201290230,313.0,2.7
202201290235,340.0,3.1
202201290240,307.0,3.1
202201290245,331.0,3.1
202201290250,306.0,2.2
202201290255,287.0,2.2
202201290300,326.0,2.2
202201290310,338.0,2.7
202201290315,330.0,2.7
202201290320,310.0,2.7
202201290325,325.0,2.7
202201290330,322.0,2.7
202201290335,336.0,2.7
202201290340,306.0,3.1
202201290345,326.0,3.1
202201290350,308.0,2.7
202201290355,323.0,2.2
202201290400,305.0,2.7
202201290410,316.0,3.1
202201290415,325.0,3.1
202201290420,288.0,2.7
202201290430,310.0,3.1
202201290435,316.0,3.1
202201290445,293.0,2.7
202201290450,326.0,2.7
202201290455,325.0,3.1
202201290500,341.0,3.1
202201290510,332.0,3.1
202201290515,324.0,3.1
202201290520,322.0,2.7
202201290525,333.0,2.7
202201290530,306.0,2.7
202201290535,331.0,2.7
202201290540,318.0,2.7
202201290545,306.0,3.1
202201290550,332.0,2.7
202201290555,312.0,2.7
202201290600,313.0,2.2
202201290620,327.0,2.7
202201290625,324.0,2.7
202201290635,326.0,2.7
202201290640,302.0,2.2
202201290645,330.0,2.2
202201290650,325.0,2.2
202201290655,326.0,2.2
202201290700,287.0,2.7
202201290710,315.0,2.2
202201290715,319.0,2.2
202201290720,297.0,2.2
202201290725,337.0,2.2
202201290730,292.0,2.7
202201290735,327.0,2.7
202201290740,321.0,2.2
202201290745,306.0,2.2
202201290750,283.0,2.2
202201290755,330.0,2.2
202201290800,323.0,2.7
202201290810,313.0,3.1
202201290815,325.0,3.1
202201290820,331.0,2.7
202201290825,315.0,2.7
202201290835,317.0,2.7
202201290840,330.0,2.2
202201290845,302.0,2.2
202201290850,316.0,2.7
202201290855,324.0,2.7
202201290900,339.0,2.7
202201290910,322.0,2.2
202201290915,331.0,2.2
202201290920,325.0,2.7
202201290925,289.0,3.1
202201290930,304.0,2.7
202201290935,341.0,2.7
202201290940,313.0,2.7
202201290945,337.0,2.7
202201290950,314.0,2.7
202201290955,300.0,2.7
202201291000,292.0,2.7
202201291010,325.0,3.1
202201291015,320.0,3.1
202201291020,322.0,2.7
202201291025,292.0,2.7
202201291030,336.0,2.7
202201291035,302.0,2.7
202201291040,295.0,2.7
202201291045,331.0,2.7
202201291050,299.0,2.7
202201291055,332.0,2.7
202201291100,339.0,2.2
202201291110,319.0,2.2
202201291115,316.0,2.2
202201291120,330.0,2.2
202201291125,330.0,2.2
202201291130,331.0,2.2
202201291135,326.0,2.2
202201291145,320.0,2.7
202201291150,306.0,2.2
202201291155,335.0,2.2
202201291200,299.0,1.8
202201291210,315.0,1.3
202201291215,308.0,1.3
202201291220,291.0,1.3
202201291225,305.0,1.3
202201291230,322.0,1.3
202201291235,331.0,1.3
202201291240,311.0,1.8
202201291245,331.0,2.2
202201291250,336.0,2.2
202201291255,334.0,2.2
202201291300,313.0,2.2
202201291310,328.0,2.2
202201291315,292.0,2.2
202201291320,295.0,2.2
202201291325,297.0,2.2
202201291330,300.0,2.2
202201291335,324.0,2.2
202201291340,317.0,2.2
202201291345,328.0,2.7
202201291350,329.0,2.7
202201291355,321.0,2.7
202201291400,338.0,2.7
202201291410,322.0,2.7
202201291415,348.0,3.1
202201291420,326.0,2.7
202201291430,302.0,2.7
202201291445,333.0,2.2
202201291450,307.0,2.2
202201291455,305.0,2.7
202201291510,333.0,4.0
202201291515,335.0,4.0
202201291520,338.0,2.7
202201291530,340.0,2.7
202201291535,332.0,3.1
202201291540,327.0,3.1
202201291545,309.0,3.6
202201291550,319.0,3.1
202201291555,313.0,3.1
202201291600,311.0,2.7
202201291610,326.0,2.7
202201291615,312.0,2.7
202201291620,336.0,3.1
202201291625,327.0,3.6
202201291630,338.0,4.0
202201291635,330.0,4.0
202201291640,322.0,3.6
202201291645,320.0,3.1
202201291650,334.0,3.1
202201291655,340.0,3.6
202201291700,335.0,3.1
202201291710,290.0,3.1
202201291715,326.0,3.1
202201291720,299.0,3.1
202201291725,333.0,3.6
202201291730,324.0,2.7
202201291735,339.0,2.7
202201291740,294.0,3.1
202201291750,339.0,3.6
202201291755,241.0,3.6
202201291800,345.0,3.6
202201291810,338.0,4.0
202201291815,341.0,4.5
202201291820,327.0,4.5
202201291825,326.0,4.0
202201291830,332.0,3.1
202201291835,339.0,3.1
202201291840,329.0,3.6
202201291845,327.0,4.0
202201291850,353.0,4.0
202201291855,337.0,3.6
202201291900,330.0,3.1
202201291910,334.0,3.6
202201291915,318.0,3.6
202201291920,321.0,4.0
202201291925,313.0,4.0
202201291930,320.0,4.0
202201291935,312.0,3.6
202201291940,319.0,3.1
202201291945,314.0,3.1
202201291950,345.0,3.1
202201291955,336.0,3.6
202201292000,341.0,4.0
202201292010,344.0,3.6
202201292015,332.0,3.6
202201292020,269.0,3.6
202201292025,314.0,3.6
202201292030,274.0,3.1
202201292035,335.0,3.1
202201292040,332.0,4.0
202201292045,286.0,4.0
202201292050,314.0,3.1
202201292055,353.0,2.7
202201292100,316.0,3.1
202201292110,340.0,3.1
202201292115,0.0,3.1
202201292120,346.0,3.1
202201292125,326.0,3.1
202201292130,326.0,3.1
202201292135,317.0,3.6
202201292140,313.0,2.7
202201292145,305.0,2.7
202201292150,329.0,2.7
202201292155,319.0,2.7
202201292200,337.0,2.7
202201292210,314.0,2.2
202201292215,280.0,1.3
202201292220,312.0,1.8
202201292225,329.0,2.2
202201292230,306.0,2.2
202201292235,331.0,2.2
202201292240,329.0,2.2
202201292245,340.0,2.7
202201292250,318.0,1.8
202201292300,330.0,0.9
202201292310,307.0,0.9
202201292315,286.0,0.9
202201292320,304.0,0.9
202201292325,321.0,0.9
202201292330,304.0,0.9
202201292335,305.0,0.9
202201292340,316.0,0.9
202201292345,275.0,0.9
202201292350,342.0,0.9
202201292355,314.0,0.4
202201300000,303.0,0.4
202201300010,276.0,0.4
202201300015,,0.0
202201300020,,0.0
202201300025,,0.0
202201300030,,0.0
202201300035,,0.0
202201300040,,0.0
202201300045,,0.0
202201300050,,0.0
202201300055,,0.0
202201300100,,0.0
202201300110,277.0,0.4
202201300115,300.0,0.4
202201300120,298.0,0.9
202201300125,287.0,0.9
202201300130,273.0,0.4
202201300135,284.0,0.4
202201300140,294.0,0.4
202201300145,279.0,0.4
202201300150,274.0,0.9
202201300155,301.0,0.9
202201300200,273.0,0.9
202201300210,242.0,0.9
202201300215,247.0,0.4
202201300220,304.0,0.4
202201300225,,0.0
202201300230,310.0,0.4
202201300240,295.0,0.9
202201300245,342.0,0.9
202201300255,,0.0
202201300300,351.0,0.4
202201300310,298.0,0.4
202201300315,,0.0
202201300320,,0.0
202201300325,,0.0
202201300330,314.0,0.4
202201300335,287.0,0.9
202201300340,303.0,0.4
202201300345,291.0,0.4
202201300350,295.0,0.4
202201300355,,0.0
202201300400,,0.0
202201300410,,0.0
202201300415,,0.0
202201300420,,0.0
202201300425,,0.0
202201300430,,0.0
202201300435,,0.0
202201300440,,0.0
202201300445,,0.0
202201300450,,0.0
202201300455,,0.0
202201300500,,0.0
202201300510,,0.0
202201300515,,0.0
202201300520,,0.0
202201300525,,0.0
202201300530,,0.0
202201300535,,0.0
202201300540,,0.0
202201300545,,0.0
202201300550,,0.0
202201300555,,0.0
202201300600,,0.0
202201300610,,0.0
202201300615,,0.0
202201300620,,0.0
202201300625,,0.0
202201300630,,0.0
202201300635,,0.0
202201300640,,0.0
202201300650,,0.0
202201300655,,0.0
202201300700,,0.0
202201300710,,0.0
202201300715,,0.0
202201300720,,0.0
202201300725,,0.0
202201300730,,0.0
202201300735,,0.0
202201300740,,0.0
202201300745,,0.0
202201300750,,0.0
202201300755,,0.0
202201300800,,0.0
202201300810,,0.0
202201300815,,0.0
202201300820,,0.0
202201300825,,0.0
202201300830,,0.0
202201300835,,0.0
202201300840,,0.0
202201300845,,0.0
202201300850,,0.0
202201300855,,0.0
202201300900,,0.0
202201300910,,0.0
202201300920,,0.0
202201300925,,0.0
202201300930,,0.0
202201300935,,0.0
202201300940,,0.0
202201300945,,0.0
202201300950,,0.0
202201300955,,0.0
202201301000,,0.0
202201301010,,0.0
202201301015,,0.0
202201301020,,0.0
202201301025,,0.0
202201301030,,0.0
202201301035,,0.0
202201301040,,0.0
202201301045,,0.0
202201301050,,0.0
202201301055,,0.0
202201301100,,0.0
202201301110,,0.0
202201301115,,0.0
202201301120,,0.0
202201301125,,0.0
202201301130,,0.0
202201301135,,0.0
202201301140,,0.0
202201301145,,0.0
202201301150,,0.0
202201301155,,0.0
202201301200,,0.0
202201301210,,0.0
202201301215,,0.0
202201301220,,0.0
202201301225,,0.0
202201301230,217.0,0.4
202201301235,194.0,0.4
202201301240,204.0,0.4
202201301245,213.0,0.4
202201301250,191.0,0.4
202201301255,,0.0
202201301300,,0.0
202201301310,,0.0
202201301315,,0.0
202201301320,204.0,0.4
202201301325,218.0,0.4
202201301330,215.0,0.4
202201301335,229.0,0.4
202201301340,205.0,0.4
202201301345,,0.0
202201301350,,0.0
202201301355,,0.0
202201301400,212.0,0.4
202201301410,205.0,0.9
202201301415,228.0,0.9
202201301420,211.0,1.8
202201301425,213.0,2.2
202201301430,215.0,2.2
202201301435,214.0,2.7
202201301440,233.0,2.7
202201301445,225.0,2.7
202201301450,225.0,2.7
202201301455,195.0,3.1
202201301500,213.0,2.7
202201301510,216.0,2.2
202201301515,201.0,2.2
202201301520,233.0,2.2
202201301525,208.0,2.2
202201301530,218.0,2.2
202201301535,243.0,2.2
202201301540,191.0,2.2
202201301550,206.0,2.7
202201301555,226.0,2.7
202201301600,220.0,2.2
202201301610,217.0,2.7
202201301615,207.0,2.7
202201301620,283.0,3.1
202201301625,179.0,3.6
202201301630,253.0,2.7
202201301635,257.0,2.7
202201301640,175.0,2.2
202201301645,203.0,2.2
202201301650,221.0,2.7
202201301655,221.0,3.1
202201301700,195.0,2.7
202201301710,214.0,2.7
202201301715,176.0,2.7
202201301720,210.0,2.7
202201301725,211.0,2.7
202201301730,179.0,2.7
202201301735,227.0,3.1
202201301740,212.0,2.7
202201301745,227.0,2.7
202201301750,217.0,2.7
202201301755,204.0,2.7
202201301800,179.0,2.7
202201301810,210.0,2.7
202201301815,164.0,2.7
202201301820,231.0,2.7
202201301825,194.0,2.7
202201301830,213.0,2.7
202201301835,185.0,3.1
202201301840,178.0,2.2
202201301845,198.0,2.2
202201301850,169.0,2.7
202201301855,192.0,3.1
202201301900,191.0,2.2
202201301910,197.0,2.7
202201301915,191.0,3.1
202201301920,195.0,2.7
202201301925,189.0,2.7
202201301930,209.0,3.1
202201301935,228.0,3.6
202201301940,214.0,4.0
202201301945,203.0,4.0
202201301950,203.0,3.1
202201301955,208.0,3.1
202201302000,224.0,3.1
202201302010,200.0,3.1
202201302015,174.0,3.6
202201302020,196.0,3.1
202201302025,186.0,2.7
202201302030,193.0,2.7
202201302035,238.0,3.1
202201302040,221.0,2.7
202201302045,227.0,2.7
202201302050,233.0,2.2
202201302055,220.0,2.2
202201302100,206.0,2.2
202201302110,237.0,2.7
202201302115,201.0,2.7
202201302120,213.0,2.7
202201302125,221.0,3.1
202201302130,228.0,3.6
202201302135,219.0,4.0
202201302140,235.0,3.1
202201302145,220.0,3.1
202201302150,194.0,2.7
202201302155,230.0,2.7
202201302200,200.0,2.7
202201302210,219.0,2.7
202201302215,227.0,2.7
202201302220,221.0,2.7
202201302225,219.0,2.7
202201302230,212.0,2.2
202201302235,211.0,2.2
202201302240,231.0,2.2
202201302245,229.0,2.2
202201302255,210.0,1.3
202201302300,175.0,1.3
202201302310,192.0,0.9
202201302315,214.0,0.9
202201302320,204.0,0.9
202201302325,211.0,0.9
202201302330,190.0,0.9
202201302335,218.0,0.4
202201302340,219.0,0.4
202201302345,,0.0
202201302350,,0.0
202201302355,,0.0
202201310000,,0.0
202201310010,,0.0
202201310015,,0.0
202201310020,,0.0
202201310025,,0.0
202201310030,,0.0
202201310035,,0.0
202201310040,,0.0
202201310045,,0.0
202201310050,,0.0
202201310055,,0.0
202201310100,,0.0
202201310110,,0.0
202201310115,,0.0
202201310120,215.0,0.4
202201310125,220.0,0.9
202201310130,235.0,0.9
202201310135,228.0,0.9
202201310140,233.0,0.9
202201310145,238.0,0.4
202201310150,232.0,0.9
202201310155,232.0,0.9
202201310200,216.0,0.9
202201310210,224.0,0.4
202201310215,,0.0
202201310220,,0.0
202201310225,,0.0
202201310230,,0.0
202201310235,,0.0
202201310240,,0.0
202201310245,,0.0
202201310250,,0.0
202201310255,,0.0
202201310300,,0.0
202201310310,,0.0
202201310315,,0.0
202201310320,,0.0
202201310325,,0.0
202201310330,,0.0
202201310335,,0.0
202201310340,,0.0
202201310345,,0.0
202201310350,,0.0
202201310355,,0.0
202201310400,,0.0
202201310410,,0.0
202201310415,,0.0
202201310420,,0.0
202201310425,,0.0
202201310430,,0.0
202201310435,,0.0
202201310440,,0.0
202201310445,,0.0
202201310450,,0.0
202201310455,,0.0
202201310500,,0.0
202201310510,,0.0
202201310515,,0.0
202201310520,,0.0
202201310525,,0.0
202201310530,,0.0
202201310535,,0.0
202201310540,,0.0
202201310545,,0.0
202201310550,,0.0
202201310555,,0.0
202201310600,,0.0
202201310610,,0.0
202201310615,,0.0
202201310620,,0.0
202201310625,,0.0
202201310630,,0.0
202201310635,,0.0
202201310640,,0.0
202201310645,,0.0
202201310650,,0.0
202201310655,,0.0
202201310700,,0.0
202201310710,,0.0
202201310715,,0.0
202201310720,,0.0
202201310725,,0.0
202201310730,,0.0
202201310735,,0.0
202201310740,,0.0
202201310745,,0.0
202201310750,,0.0
202201310755,,0.0
202201310800,,0.0
202201310810,205.0,0.4
202201310815,184.0,0.4
202201310820,224.0,0.9
202201310825,217.0,0.9
202201310830,225.0,0.4
202201310835,,0.0
202201310840,,0.0
202201310845,,0.0
202201310850,,0.0
202201310855,,0.0
202201310900,,0.0
202201310910,,0.0
202201310915,,0.0
202201310920,,0.0
202201310925,,0.0
202201310930,,0.0
202201310935,,0.0
202201310940,,0.0
202201310945,,0.0
202201310950,,0.0
202201310955,,0.0
202201311000,,0.0
202201311010,,0.0
202201311015,,0.0
202201311020,,0.0
202201311025,,0.0
202201311030,,0.0
202201311035,,0.0
202201311040,,0.0
202201311045,,0.0
202201311050,,0.0
202201311055,,0.0
202201311100,,0.0
202201311110,,0.0
202201311115,,0.0
202201311120,,0.0
202201311125,,0.0
202201311130,,0.0
202201311135,,0.0
202201311140,,0.0
202201311145,,0.0
202201311150,,0.0
202201311155,,0.0
202201311200,,0.0
202201311210,,0.0
202201311215,,0.0
202201311220,,0.0
202201311225,,0.0
202201311230,,0.0
202201311235,,0.0
202201311240,,0.0
202201311245,,0.0
202201311250,,0.0
202201311300,,0.0
202201311310,,0.0
202201311315,,0.0
202201311320,,0.0
202201311325,,0.0
202201311330,,0.0
202201311335,,0.0
202201311340,,0.0
202201311345,,0.0
202201311350,,0.0
202201311355,,0.0
202201311400,,0.0
202201311410,,0.0
202201311415,,0.0
202201311420,,0.0
202201311425,,0.0
202201311430,312.0,0.4
202201311435,2.0,0.9
202201311440,224.0,0.9
202201311445,192.0,0.9
202201311450,309.0,0.9
202201311455,339.0,0.9
202201311500,340.0,0.9
202201311510,340.0,0.9
202201311515,266.0,0.9
202201311520,264.0,0.9
202201311525,207.0,0.9
202201311530,10.0,0.9
202201311535,346.0,0.4
202201311540,13.0,0.9
202201311545,330.0,0.9
202201311550,343.0,0.9
202201311555,318.0,0.9
202201311600,314.0,0.9
202201311610,2.0,0.9
202201311615,306.0,0.4
202201311620,325.0,0.9
202201311625,343.0,0.9
202201311630,8.0,0.9
202201311635,328.0,0.9
202201311640,244.0,0.9
202201311645,340.0,0.9
202201311655,219.0,0.9
202201311700,330.0,0.4
202201311710,276.0,0.4
202201311715,300.0,0.9
202201311725,267.0,0.9
202201311735,329.0,0.9
202201311740,228.0,0.9
202201311745,320.0,0.4
202201311750,325.0,0.9
202201311755,329.0,0.9
202201311800,330.0,2.2
202201311810,341.0,2.2
202201311815,347.0,2.2
202201311820,335.0,2.2
202201311825,25.0,2.2
202201311830,309.0,1.8
202201311835,346.0,1.3
202201311840,267.0,1.3
202201311845,320.0,1.3
202201311850,328.0,1.3
202201311855,343.0,1.3
202201311900,307.0,1.8
202201311910,354.0,2.2
202201311915,326.0,2.2
202201311920,344.0,2.2
202201311925,341.0,2.2
202201311930,335.0,1.3
202201311935,334.0,0.9
202201311940,334.0,1.8
202201311945,326.0,2.2
202201311950,305.0,2.2
202201311955,333.0,2.2
202201312000,320.0,2.2
202201312010,337.0,2.2
202201312015,335.0,2.2
202201312020,314.0,2.2
202201312025,317.0,2.2
202201312030,285.0,1.3
202201312040,326.0,1.3
202201312045,346.0,2.2
202201312050,324.0,1.3
202201312055,316.0,1.3
202201312100,316.0,1.3
202201312110,313.0,0.9
202201312115,318.0,0.9
202201312120,324.0,0.9
202201312125,296.0,0.9
202201312135,331.0,1.3
202201312140,349.0,1.3
202201312145,328.0,1.3
202201312150,308.0,0.9
202201312155,321.0,0.9
202201312200,320.0,0.9
202201312210,320.0,1.3
202201312215,325.0,1.3
202201312220,323.0,0.9
202201312225,313.0,0.9
202201312230,316.0,0.4
202201312235,,0.0
202201312240,,0.0
202201312245,,0.0
202201312250,,0.0
202201312255,,0.0
202201312300,,0.0
202201312310,,0.0
202201312315,,0.0
202201312320,,0.0
202201312325,,0.0
202201312330,,0.0
202201312335,,0.0
202201312340,,0.0
202201312345,,0.0
202201312350,,0.0
202201312355,,0.0
202202010000,,0.0
202202010010,,0.0
202202010015,,0.0
202202010020,,0.0
202202010025,,0.0
202202010030,,0.0
202202010035,,0.0
202202010040,,0.0
202202010045,,0.0
202202010050,,0.0
202202010100,,0.0
202202010110,,0.0
202202010115,,0.0
202202010120,,0.0
202202010125,,0.0
202202010130,,0.0
202202010135,,0.0
202202010145,,0.0
202202010150,,0.0
202202010155,,0.0
202202010200,,0.0
202202010210,,0.0
202202010215,,0.0
202202010220,,0.0
202202010225,,0.0
202202010230,,0.0
202202010240,,0.0
202202010245,,0.0
202202010250,,0.0
202202010255,,0.0
202202010300,,0.0
202202010310,,0.0
202202010315,,0.0
202202010320,,0.0
202202010325,,0.0
202202010330,,0.0
202202010335,,0.0
202202010340,,0.0
202202010345,,0.0
202202010350,,0.0
202202010355,,0.0
202202010400,,0.0
202202010410,,0.0
202202010415,,0.0
202202010420,,0.0
202202010425,,0.0
202202010430,,0.0
202202010435,,0.0
202202010440,,0.0
202202010445,,0.0
202202010450,,0.0
202202010455,,0.0
202202010500,,0.0
202202010510,,0.0
202202010515,,0.0
202202010520,,0.0
202202010525,,0.0
202202010530,,0.0
202202010535,,0.0
202202010540,,0.0
202202010545,,0.0
202202010550,,0.0
202202010555,,0.0
202202010600,,0.0
202202010610,,0.0
202202010620,,0.0
202202010625,,0.0
202202010630,,0.0
202202010635,,0.0
202202010640,,0.0
202202010645,,0.0
202202010650,,0.0
202202010655,,0.0
202202010700,,0.0
202202010710,,0.0
202202010715,,0.0
202202010720,,0.0
202202010725,,0.0
202202010730,,0.0
202202010735,,0.0
202202010740,,0.0
202202010745,,0.0
202202010750,,0.0
202202010755,,0.0
202202010800,,0.0
202202010810,,0.0
202202010815,,0.0
202202010820,,0.0
202202010825,,0.0
202202010835,,0.0
202202010840,,0.0
202202010845,,0.0
202202010850,,0.0
202202010855,,0.0
202202010900,,0.0
202202010910,,0.0
202202010915,,0.0
202202010920,,0.0
202202010925,,0.0
202202010930,,0.0
202202010940,,0.0
202202010945,,0.0
202202010950,,0.0
202202010955,,0.0
202202011000,,0.0
202202011010,,0.0
202202011015,,0.0
202202011025,,0.0
202202011030,,0.0
202202011035,,0.0
202202011040,,0.0
202202011045,,0.0
202202011050,,0.0
202202011055,,0.0
202202011100,,0.0
202202011110,,0.0
202202011115,,0.0
202202011120,,0.0
202202011125,,0.0
202202011130,,0.0
202202011135,,0.0
202202011140,,0.0
202202011145,,0.0
202202011150,,0.0
202202011155,,0.0
202202011200,,0.0
202202011210,,0.0
202202011215,,0.0
202202011220,,0.0
202202011225,,0.0
202202011230,,0.0
202202011235,,0.0
202202011240,,0.0
202202011245,,0.0
202202011250,,0.0
202202011255,,0.0
202202011300,,0.0
202202011310,,0.0
202202011315,,0.0
202202011320,,0.0
202202011325,,0.0
202202011330,,0.0
202202011335,,0.0
202202011340,,0.0
202202011345,,0.0
202202011350,,0.0
202202011355,,0.0
202202011400,9.0,0.4
202202011410,313.0,0.4
202202011415,356.0,0.4
202202011420,30.0,0.9
202202011425,355.0,0.9
202202011430,340.0,0.9
202202011435,339.0,0.9
202202011440,345.0,0.9
202202011445,3.0,0.9
202202011450,72.0,0.9
202202011455,338.0,0.4
202202011500,25.0,0.9
202202011510,5.0,0.9
202202011515,355.0,0.9
202202011520,315.0,0.9
202202011525,277.0,0.4
202202011530,78.0,0.4
202202011535,,0.0
202202011540,21.0,0.4
202202011545,26.0,0.9
202202011550,14.0,0.9
202202011555,356.0,0.9
202202011600,350.0,0.9
202202011610,49.0,0.9
202202011615,341.0,0.9
202202011620,73.0,0.9
202202011625,63.0,0.9
202202011635,325.0,0.9
202202011640,297.0,0.9
202202011645,49.0,0.9
202202011650,47.0,0.9
202202011655,100.0,0.9
202202011700,44.0,0.9
202202011710,99.0,0.9
202202011715,35.0,0.4
202202011720,66.0,0.9
202202011725,37.0,0.9
202202011730,316.0,0.9
202202011735,120.0,0.4
202202011740,30.0,0.9
202202011745,127.0,0.9
202202011750,56.0,0.9
202202011755,27.0,0.4
202202011800,34.0,0.4
202202011810,308.0,0.9
202202011815,145.0,0.9
202202011820,72.0,0.9
202202011825,47.0,0.9
202202011830,105.0,0.9
202202011835,126.0,0.9
202202011840,104.0,0.9
202202011845,86.0,0.9
202202011850,36.0,0.9
202202011855,107.0,0.9
202202011900,85.0,0.9
202202011910,200.0,0.9
202202011915,66.0,0.9
202202011920,112.0,0.9
202202011925,358.0,0.9
202202011930,176.0,0.9
202202011935,30.0,0.9
202202011940,83.0,0.9
202202011945,68.0,0.9
202202011950,59.0,0.9
202202011955,82.0,0.9
202202012000,88.0,0.9
202202012010,53.0,0.9
202202012015,48.0,0.9
202202012020,86.0,0.9
202202012025,119.0,0.9
202202012030,65.0,0.9
202202012035,74.0,0.9
202202012040,81.0,0.9
202202012045,119.0,0.9
202202012050,98.0,0.9
202202012055,53.0,0.4
202202012100,43.0,0.9
202202012110,75.0,0.9
202202012115,145.0,0.4
202202012120,124.0,0.4
202202012125,,0.0
202202012130,105.0,0.4
202202012135,89.0,0.9
202202012140,95.0,0.9
202202012145,99.0,0.9
202202012150,111.0,0.4
202202012155,,0.0
202202012210,109.0,0.4
202202012215,122.0,0.4
202202012220,87.0,0.4
202202012225,106.0,0.4
202202012230,95.0,0.4
202202012235,,0.0
202202012240,,0.0
202202012245,,0.0
202202012250,,0.0
202202012255,,0.0
202202012300,,0.0
202202012310,,0.0
202202012320,,0.0
202202012325,,0.0
202202012330,,0.0
202202012335,,0.0
202202012340,,0.0
202202012345,,0.0
202202012355,,0.0
202202020000,,0.0
202202020010,,0.0
202202020015,,0.0
202202020020,,0.0
202202020025,,0.0
202202020035,,0.0
202202020040,,0.0
202202020045,,0.0
202202020050,,0.0
202202020055,,0.0
202202020100,,0.0
202202020110,,0.0
202202020115,,0.0
202202020120,,0.0
202202020125,,0.0
202202020135,,0.0
202202020140,,0.0
202202020145,,0.0
202202020150,,0.0
202202020155,,0.0
202202020200,111.0,0.4
202202020210,102.0,0.4
202202020215,,0.0
202202020220,,0.0
202202020225,,0.0
202202020230,,0.0
202202020235,,0.0
202202020240,,0.0
202202020245,,0.0
202202020255,85.0,0.4
202202020300,89.0,0.4
202202020310,,0.0
202202020315,,0.0
202202020320,,0.0
202202020325,,0.0
202202020330,,0.0
202202020335,,0.0
202202020340,,0.0
202202020350,,0.0
202202020355,,0.0
202202020400,,0.0
202202020410,,0.0
202202020415,,0.0
202202020420,,0.0
202202020425,,0.0
202202020430,,0.0
202202020435,,0.0
202202020440,,0.0
202202020445,,0.0
202202020450,,0.0
202202020500,,0.0
202202020510,,0.0
202202020515,,0.0
202202020520,,0.0
202202020525,,0.0
202202020530,,0.0
202202020535,,0.0
202202020540,,0.0
202202020545,,0.0
202202020550,,0.0
202202020555,,0.0
202202020600,,0.0
202202020610,,0.0
202202020615,,0.0
202202020620,,0.0
202202020625,,0.0
202202020630,,0.0
202202020635,,0.0
202202020640,,0.0
202202020645,,0.0
202202020650,,0.0
202202020655,,0.0
202202020700,,0.0
202202020710,,0.0
202202020715,,0.0
202202020720,,0.0
202202020725,,0.0
202202020730,,0.0
202202020735,,0.0
202202020740,,0.0
202202020745,,0.0
202202020750,,0.0
202202020755,,0.0
202202020810,,0.0
202202020815,,0.0
202202020820,,0.0
202202020825,,0.0
202202020830,,0.0
202202020835,,0.0
202202020840,,0.0
202202020845,,0.0
202202020850,,0.0
202202020855,,0.0
202202020900,,0.0
202202020910,,0.0
202202020915,,0.0
202202020920,,0.0
202202020925,,0.0
202202020930,,0.0
202202020935,,0.0
202202020940,,0.0
202202020945,,0.0
202202020950,,0.0
202202020955,,0.0
202202021000,,0.0
202202021010,,0.0
202202021015,,0.0
202202021020,,0.0
202202021025,,0.0
202202021030,,0.0
202202021035,,0.0
202202021040,,0.0
202202021045,,0.0
202202021050,,0.0
202202021055,,0.0
202202021100,,0.0
202202021110,,0.0
202202021115,,0.0
202202021120,,0.0
202202021125,,0.0
202202021130,,0.0
202202021135,,0.0
202202021140,,0.0
202202021145,,0.0
202202021150,,0.0
202202021155,,0.0
202202021200,,0.0
202202021210,,0.0
202202021215,,0.0
202202021220,,0.0
202202021225,,0.0
202202021230,,0.0
202202021235,,0.0
202202021245,,0.0
202202021250,,0.0
202202021255,,0.0
202202021300,,0.0
202202021310,,0.0
202202021315,,0.0
202202021325,,0.0
202202021330,,0.0
202202021335,,0.0
202202021340,,0.0
202202021345,,0.0
202202021350,,0.0
202202021355,,0.0
202202021400,,0.0
202202021410,,0.0
202202021415,,0.0
202202021420,72.0,0.4
202202021425,337.0,0.4
202202021430,358.0,0.4
202202021440,,0.0
202202021450,,0.0
202202021455,,0.0
202202021500,,0.0
202202021510,96.0,0.4
202202021515,105.0,0.4
202202021520,99.0,0.9
202202021525,83.0,0.9
202202021530,90.0,0.9
202202021535,101.0,0.9
202202021540,79.0,0.9
202202021545,110.0,0.9
202202021550,70.0,0.9
202202021555,90.0,0.9
202202021600,51.0,0.4
202202021610,92.0,0.4
202202021615,83.0,0.4
202202021620,42.0,0.4
202202021625,,0.0
202202021630,,0.0
202202021635,,0.0
202202021640,,0.0
202202021645,,0.0
202202021650,,0.0
202202021655,,0.0
202202021700,,0.0
202202021710,90.0,0.4
202202021715,104.0,0.4
202202021720,67.0,0.9
202202021725,78.0,0.9
202202021730,320.0,0.9
202202021735,102.0,0.9
202202021740,22.0,0.4
202202021745,,0.0
202202021750,,0.0
202202021755,,0.0
202202021800,,0.0
202202021810,94.0,0.4
202202021815,107.0,0.9
202202021820,86.0,0.9
202202021825,112.0,0.4
202202021830,329.0,0.4
202202021835,110.0,0.4
202202021840,123.0,0.4
202202021845,116.0,0.4
202202021850,121.0,0.9
202202021855,143.0,0.9
202202021900,310.0,0.9
202202021910,111.0,0.4
202202021915,,0.0
202202021920,,0.0
202202021925,,0.0
202202021930,,0.0
202202021935,,0.0
202202021940,108.0,0.4
202202021945,123.0,0.4
202202021950,103.0,0.4
202202021955,,0.0
202202022000,,0.0
202202022010,60.0,0.4
202202022015,115.0,0.4
202202022020,88.0,0.4
202202022025,,0.0
202202022030,,0.0
202202022035,,0.0
202202022040,106.0,0.4
202202022045,105.0,0.4
202202022055,105.0,0.4
202202022100,111.0,0.4
202202022110,102.0,0.9
202202022115,82.0,0.9
202202022125,66.0,0.4
202202022135,,0.0
202202022140,82.0,0.4
202202022145,115.0,0.4
202202022150,121.0,0.4
202202022155,,0.0
202202022210,94.0,0.9
202202022215,87.0,0.9
202202022220,91.0,0.9
202202022225,238.0,0.4
202202022230,104.0,0.4
202202022235,,0.0
202202022240,,0.0
202202022245,,0.0
202202022250,,0.0
202202022255,,0.0
202202022300,,0.0
202202022310,,0.0
202202022315,,0.0
202202022320,,0.0
202202022325,,0.0
202202022330,,0.0
202202022335,,0.0
202202022345,,0.0
202202022350,,0.0
202202022355,,0.0
202202030010,,0.0
202202030015,,0.0
202202030020,,0.0
202202030025,,0.0
202202030030,,0.0
202202030035,,0.0
202202030040,,0.0
202202030045,,0.0
202202030050,,0.0
202202030055,,0.0
202202030100,,0.0
202202030110,,0.0
202202030115,,0.0
202202030120,,0.0
202202030125,,0.0
202202030130,,0.0
202202030135,,0.0
202202030140,,0.0
202202030145,,0.0
202202030150,,0.0
202202030155,,0.0
202202030200,,0.0
202202030215,,0.0
202202030220,,0.0
202202030225,,0.0
202202030230,,0.0
202202030235,,0.0
202202030240,,0.0
202202030245,,0.0
202202030250,,0.0
202202030255,,0.0
202202030300,,0.0
202202030310,,0.0
202202030315,,0.0
202202030320,,0.0
202202030325,,0.0
202202030330,,0.0
202202030335,,0.0
202202030340,,0.0
202202030345,,0.0
202202030350,,0.0
202202030355,,0.0
202202030400,,0.0
202202030410,,0.0
202202030415,,0.0
202202030420,,0.0
202202030425,,0.0
202202030430,,0.0
202202030435,,0.0
202202030440,,0.0
202202030445,,0.0
202202030450,,0.0
202202030455,,0.0
202202030500,,0.0
202202030510,,0.0
202202030515,,0.0
202202030520,,0.0
202202030525,,0.0
202202030535,,0.0
202202030540,,0.0
202202030545,,0.0
202202030550,,0.0
202202030555,,0.0
202202030600,,0.0
202202030610,,0.0
202202030615,,0.0
202202030620,,0.0
202202030625,,0.0
202202030630,103.0,0.4
202202030640,92.0,0.4
202202030645,,0.0
202202030650,,0.0
202202030655,,0.0
202202030700,,0.0
202202030710,,0.0
202202030715,,0.0
202202030720,,0.0
202202030725,,0.0
202202030730,,0.0
202202030735,,0.0
202202030740,103.0,0.4
202202030745,98.0,0.4
202202030750,129.0,0.4
202202030755,,0.0
202202030800,120.0,0.4
202202030810,129.0,0.9
202202030815,91.0,0.9
202202030820,128.0,0.9
202202030825,131.0,0.4
202202030830,130.0,0.4
202202030835,,0.0
202202030840,93.0,0.4
202202030845,116.0,0.4
202202030850,340.0,0.4
202202030855,,0.0
202202030900,,0.0
202202030910,,0.0
202202030915,,0.0
202202030920,,0.0
202202030925,,0.0
202202030930,,0.0
202202030935,,0.0
202202030940,,0.0
202202030945,,0.0
202202030950,,0.0
202202030955,,0.0
202202031000,,0.0
202202031010,,0.0
202202031015,,0.0
202202031020,,0.0
202202031030,,0.0
202202031035,,0.0
202202031040,,0.0
202202031045,,0.0
202202031050,,0.0
202202031055,,0.0
202202031100,,0.0
202202031110,107.0,0.4
202202031115,132.0,0.9
202202031120,138.0,0.9
202202031130,106.0,0.9
202202031135,147.0,0.9
202202031140,121.0,0.9
202202031145,109.0,0.9
202202031150,79.0,0.4
202202031155,,0.0
202202031200,111.0,0.4
202202031210,120.0,0.4
202202031215,123.0,0.4
202202031220,128.0,0.4
202202031225,123.0,0.4
202202031230,117.0,0.4
202202031235,,0.0
202202031245,116.0,0.4
202202031250,114.0,0.4
202202031255,142.0,0.4
202202031300,135.0,0.4
202202031315,,0.0
202202031320,,0.0
202202031325,,0.0
202202031330,92.0,0.4
202202031335,79.0,0.9
202202031340,137.0,0.9
202202031345,163.0,0.9
202202031355,177.0,0.9
202202031400,59.0,0.9
202202031410,167.0,0.9
202202031415,194.0,0.9
202202031420,139.0,0.9
202202031425,164.0,0.9
202202031430,129.0,0.9
202202031435,99.0,0.9
202202031440,142.0,0.9
202202031450,158.0,1.3
202202031455,102.0,1.3
202202031500,88.0,1.3
202202031510,85.0,0.9
202202031515,112.0,0.9
202202031520,116.0,0.9
202202031525,136.0,0.9
202202031530,115.0,0.9
202202031535,104.0,0.9
202202031540,126.0,1.3
202202031545,162.0,1.3
202202031550,93.0,1.3
202202031555,132.0,1.3
202202031600,136.0,1.8
202202031610,196.0,1.8
202202031615,133.0,1.3
202202031620,149.0,1.3
202202031625,150.0,1.3
202202031630,153.0,1.8
202202031635,138.0,2.2
202202031640,146.0,2.2
202202031645,106.0,2.2
202202031650,171.0,2.2
202202031700,136.0,2.2
202202031715,152.0,1.3
202202031720,153.0,1.3
202202031725,143.0,1.3
202202031730,189.0,1.8
202202031735,125.0,2.2
202202031740,180.0,2.2
202202031745,185.0,2.2
202202031750,149.0,1.3
202202031755,146.0,1.3
202202031800,58.0,1.8
202202031810,98.0,1.8
202202031815,152.0,1.3
202202031820,169.0,1.8
202202031825,174.0,2.2
202202031830,129.0,2.2
202202031835,178.0,2.2
202202031840,134.0,2.2
202202031845,147.0,2.2
202202031850,157.0,2.2
202202031855,161.0,2.2
202202031900,69.0,2.2
202202031910,169.0,2.2
202202031915,162.0,2.2
202202031920,145.0,2.2
202202031925,145.0,2.2
202202031930,108.0,1.8
202202031935,167.0,1.3
202202031940,144.0,1.8
202202031945,97.0,2.2
202202031950,145.0,2.2
202202031955,135.0,2.2
202202032010,175.0,1.8
202202032015,118.0,1.3
202202032020,171.0,1.8
202202032025,182.0,2.2
202202032030,184.0,2.2
202202032035,115.0,2.2
202202032040,137.0,2.2
202202032045,145.0,2.2
202202032050,134.0,2.2
202202032055,134.0,2.2
202202032100,126.0,1.8
202202032110,160.0,2.2
202202032115,173.0,2.2
202202032120,123.0,1.8
202202032125,154.0,1.3
202202032130,152.0,1.8
202202032135,113.0,2.2
202202032140,167.0,1.3
202202032145,176.0,1.3
202202032150,299.0,1.3
202202032155,142.0,0.9
202202032200,159.0,0.9
202202032210,164.0,0.9
202202032215,177.0,0.9
202202032220,156.0,0.9
202202032225,108.0,0.9
202202032230,91.0,0.9
202202032235,114.0,0.9
202202032240,134.0,0.9
202202032245,133.0,0.9
202202032250,183.0,0.9
202202032255,189.0,0.9
202202032300,154.0,0.9
202202032310,142.0,0.9
202202032315,158.0,0.9
202202032320,181.0,0.9
202202032325,170.0,0.9
202202032330,97.0,0.9
202202032335,122.0,0.9
202202032340,127.0,0.9
202202032345,108.0,0.9
202202032350,109.0,0.9
202202032355,133.0,0.4
202202040010,124.0,0.9
202202040015,126.0,0.9
202202040020,125.0,0.9
202202040025,182.0,0.9
202202040030,110.0,0.9
202202040035,127.0,0.9
202202040040,130.0,0.9
202202040045,117.0,0.9
202202040050,139.0,0.9
202202040055,165.0,0.9
202202040100,145.0,0.9
202202040110,131.0,0.9
202202040115,107.0,0.9
202202040120,100.0,0.9
202202040125,188.0,0.9
202202040130,120.0,0.9
202202040135,167.0,0.9
202202040140,111.0,0.9
202202040145,120.0,0.9
202202040150,182.0,0.9
202202040155,134.0,0.9
202202040200,172.0,0.9
202202040210,162.0,1.3
202202040215,125.0,1.3
202202040220,143.0,1.3
202202040225,179.0,0.9
202202040230,203.0,1.3
202202040235,148.0,1.3
202202040240,131.0,1.3
202202040245,62.0,0.9
202202040250,125.0,0.9
202202040255,139.0,0.9
202202040300,127.0,0.9
202202040310,169.0,0.9
202202040315,164.0,0.9
202202040320,42.0,0.9
202202040325,138.0,0.9
202202040330,123.0,0.9
202202040335,113.0,0.9
202202040340,167.0,1.3
202202040345,188.0,1.3
202202040350,179.0,1.3
202202040355,188.0,0.9
202202040400,192.0,0.9
202202040415,184.0,0.9
202202040420,163.0,0.9
202202040425,211.0,0.9
202202040430,190.0,0.9
202202040435,124.0,0.9
202202040440,204.0,0.9
202202040445,203.0,0.9
202202040450,108.0,0.9
202202040455,154.0,0.9
202202040500,174.0,0.9
202202040510,140.0,1.3
202202040515,174.0,1.3
202202040525,198.0,0.9
202202040530,174.0,1.3
202202040535,309.0,1.3
202202040540,323.0,1.3
202202040545,354.0,0.9
202202040550,105.0,0.4
202202040555,,0.0
202202040600,,0.0
202202040610,,0.0
202202040615,,0.0
202202040620,,0.0
202202040625,,0.0
202202040630,,0.0
202202040635,,0.0
202202040640,,0.0
202202040645,,0.0
202202040655,,0.0
202202040700,,0.0
202202040710,,0.0
202202040715,,0.0
202202040720,,0.0
202202040725,,0.0
202202040730,,0.0
202202040735,,0.0
202202040740,166.0,0.4
202202040745,173.0,0.4
202202040750,173.0,0.4
202202040755,,0.0
202202040800,125.0,0.4
202202040810,189.0,0.4
202202040815,114.0,0.4
202202040820,156.0,0.4
202202040825,,0.0
202202040830,162.0,0.4
202202040835,162.0,0.4
202202040840,210.0,0.4
202202040850,,0.0
202202040855,,0.0
202202040900,,0.0
202202040910,106.0,0.4
202202040915,203.0,0.4
202202040920,146.0,0.4
202202040925,170.0,0.4
202202040930,159.0,0.9
202202040935,179.0,0.9
202202040940,160.0,0.9
202202040945,191.0,0.4
202202040950,175.0,0.9
202202040955,187.0,0.9
202202041000,163.0,0.9
202202041010,186.0,0.9
202202041015,193.0,0.9
202202041020,174.0,1.3
202202041025,194.0,1.3
202202041030,186.0,1.3
202202041035,193.0,0.9
202202041040,197.0,1.3
202202041045,241.0,1.3
202202041050,322.0,1.3
202202041055,198.0,0.9
202202041100,266.0,1.3
202202041110,209.0,1.3
202202041115,173.0,1.3
202202041120,175.0,1.3
202202041125,191.0,1.3
202202041130,195.0,1.3
202202041135,160.0,0.9
202202041140,102.0,0.9
202202041145,163.0,0.9
202202041150,210.0,0.9
202202041155,206.0,0.9
202202041200,167.0,0.9
202202041210,147.0,0.9
202202041215,178.0,0.4
202202041220,165.0,0.4
202202041225,201.0,0.4
202202041230,207.0,0.4
202202041235,118.0,0.4
202202041240,150.0,0.9
202202041245,132.0,0.9
202202041250,171.0,0.4
202202041255,,0.0
202202041300,195.0,0.4
202202041310,204.0,0.9
202202041315,182.0,0.9
202202041320,216.0,0.9
202202041325,189.0,0.9
202202041330,191.0,1.3
202202041335,165.0,1.3
202202041340,170.0,1.3
202202041345,155.0,0.9
202202041350,151.0,0.9
202202041355,122.0,0.9
202202041400,213.0,0.4
202202041410,163.0,0.4
202202041420,173.0,0.9
202202041425,141.0,0.9
202202041430,203.0,0.9
202202041435,106.0,0.4
202202041440,177.0,0.4
202202041445,202.0,0.4
202202041450,184.0,0.9
202202041455,166.0,0.9
202202041500,176.0,0.9
202202041510,199.0,0.9
202202041515,145.0,0.9
202202041520,198.0,0.9
202202041525,162.0,0.9
202202041530,115.0,1.3
202202041535,188.0,1.3
202202041540,175.0,1.3
202202041545,191.0,1.3
202202041550,212.0,1.3
202202041555,197.0,1.3
202202041600,191.0,1.8
202202041610,220.0,1.3
202202041615,215.0,1.3
202202041620,158.0,1.3
202202041625,205.0,1.3
202202041630,178.0,1.3
202202041635,208.0,0.9
202202041640,190.0,0.9
202202041645,209.0,0.9
202202041650,191.0,1.3
202202041655,202.0,2.2
202202041700,210.0,1.3
202202041710,205.0,1.3
202202041715,231.0,1.3
202202041720,213.0,1.8
202202041725,187.0,2.2
202202041730,175.0,1.3
202202041735,217.0,0.9
202202041740,210.0,1.3
202202041745,184.0,1.3
202202041750,188.0,1.3
202202041755,214.0,1.3
202202041800,197.0,1.3
202202041810,205.0,0.9
202202041815,209.0,0.9
202202041820,200.0,1.8
202202041825,221.0,2.2
202202041835,175.0,0.9
202202041840,187.0,0.9
202202041845,215.0,0.9
202202041850,178.0,0.9
202202041855,212.0,0.9
202202041900,211.0,1.3
202202041910,204.0,1.3
202202041915,220.0,0.9
202202041920,204.0,1.3
202202041925,211.0,1.3
202202041930,227.0,1.3
202202041940,225.0,0.9
202202041945,207.0,0.9
202202041950,201.0,1.3
202202041955,172.0,2.2
202202042000,218.0,1.3
202202042010,302.0,1.3
202202042015,315.0,2.2
202202042020,278.0,2.2
202202042025,300.0,2.2
202202042030,240.0,1.3
202202042035,245.0,0.9
202202042040,246.0,0.9
202202042045,281.0,0.4
202202042050,303.0,0.4
202202042055,236.0,0.4
202202042100,255.0,0.4
202202042110,270.0,0.9
202202042115,297.0,0.9
202202042120,296.0,0.9
202202042125,227.0,0.9
202202042130,249.0,0.9
202202042135,238.0,0.9
202202042140,259.0,0.9
202202042145,302.0,0.9
202202042150,314.0,0.9
202202042155,302.0,0.4
202202042200,280.0,0.9
202202042210,263.0,0.9
202202042215,291.0,0.9
202202042220,249.0,0.9
202202042230,305.0,0.9
202202042235,249.0,0.9
202202042240,212.0,0.9
202202042245,206.0,0.9
202202042250,276.0,0.9
202202042255,293.0,0.4
202202042310,,0.0
202202042315,,0.0
202202042320,312.0,0.4
202202042325,302.0,0.9
202202042330,327.0,0.9
202202042335,330.0,0.9
202202042340,271.0,0.9
202202042345,219.0,0.9
202202042350,253.0,1.3
202202042355,228.0,1.3
202202050000,229.0,1.3
202202050010,254.0,1.3
202202050015,240.0,1.3
202202050020,237.0,1.3
202202050025,215.0,0.9
202202050035,264.0,0.9
202202050040,218.0,0.9
202202050045,233.0,0.9
202202050050,226.0,1.3
202202050055,297.0,1.3
202202050100,245.0,1.3
202202050110,277.0,0.9
202202050115,221.0,0.9
202202050120,214.0,0.9
202202050125,212.0,0.9
202202050130,260.0,1.8
202202050135,226.0,2.2
202202050140,221.0,1.3
202202050145,280.0,0.9
202202050155,235.0,1.3
202202050200,233.0,1.8
202202050210,264.0,2.2
202202050215,243.0,2.2
202202050220,281.0,1.3
202202050225,219.0,0.9
202202050230,272.0,0.9
202202050235,228.0,0.9
202202050240,233.0,0.9
202202050245,293.0,0.9
202202050255,298.0,0.9
202202050300,236.0,1.3
202202050310,239.0,1.8
202202050315,311.0,2.2
202202050320,304.0,1.3
202202050325,202.0,1.3
202202050330,309.0,1.3
202202050335,244.0,0.9
202202050340,299.0,0.9
202202050345,259.0,0.9
202202050350,286.0,0.9
202202050355,282.0,0.9
202202050400,280.0,1.3
202202050410,318.0,1.8
202202050415,282.0,2.2
202202050420,277.0,2.2
202202050425,326.0,2.2
202202050430,320.0,1.8
202202050440,320.0,1.3
202202050450,251.0,0.9
202202050455,314.0,0.9
202202050500,273.0,0.9
202202050510,316.0,1.3
202202050515,303.0,2.2
202202050520,311.0,1.8
202202050525,318.0,1.3
202202050530,289.0,1.3
202202050535,314.0,0.9
202202050540,264.0,1.3
202202050545,260.0,2.2
202202050550,286.0,1.3
202202050555,316.0,0.9
202202050600,299.0,1.8
202202050610,281.0,2.2
202202050615,264.0,2.2
202202050620,293.0,2.2
202202050625,314.0,2.2
202202050630,326.0,2.2
202202050635,298.0,2.7
202202050640,256.0,1.8
202202050645,270.0,1.3
202202050650,306.0,1.8
202202050655,294.0,2.2
202202050700,310.0,2.2
202202050710,326.0,2.2
202202050715,295.0,2.2
202202050720,338.0,2.2
202202050725,300.0,2.2
202202050730,326.0,2.2
202202050735,319.0,2.2
202202050740,324.0,2.7
202202050745,326.0,2.7
202202050750,317.0,2.7
202202050755,353.0,2.7
202202050800,327.0,2.2
202202050810,303.0,2.2
202202050815,342.0,2.2
202202050820,301.0,2.2
202202050825,282.0,2.7
202202050835,332.0,2.2
202202050840,332.0,2.7
202202050845,344.0,3.1
202202050850,321.0,2.2
202202050855,334.0,2.2
202202050900,320.0,2.2
202202050910,322.0,2.2
202202050915,328.0,2.2
202202050920,336.0,2.2
202202050925,324.0,2.2
202202050930,324.0,2.2
202202050935,320.0,2.2
202202050945,327.0,2.2
202202050950,307.0,2.2
202202050955,334.0,2.7
202202051000,332.0,2.2
202202051010,329.0,2.2
202202051015,332.0,2.2
202202051020,324.0,2.2
202202051025,334.0,2.7
202202051030,315.0,2.2
202202051035,322.0,2.2
202202051040,319.0,2.2
202202051045,327.0,2.7
202202051050,311.0,2.7
202202051055,333.0,2.7
202202051100,325.0,2.2
202202051110,316.0,2.2
202202051115,319.0,2.2
202202051120,318.0,2.7
202202051125,335.0,2.7
202202051130,317.0,2.2
202202051135,320.0,2.2
202202051140,323.0,1.3
202202051145,323.0,0.9
202202051150,324.0,1.8
202202051155,324.0,2.2
202202051200,323.0,2.2
202202051210,323.0,2.2
202202051215,314.0,2.2
202202051220,327.0,2.2
202202051225,283.0,2.2
202202051230,335.0,2.2
202202051235,331.0,2.2
202202051240,314.0,2.2
202202051245,322.0,2.2
202202051250,333.0,2.2
202202051255,328.0,2.2
202202051300,329.0,2.2
202202051310,341.0,1.8
202202051315,329.0,1.3
202202051320,329.0,1.3
202202051325,331.0,1.3
202202051330,335.0,1.3
202202051335,300.0,0.9
202202051345,323.0,1.3
202202051350,326.0,1.8
202202051355,306.0,2.2
202202051400,324.0,1.8
202202051410,323.0,1.8
202202051415,325.0,2.2
202202051420,333.0,2.2
202202051425,324.0,2.2
202202051430,344.0,2.2
202202051435,336.0,2.2
202202051440,346.0,2.2
202202051445,335.0,2.2
202202051450,261.0,2.2
202202051455,332.0,2.2
202202051500,333.0,1.3
202202051510,7.0,1.8
202202051515,4.0,2.2
202202051520,345.0,2.2
202202051525,354.0,2.2
202202051530,0.0,2.2
202202051535,332.0,2.2
202202051540,10.0,2.7
202202051545,27.0,3.1
202202051550,312.0,2.2
202202051555,320.0,1.3
202202051600,10.0,2.2
202202051610,31.0,2.2
202202051615,13.0,2.2
202202051620,335.0,2.2
202202051625,345.0,2.2
202202051630,318.0,2.2
202202051635,6.0,2.7
202202051640,353.0,2.2
202202051650,324.0,1.8
202202051655,321.0,1.3
202202051700,7.0,1.8
202202051710,345.0,1.8
202202051715,330.0,1.3
202202051720,348.0,1.3
202202051725,337.0,1.3
202202051730,42.0,1.3
202202051735,12.0,0.9
202202051740,2.0,1.3
202202051745,3.0,2.2
202202051750,331.0,2.2
202202051755,349.0,2.2
202202051810,355.0,2.2
202202051815,340.0,2.2
202202051820,17.0,2.2
202202051825,356.0,2.2
202202051830,36.0,2.2
202202051835,3.0,2.2
202202051840,10.0,1.3
202202051845,324.0,0.9
202202051850,334.0,0.9
202202051855,350.0,0.9
202202051900,355.0,1.3
202202051910,82.0,2.2
202202051915,23.0,2.2
202202051920,47.0,1.3
202202051925,302.0,0.9
202202051930,357.0,1.3
202202051935,9.0,1.3
202202051940,344.0,1.3
202202051945,316.0,1.3
202202051950,339.0,2.2
202202051955,0.0,2.7
202202052000,0.0,2.2
202202052010,340.0,2.2
202202052015,78.0,2.2
202202052020,15.0,2.2
202202052025,2.0,2.2
202202052030,30.0,1.3
202202052035,342.0,0.9
202202052040,78.0,0.9
202202052045,14.0,0.9
202202052050,13.0,0.9
202202052055,27.0,0.9
202202052100,21.0,0.9
202202052110,36.0,0.9
202202052115,344.0,0.9
202202052120,356.0,0.9
202202052130,357.0,0.9
202202052135,14.0,0.4
202202052140,27.0,0.9
202202052145,64.0,0.9
202202052150,54.0,0.9
202202052155,94.0,0.4
202202052200,51.0,0.4
202202052210,0.0,0.4
202202052215,2.0,0.4
202202052220,15.0,0.9
202202052225,342.0,0.9
202202052230,26.0,0.4
202202052235,,0.0
202202052240,,0.0
202202052245,,0.0
202202052250,,0.0
202202052255,,0.0
202202052300,,0.0
202202052310,,0.0
202202052320,,0.0
202202052330,,0.0
202202052335,,0.0
202202052340,,0.0
202202052345,,0.0
202202052350,,0.0
202202052355,,0.0
202202060000,,0.0
202202060010,,0.0
202202060015,,0.0
202202060020,,0.0
202202060025,,0.0
202202060030,,0.0
202202060040,,0.0
202202060045,,0.0
202202060050,,0.0
202202060055,,0.0
202202060100,,0.0
202202060110,,0.0
202202060115,,0.0
202202060120,,0.0
202202060125,,0.0
202202060130,,0.0
202202060135,,0.0
202202060140,,0.0
202202060145,,0.0
202202060150,,0.0
202202060155,,0.0
202202060200,,0.0
202202060210,,0.0
202202060215,,0.0
202202060220,,0.0
202202060225,,0.0
202202060230,,0.0
202202060245,,0.0
202202060250,114.0,0.4
202202060300,52.0,0.4
202202060310,94.0,0.4
202202060315,88.0,0.4
202202060320,92.0,0.4
202202060325,58.0,0.4
202202060335,121.0,0.4
202202060340,79.0,0.4
202202060345,,0.0
202202060350,,0.0
202202060400,,0.0
202202060410,,0.0
202202060415,,0.0
202202060420,,0.0
202202060425,,0.0
202202060430,,0.0
202202060435,,0.0
202202060440,,0.0
202202060445,,0.0
202202060450,,0.0
202202060455,,0.0
202202060500,81.0,0.4
202202060510,31.0,0.4
202202060515,,0.0
202202060520,,0.0
202202060525,,0.0
202202060530,,0.0
202202060535,,0.0
202202060540,,0.0
202202060545,,0.0
202202060550,,0.0
202202060555,,0.0
202202060600,,0.0
202202060610,,0.0
202202060615,,0.0
202202060620,,0.0
202202060625,,0.0
202202060635,,0.0
202202060640,,0.0
202202060645,,0.0
202202060650,,0.0
202202060655,,0.0
202202060700,,0.0
202202060710,,0.0
202202060715,,0.0
202202060720,,0.0
202202060725,,0.0
202202060730,,0.0
202202060735,,0.0
202202060740,,0.0
202202060745,,0.0
202202060750,,0.0
202202060755,,0.0
202202060800,,0.0
202202060810,,0.0
202202060815,,0.0
202202060820,,0.0
202202060825,,0.0
202202060830,,0.0
202202060835,,0.0
202202060840,,0.0
202202060845,,0.0
202202060850,,0.0
202202060855,,0.0
202202060900,,0.0
202202060910,,0.0
202202060915,,0.0
202202060920,,0.0
202202060925,,0.0
202202060930,,0.0
202202060935,,0.0
202202060945,,0.0
202202060950,,0.0
202202060955,,0.0
202202061000,,0.0
202202061010,,0.0
202202061015,,0.0
202202061020,,0.0
202202061025,,0.0
202202061030,,0.0
202202061035,,0.0
202202061040,,0.0
202202061045,,0.0
202202061050,,0.0
202202061055,,0.0
202202061100,,0.0
202202061110,,0.0
202202061115,,0.0
202202061120,,0.0
202202061125,,0.0
202202061130,,0.0
202202061135,,0.0
202202061140,,0.0
202202061145,,0.0
202202061150,,0.0
202202061155,,0.0
202202061200,,0.0
202202061210,,0.0
202202061215,,0.0
202202061220,,0.0
202202061225,,0.0
202202061230,,0.0
202202061235,,0.0
202202061240,,0.0
202202061250,,0.0
202202061255,,0.0
202202061300,,0.0
202202061325,,0.0
202202061330,,0.0
202202061335,,0.0
202202061340,,0.0
202202061345,,0.0
202202061355,,0.0
202202061400,,0.0
202202061410,,0.0
202202061415,,0.0
202202061420,86.0,0.4
202202061425,352.0,0.4
202202061430,4.0,0.9
202202061435,9.0,0.9
202202061440,76.0,0.9
202202061445,13.0,0.9
202202061450,33.0,0.9
202202061455,350.0,0.4
202202061500,6.0,0.9
202202061510,358.0,0.9
202202061515,46.0,0.9
202202061520,38.0,0.9
202202061525,78.0,0.9
202202061535,86.0,0.9
202202061540,48.0,0.9
202202061545,78.0,0.9
202202061550,79.0,0.9
202202061555,35.0,0.9
202202061600,74.0,0.9
202202061615,33.0,0.9
202202061620,12.0,0.9
202202061625,88.0,0.9
202202061630,75.0,0.9
202202061635,15.0,0.9
202202061640,57.0,0.9
202202061645,5.0,0.9
202202061650,29.0,1.3
202202061655,5.0,2.2
202202061700,347.0,1.3
202202061710,3.0,1.3
202202061715,9.0,1.3
202202061720,7.0,1.3
202202061725,70.0,0.9
202202061735,19.0,0.9
202202061740,343.0,0.9
202202061745,6.0,0.9
202202061750,67.0,1.3
202202061755,26.0,1.3
202202061800,9.0,1.3
202202061810,354.0,0.9
202202061815,10.0,0.9
202202061820,33.0,0.9
202202061825,336.0,0.9
202202061830,36.0,0.9
202202061835,26.0,0.9
202202061840,111.0,0.9
202202061845,50.0,0.9
202202061850,0.0,0.9
202202061855,0.0,0.9
202202061900,320.0,1.3
202202061910,341.0,1.3
202202061915,36.0,1.3
202202061920,297.0,1.8
202202061925,4.0,2.2
202202061930,5.0,1.3
202202061935,344.0,0.9
202202061940,348.0,1.3
202202061945,338.0,2.2
202202061955,24.0,1.3
202202062000,0.0,1.3
202202062010,9.0,0.4
202202062015,,0.0
202202062020,354.0,0.4
202202062025,329.0,0.9
202202062030,13.0,0.9
202202062035,9.0,0.4
202202062040,2.0,0.9
202202062045,26.0,0.9
202202062050,47.0,0.9
202202062055,0.0,0.9
202202062100,354.0,0.9
202202062110,349.0,1.3
202202062115,10.0,2.2
202202062120,1.0,1.8
202202062125,313.0,1.3
202202062130,38.0,1.3
202202062135,41.0,0.9
202202062140,21.0,0.9
202202062145,48.0,0.4
202202062150,20.0,0.4
202202062155,,0.0
202202062200,316.0,0.4
202202062210,341.0,0.9
202202062215,52.0,0.4
202202062220,132.0,0.4
202202062225,,0.0
202202062230,,0.0
202202062235,,0.0
202202062240,,0.0
202202062245,,0.0
202202062250,,0.0
202202062255,,0.0
202202062300,,0.0
202202062310,,0.0
202202062315,,0.0
202202062320,,0.0
202202062325,,0.0
202202062330,,0.0
202202062335,,0.0
202202062340,38.0,0.4
202202062345,350.0,0.9
202202062350,68.0,0.9
202202062355,23.0,0.4
202202070000,107.0,0.4
202202070010,,0.0
202202070015,,0.0
202202070020,,0.0
202202070025,,0.0
202202070030,,0.0
202202070035,,0.0
202202070040,344.0,0.4
202202070045,74.0,0.9
202202070050,73.0,0.9
202202070055,61.0,0.4
202202070100,0.0,0.4
202202070110,,0.0
202202070115,,0.0
202202070120,,0.0
202202070125,,0.0
202202070130,,0.0
202202070135,,0.0
202202070140,,0.0
202202070145,,0.0
202202070150,,0.0
202202070155,,0.0
202202070200,,0.0
202202070210,,0.0
202202070215,,0.0
202202070220,21.0,0.4
202202070225,10.0,0.4
202202070230,32.0,0.9
202202070235,1.0,0.9
202202070240,342.0,0.9
202202070245,357.0,0.9
202202070250,342.0,0.9
202202070255,344.0,0.9
202202070300,1.0,1.3
202202070310,356.0,1.8
202202070315,357.0,2.2
202202070320,6.0,1.8
202202070325,7.0,1.3
202202070330,7.0,1.3
202202070335,7.0,0.9
202202070340,0.0,0.9
202202070345,0.0,0.9
202202070350,355.0,1.3
202202070355,0.0,1.3
202202070400,357.0,1.3
202202070410,335.0,2.2
202202070415,354.0,2.7
202202070420,9.0,2.2
202202070425,356.0,2.2
202202070430,352.0,1.3
202202070435,359.0,1.3
202202070440,9.0,1.8
202202070445,3.0,2.2
202202070450,5.0,2.2
202202070455,3.0,2.2
202202070500,5.0,1.3
202202070510,16.0,1.8
202202070515,1.0,2.2
202202070520,355.0,2.2
202202070525,4.0,2.7
202202070530,4.0,2.7
202202070535,5.0,2.7
202202070540,9.0,2.2
202202070545,350.0,2.2
202202070550,15.0,2.2
202202070555,10.0,2.2
202202070600,0.0,2.2
202202070610,18.0,2.2
202202070615,2.0,2.7
202202070620,14.0,2.2
202202070625,21.0,2.2
202202070630,21.0,2.2
202202070635,356.0,2.2
202202070640,1.0,2.2
202202070645,358.0,2.2
202202070650,8.0,2.2
202202070655,11.0,2.2
202202070700,10.0,2.2
202202070710,2.0,2.2
202202070715,350.0,2.2
202202070720,18.0,2.2
202202070725,343.0,2.2
202202070730,1.0,2.2
202202070735,9.0,2.2
202202070740,4.0,2.2
202202070745,358.0,2.2
202202070750,348.0,2.2
202202070755,4.0,2.7
202202070800,14.0,2.7
202202070810,350.0,2.7
202202070815,356.0,2.7
202202070820,349.0,2.7
202202070825,354.0,2.7
202202070830,354.0,2.2
202202070835,356.0,2.2
202202070840,357.0,1.8
202202070845,358.0,1.3
202202070850,336.0,1.8
202202070855,3.0,2.2
202202070900,337.0,2.2
202202070910,315.0,2.2
202202070915,4.0,2.2
202202070920,332.0,2.2
202202070925,3.0,2.2
202202070930,350.0,2.2
202202070935,356.0,2.2
202202070945,341.0,2.2
202202070955,347.0,2.2
202202071000,345.0,2.2
202202071010,327.0,2.2
202202071015,328.0,2.7
202202071020,330.0,2.2
202202071025,347.0,2.2
202202071030,1.0,2.2
202202071035,4.0,2.2
202202071040,348.0,2.2
202202071045,337.0,2.2
202202071050,333.0,2.2
202202071055,325.0,2.2
202202071100,311.0,2.2
202202071110,0.0,2.2
202202071115,7.0,2.2
202202071120,358.0,2.2
202202071125,3.0,2.7
202202071130,341.0,2.7
202202071135,358.0,3.1
202202071140,341.0,2.7
202202071145,359.0,2.7
202202071150,357.0,2.7
202202071155,0.0,2.7
202202071200,348.0,2.7
202202071210,3.0,2.7
202202071215,346.0,2.7
202202071220,350.0,2.7
202202071225,7.0,2.7
202202071230,357.0,2.2
202202071235,354.0,2.2
202202071240,36.0,2.2
202202071245,22.0,2.2
202202071250,20.0,2.2
202202071255,6.0,2.2
202202071300,12.0,1.8
202202071310,334.0,1.8
202202071315,18.0,2.2
202202071320,327.0,2.2
202202071325,346.0,2.2
202202071330,327.0,2.2
202202071335,353.0,2.2
202202071340,330.0,2.7
202202071345,345.0,2.7
202202071350,336.0,2.2
202202071355,12.0,2.2
202202071400,340.0,2.2
202202071410,8.0,2.7
202202071415,338.0,3.1
202202071420,354.0,2.7
202202071425,1.0,2.7
202202071430,323.0,2.7
202202071435,330.0,2.7
202202071440,353.0,2.7
202202071445,2.0,2.7
202202071450,333.0,2.7
202202071455,356.0,3.1
202202071500,320.0,2.7
202202071510,7.0,2.7
202202071515,339.0,2.7
202202071520,319.0,2.7
202202071525,332.0,2.7
202202071530,326.0,2.7
202202071535,336.0,2.7
202202071540,5.0,2.7
202202071545,330.0,2.7
202202071550,0.0,2.7
202202071555,338.0,2.7
202202071600,3.0,2.2
202202071610,353.0,2.2
202202071615,356.0,2.2
202202071620,325.0,2.7
202202071625,349.0,2.7
202202071630,335.0,2.7
202202071635,335.0,2.7
202202071640,320.0,2.2
202202071645,344.0,2.2
202202071650,334.0,2.7
202202071655,326.0,2.7
202202071700,10.0,2.7
202202071710,334.0,2.7
202202071715,333.0,2.7
202202071720,321.0,2.2
202202071725,356.0,2.2
202202071730,14.0,2.2
202202071735,346.0,2.2
202202071740,354.0,1.8
202202071745,13.0,1.3
202202071750,345.0,1.8
202202071755,6.0,2.2
202202071800,355.0,1.8
202202071810,16.0,1.3
202202071815,322.0,0.9
202202071820,318.0,1.3
202202071825,317.0,1.3
202202071830,331.0,1.8
202202071835,329.0,2.2
202202071840,336.0,2.2
202202071845,335.0,2.2
202202071850,342.0,2.2
202202071855,323.0,2.2
202202071900,350.0,1.3
202202071910,337.0,2.2
202202071915,311.0,2.7
202202071920,313.0,2.7
202202071925,1.0,2.7
202202071930,319.0,2.2
202202071935,340.0,2.2
202202071940,320.0,2.2
202202071945,317.0,2.2
202202071950,300.0,2.2
202202071955,332.0,2.2
202202072000,329.0,1.3
202202072010,335.0,1.3
202202072015,309.0,1.3
202202072020,13.0,1.3
202202072025,325.0,1.3
202202072030,328.0,1.3
202202072035,337.0,1.3
202202072040,325.0,1.8
202202072050,322.0,2.2
202202072055,326.0,2.2
202202072100,332.0,2.2
202202072115,333.0,1.3
202202072120,327.0,1.8
202202072125,300.0,2.2
202202072130,346.0,1.8
202202072135,347.0,1.3
202202072140,336.0,1.3
202202072145,315.0,1.3
202202072150,330.0,1.3
202202072155,335.0,0.9
202202072210,328.0,0.4
202202072215,293.0,0.4
202202072220,302.0,0.9
202202072225,336.0,0.9
202202072230,329.0,0.9
202202072235,334.0,0.9
202202072240,327.0,0.9
202202072245,316.0,0.9
202202072250,346.0,0.9
202202072255,342.0,0.9
202202072300,306.0,0.9
202202072310,342.0,1.3
202202072315,354.0,1.3
202202072320,354.0,1.3
202202072325,355.0,0.9
202202072330,336.0,0.9
202202072335,323.0,0.9
202202072340,314.0,0.9
202202072345,49.0,0.9
202202072350,9.0,0.4
202202072355,,0.0
202202080000,,0.0
202202080010,,0.0
202202080015,,0.0
202202080020,,0.0
202202080025,,0.0
202202080030,221.0,0.4
202202080035,222.0,0.9
202202080040,186.0,0.9
202202080045,232.0,0.4
202202080050,203.0,0.4
202202080055,,0.0
202202080100,,0.0
202202080110,,0.0
202202080115,,0.0
202202080120,,0.0
202202080125,,0.0
202202080130,,0.0
202202080135,,0.0
202202080140,,0.0
202202080145,,0.0
202202080150,,0.0
202202080155,,0.0
202202080200,,0.0
202202080210,,0.0
202202080215,,0.0
202202080220,,0.0
202202080230,,0.0
202202080235,,0.0
202202080240,,0.0
202202080245,,0.0
202202080250,,0.0
202202080255,,0.0
202202080300,,0.0
202202080310,,0.0
202202080315,,0.0
202202080320,,0.0
202202080325,,0.0
202202080330,,0.0
202202080335,,0.0
202202080340,,0.0
202202080345,,0.0
202202080350,,0.0
202202080355,,0.0
202202080400,,0.0
202202080410,,0.0
202202080415,,0.0
202202080420,,0.0
202202080430,,0.0
202202080435,,0.0
202202080440,,0.0
202202080445,,0.0
202202080450,,0.0
202202080500,,0.0
202202080510,,0.0
202202080515,,0.0
202202080520,,0.0
202202080525,,0.0
202202080530,,0.0
202202080535,,0.0
202202080540,,0.0
202202080550,,0.0
202202080555,,0.0
202202080610,244.0,0.4
202202080615,,0.0
202202080620,254.0,0.4
202202080625,254.0,0.4
202202080630,191.0,0.4
202202080635,,0.0
202202080640,191.0,0.4
202202080645,191.0,0.4
202202080650,191.0,0.4
202202080655,,0.0
202202080700,,0.0
202202080710,185.0,0.4
202202080715,185.0,0.4
202202080720,185.0,0.4
202202080725,,0.0
202202080735,,0.0
202202080740,223.0,0.4
202202080745,223.0,0.4
202202080750,223.0,0.4
202202080755,223.0,0.4
202202080800,219.0,0.9
202202080810,220.0,0.4
202202080815,,0.0
202202080820,,0.0
202202080825,,0.0
202202080830,,0.0
202202080835,,0.0
202202080840,,0.0
202202080845,,0.0
202202080850,,0.0
202202080855,,0.0
202202080900,,0.0
202202080910,302.0,0.4
202202080915,303.0,0.4
202202080920,321.0,0.4
202202080925,320.0,0.4
202202080930,228.0,0.4
202202080935,231.0,0.4
202202080940,287.0,0.4
202202080945,,0.0
202202080950,321.0,0.4
202202080955,316.0,0.4
202202081000,329.0,0.9
202202081010,328.0,0.9
202202081015,330.0,0.9
202202081020,356.0,0.9
202202081025,325.0,0.9
202202081030,347.0,1.3
202202081035,320.0,1.3
202202081040,316.0,1.3
202202081045,2.0,1.3
202202081050,326.0,1.3
202202081055,319.0,1.3
202202081100,349.0,1.3
202202081115,339.0,1.3
202202081120,336.0,1.8
202202081125,350.0,2.2
202202081135,320.0,2.2
202202081140,345.0,1.8
202202081145,345.0,1.3
202202081150,327.0,0.9
202202081155,335.0,0.4
202202081200,20.0,0.9
202202081210,331.0,0.9
202202081215,358.0,0.9
202202081220,346.0,0.9
202202081225,351.0,0.9
202202081230,353.0,0.9
202202081235,351.0,0.9
202202081240,357.0,0.9
202202081245,358.0,0.4
202202081250,357.0,0.9
202202081255,355.0,0.9
202202081300,340.0,0.9
202202081310,17.0,1.3
202202081315,358.0,1.3
202202081320,339.0,1.8
202202081325,344.0,2.2
202202081330,338.0,1.3
202202081335,323.0,0.9
202202081340,4.0,1.3
202202081345,5.0,1.3
202202081350,19.0,1.3
202202081355,353.0,0.9
202202081400,347.0,0.9
202202081410,330.0,0.9
202202081415,331.0,0.9
202202081420,27.0,0.4
202202081425,,0.0
202202081430,343.0,0.4
202202081435,331.0,0.9
202202081440,345.0,0.9
202202081445,340.0,0.4
202202081450,356.0,0.9
202202081455,324.0,0.9
202202081500,354.0,0.9
202202081510,323.0,1.3
202202081515,347.0,1.3
202202081520,332.0,1.3
202202081530,29.0,1.3
202202081535,359.0,0.9
202202081540,340.0,0.9
202202081545,351.0,0.9
202202081550,342.0,0.9
202202081555,24.0,0.9
202202081600,331.0,0.9
202202081610,333.0,1.8
202202081615,314.0,2.2
202202081620,0.0,2.2
202202081625,310.0,2.2
202202081630,325.0,2.2
202202081635,348.0,2.2
202202081640,330.0,2.2
202202081645,6.0,2.2
202202081650,330.0,2.2
202202081655,320.0,2.2
202202081700,347.0,2.2
202202081710,8.0,2.2
202202081715,323.0,2.2
202202081720,31.0,1.3
202202081725,348.0,0.9
202202081730,316.0,1.8
202202081735,316.0,2.2
202202081740,312.0,2.2
202202081745,344.0,2.2
202202081750,326.0,2.2
202202081800,328.0,1.3
202202081810,6.0,1.3
202202081815,1.0,1.3
202202081820,322.0,1.3
202202081830,324.0,1.8
202202081835,4.0,2.2
202202081840,343.0,1.8
202202081845,21.0,1.3
202202081850,349.0,1.3
202202081855,332.0,0.9
202202081900,40.0,1.3
202202081910,3.0,1.3
202202081915,311.0,1.3
202202081920,269.0,1.3
202202081925,352.0,1.3
202202081930,326.0,1.3
202202081935,344.0,0.9
202202081940,328.0,1.3
202202081945,324.0,1.3
202202081950,327.0,1.8
202202081955,325.0,2.2
202202082000,316.0,1.3
202202082010,29.0,1.3
202202082015,319.0,1.3
202202082020,330.0,1.3
202202082025,319.0,1.3
202202082030,321.0,1.3
202202082035,321.0,1.3
202202082040,327.0,1.3
202202082045,328.0,0.9
202202082050,342.0,0.9
202202082100,303.0,0.9
202202082110,285.0,0.9
202202082120,241.0,0.4
202202082125,,0.0
202202082130,358.0,0.4
202202082135,342.0,0.4
202202082140,348.0,0.9
202202082145,358.0,0.9
202202082150,318.0,0.9
202202082155,314.0,0.9
202202082200,5.0,0.4
202202082210,,0.0
202202082215,,0.0
202202082220,,0.0
202202082225,,0.0
202202082230,,0.0
202202082235,,0.0
202202082240,13.0,0.4
202202082245,13.0,0.4
202202082250,13.0,0.4
202202082255,,0.0
202202082300,,0.0
202202082310,,0.0
202202082315,,0.0
202202082320,,0.0
202202082325,,0.0
202202082330,,0.0
202202082335,,0.0
202202082340,,0.0
202202082345,,0.0
202202082350,,0.0
202202082355,,0.0
202202090000,,0.0
202202090010,,0.0
202202090015,,0.0
202202090020,,0.0
202202090025,,0.0
202202090030,,0.0
202202090035,,0.0
202202090040,,0.0
202202090045,,0.0
202202090050,,0.0
202202090055,,0.0
202202090100,,0.0
202202090115,,0.0
202202090120,,0.0
202202090125,,0.0
202202090130,,0.0
202202090135,,0.0
202202090145,,0.0
202202090150,,0.0
202202090155,,0.0
202202090200,,0.0
202202090210,,0.0
202202090215,,0.0
202202090220,,0.0
202202090225,,0.0
202202090230,,0.0
202202090235,,0.0
202202090240,,0.0
202202090245,,0.0
202202090250,,0.0
202202090255,,0.0
202202090300,,0.0
202202090315,,0.0
202202090320,,0.0
202202090325,,0.0
202202090330,,0.0
202202090335,,0.0
202202090340,,0.0
202202090350,,0.0
202202090355,,0.0
202202090400,,0.0
202202090410,,0.0
202202090415,,0.0
202202090420,,0.0
202202090425,,0.0
202202090430,,0.0
202202090435,,0.0
202202090440,,0.0
202202090445,,0.0
202202090450,,0.0
202202090455,,0.0
202202090500,,0.0
202202090510,,0.0
202202090515,,0.0
202202090520,,0.0
202202090525,,0.0
202202090530,,0.0
202202090535,,0.0
202202090540,,0.0
202202090545,,0.0
202202090550,,0.0
202202090555,,0.0
202202090600,,0.0
202202090610,,0.0
202202090615,,0.0
202202090620,,0.0
202202090625,,0.0
202202090635,,0.0
202202090640,,0.0
202202090645,,0.0
202202090650,,0.0
202202090655,,0.0
202202090700,,0.0
202202090715,,0.0
202202090720,,0.0
202202090725,,0.0
202202090730,,0.0
202202090735,,0.0
202202090740,,0.0
202202090745,,0.0
202202090750,,0.0
202202090755,,0.0
202202090800,,0.0
202202090810,,0.0
202202090815,,0.0
202202090820,,0.0
202202090825,,0.0
202202090830,,0.0
202202090835,,0.0
202202090840,,0.0
202202090845,,0.0
202202090850,,0.0
202202090855,,0.0
202202090900,,0.0
202202090910,,0.0
202202090915,,0.0
202202090920,,0.0
202202090925,,0.0
202202090930,,0.0
202202090935,,0.0
202202090940,,0.0
202202090950,,0.0
202202090955,,0.0
202202091000,,0.0
202202091010,,0.0
202202091015,,0.0
202202091020,,0.0
202202091025,,0.0
202202091030,,0.0
202202091035,,0.0
202202091040,,0.0
202202091045,,0.0
202202091055,,0.0
202202091100,,0.0
202202091110,,0.0
202202091115,,0.0
202202091120,,0.0
202202091125,,0.0
202202091130,,0.0
202202091135,,0.0
202202091140,,0.0
202202091145,,0.0
202202091150,,0.0
202202091155,,0.0
202202091200,,0.0
202202091210,,0.0
202202091215,,0.0
202202091220,,0.0
202202091225,,0.0
202202091240,,0.0
202202091245,,0.0
202202091250,,0.0
202202091255,,0.0
202202091300,,0.0
202202091315,,0.0
202202091320,,0.0
202202091325,,0.0
202202091330,,0.0
202202091335,,0.0
202202091340,,0.0
202202091345,,0.0
202202091350,,0.0
202202091355,,0.0
202202091400,,0.0
202202091410,,0.0
202202091415,,0.0
202202091425,,0.0
202202091430,,0.0
202202091435,,0.0
202202091440,,0.0
202202091445,,0.0
202202091450,,0.0
202202091455,,0.0
202202091500,,0.0
202202091510,133.0,0.4
202202091515,228.0,0.9
202202091525,,0.0
202202091530,338.0,0.4
202202091535,12.0,0.9
202202091540,11.0,0.9
202202091545,347.0,0.4
202202091550,320.0,0.9
202202091555,356.0,0.9
202202091620,307.0,0.9
202202091625,243.0,0.9
202202091630,289.0,0.9
202202091635,341.0,0.9
202202091640,330.0,1.3
202202091645,246.0,1.3
202202091650,277.0,1.3
202202091655,22.0,0.9
202202091710,317.0,0.9
202202091715,332.0,0.9
202202091720,4.0,0.9
202202091725,315.0,0.9
202202091730,277.0,0.9
202202091735,118.0,0.9
202202091740,231.0,0.9
202202091745,19.0,0.9
202202091750,358.0,0.9
202202091755,297.0,0.9
202202091800,11.0,1.3
202202091810,80.0,1.8
202202091815,316.0,2.2
202202091820,240.0,1.3
202202091825,294.0,0.4
202202091830,223.0,1.3
202202091835,194.0,2.2
202202091840,239.0,2.2
202202091845,336.0,2.2
202202091850,160.0,1.8
202202091855,163.0,1.3
202202091900,287.0,1.3
202202091910,130.0,1.3
202202091915,309.0,1.3
202202091920,95.0,1.3
202202091925,222.0,0.9
202202091930,215.0,1.3
202202091935,199.0,1.3
202202091940,324.0,1.3
202202091945,332.0,1.3
202202091950,231.0,1.8
202202091955,313.0,2.2
202202092000,296.0,1.8
202202092010,228.0,1.3
202202092015,200.0,0.9
202202092020,195.0,1.3
202202092025,251.0,1.3
202202092030,227.0,1.3
202202092035,171.0,1.3
202202092040,238.0,1.3
202202092045,358.0,0.9
202202092050,225.0,1.3
202202092055,240.0,1.3
202202092100,237.0,1.3
202202092110,330.0,1.3
202202092115,304.0,1.3
202202092120,320.0,1.3
202202092125,231.0,0.9
202202092130,248.0,0.9
202202092135,249.0,0.9
202202092140,187.0,1.3
202202092145,295.0,1.3
202202092150,229.0,1.3
202202092155,8.0,1.3
202202092200,219.0,1.3
202202092210,258.0,1.3
202202092215,269.0,1.3
202202092220,211.0,1.3
202202092225,299.0,0.9
202202092230,208.0,0.9
202202092235,229.0,0.4
202202092240,272.0,0.9
202202092245,233.0,0.9
202202092250,228.0,0.9
202202092300,229.0,0.4
202202092310,,0.0
202202092315,,0.0
202202092320,,0.0
202202092325,,0.0
202202092330,,0.0
202202092335,,0.0
202202092340,,0.0
202202092345,,0.0
202202092350,,0.0
202202092355,,0.0
202202100000,,0.0
202202100010,,0.0
202202100015,,0.0
202202100020,,0.0
202202100025,,0.0
202202100030,,0.0
202202100035,,0.0
202202100045,,0.0
202202100050,,0.0
202202100055,,0.0
202202100100,,0.0
202202100110,,0.0
202202100115,,0.0
202202100120,,0.0
202202100125,,0.0
202202100130,,0.0
202202100135,,0.0
202202100140,,0.0
202202100145,,0.0
202202100150,,0.0
202202100200,,0.0
202202100210,,0.0
202202100215,,0.0
202202100220,,0.0
202202100225,,0.0
202202100230,,0.0
202202100235,,0.0
202202100240,,0.0
202202100245,,0.0
202202100250,,0.0
202202100255,,0.0
202202100300,,0.0
202202100310,,0.0
202202100315,,0.0
202202100325,,0.0
202202100330,,0.0
202202100335,,0.0
202202100340,197.0,0.4
202202100345,224.0,0.4
202202100350,201.0,0.4
202202100355,,0.0
202202100400,,0.0
202202100410,200.0,0.4
202202100415,197.0,0.9
202202100420,179.0,0.9
202202100425,222.0,0.9
202202100430,221.0,0.9
202202100435,229.0,0.9
202202100440,211.0,0.9
202202100445,223.0,0.9
202202100450,222.0,0.9
202202100455,228.0,0.9
202202100500,223.0,0.9
202202100510,229.0,1.3
202202100515,224.0,1.3
202202100520,222.0,1.3
202202100525,235.0,0.9
202202100530,231.0,1.3
202202100535,229.0,1.3
202202100540,219.0,1.3
202202100545,212.0,1.3
202202100555,222.0,1.3
202202100600,218.0,1.3
202202100610,220.0,1.3
202202100615,220.0,0.9
202202100620,226.0,0.9
202202100630,216.0,1.3
202202100635,204.0,1.3
202202100640,212.0,1.3
202202100645,231.0,1.3
202202100655,216.0,1.3
202202100700,222.0,1.3
202202100710,229.0,1.3
202202100720,226.0,1.3
202202100725,230.0,1.3
202202100730,230.0,1.3
202202100735,228.0,1.3
202202100745,229.0,0.9
202202100750,231.0,0.9
202202100800,226.0,0.9
202202100810,222.0,0.4
202202100815,,0.0
202202100820,238.0,0.4
202202100825,229.0,0.9
202202100835,225.0,0.9
202202100840,234.0,0.9
202202100845,232.0,0.9
202202100850,234.0,0.9
202202100855,229.0,0.9
202202100900,227.0,0.9
202202100910,218.0,0.9
202202100915,225.0,0.9
202202100920,231.0,0.9
202202100925,224.0,0.4
202202100930,232.0,0.9
202202100935,246.0,0.9
202202100940,226.0,0.9
202202100945,232.0,0.9
202202100950,233.0,0.9
202202100955,246.0,0.4
202202101000,205.0,0.4
202202101010,207.0,0.4
202202101015,,0.0
202202101020,,0.0
202202101025,,0.0
202202101030,,0.0
202202101035,,0.0
202202101040,,0.0
202202101045,,0.0
202202101050,,0.0
202202101055,,0.0
202202101100,,0.0
202202101110,,0.0
202202101120,,0.0
202202101125,,0.0
202202101130,,0.0
202202101135,,0.0
202202101145,,0.0
202202101150,,0.0
202202101155,,0.0
202202101200,,0.0
202202101210,,0.0
202202101215,,0.0
202202101220,,0.0
202202101225,,0.0
202202101235,,0.0
202202101240,,0.0
202202101245,,0.0
202202101250,,0.0
202202101255,,0.0
202202101300,,0.0
202202101310,,0.0
202202101315,,0.0
202202101320,,0.0
202202101325,,0.0
202202101330,,0.0
202202101335,,0.0
202202101340,,0.0
202202101345,,0.0
202202101350,,0.0
202202101400,,0.0
202202101410,288.0,0.4
202202101420,274.0,0.9
202202101425,303.0,0.9
202202101430,326.0,0.9
202202101435,279.0,0.9
202202101440,282.0,0.9
202202101445,325.0,0.9
202202101450,323.0,0.9
202202101455,319.0,0.9
202202101510,299.0,1.8
202202101515,321.0,2.2
202202101520,295.0,1.3
202202101525,300.0,0.9
202202101530,323.0,1.3
202202101535,318.0,1.3
202202101540,285.0,1.3
202202101545,225.0,0.9
202202101550,224.0,0.9
202202101555,314.0,0.9
202202101600,314.0,0.9
202202101610,244.0,1.3
202202101615,310.0,1.3
202202101620,329.0,1.3
202202101625,297.0,0.9
202202101630,276.0,0.9
202202101635,323.0,0.9
202202101640,324.0,1.3
202202101645,333.0,1.3
202202101650,343.0,1.3
202202101655,39.0,1.3
202202101700,320.0,1.3
202202101710,253.0,1.3
202202101715,337.0,1.3
202202101720,215.0,1.3
202202101725,221.0,0.9
202202101730,218.0,2.2
202202101735,289.0,2.7
202202101740,209.0,2.2
202202101745,200.0,1.3
202202101750,244.0,1.3
202202101755,314.0,1.3
202202101800,231.0,1.8
202202101810,320.0,2.2
202202101815,12.0,2.2
202202101820,304.0,2.2
202202101825,305.0,2.2
202202101830,201.0,2.2
202202101835,228.0,2.2
202202101840,165.0,1.8
202202101845,213.0,1.3
202202101855,314.0,1.3
202202101900,305.0,1.8
202202101910,316.0,1.8
202202101915,212.0,1.3
202202101920,297.0,1.3
202202101925,285.0,1.3
202202101930,276.0,1.3
202202101940,221.0,1.8
202202101945,219.0,2.2
202202101950,274.0,1.8
202202101955,223.0,1.3
202202102000,214.0,1.8
202202102010,197.0,2.7
202202102020,199.0,2.7
202202102025,301.0,2.7
202202102030,238.0,2.7
202202102040,199.0,2.2
202202102045,255.0,2.2
202202102050,208.0,2.2
202202102055,221.0,2.2
202202102100,231.0,2.2
202202102110,330.0,2.2
202202102120,281.0,1.3
202202102125,230.0,0.9
202202102130,211.0,1.3
202202102135,294.0,2.2
202202102140,225.0,1.3
202202102145,271.0,0.9
202202102150,240.0,1.3
202202102155,219.0,1.3
202202102200,248.0,1.8
202202102210,214.0,2.2
202202102215,226.0,2.2
202202102220,246.0,2.2
202202102225,215.0,2.2
202202102230,220.0,1.8
202202102235,228.0,1.3
202202102240,219.0,1.3
202202102245,235.0,0.9
202202102250,237.0,0.9
202202102255,229.0,0.4
202202102300,196.0,0.4
202202102310,170.0,0.4
202202102315,,0.0
202202102320,,0.0
202202102325,,0.0
202202102330,,0.0
202202102335,,0.0
202202102340,,0.0
202202102345,,0.0
202202102350,,0.0
202202102355,,0.0
202202110010,,0.0
202202110015,,0.0
202202110020,,0.0
202202110025,,0.0
202202110030,,0.0
202202110035,,0.0
202202110040,,0.0
202202110045,,0.0
202202110050,,0.0
202202110055,,0.0
202202110100,,0.0
202202110110,,0.0
202202110115,,0.0
202202110120,,0.0
202202110125,,0.0
202202110130,,0.0
202202110140,,0.0
202202110145,,0.0
202202110150,,0.0
202202110155,,0.0
202202110200,,0.0
202202110210,,0.0
202202110220,,0.0
202202110230,,0.0
202202110235,,0.0
202202110245,,0.0
202202110250,,0.0
202202110255,,0.0
202202110300,,0.0
202202110310,,0.0
202202110315,,0.0
202202110320,,0.0
202202110325,,0.0
202202110330,,0.0
202202110335,,0.0
202202110340,,0.0
202202110345,,0.0
202202110350,,0.0
202202110400,,0.0
202202110410,,0.0
202202110415,,0.0
202202110420,,0.0
202202110425,,0.0
202202110430,,0.0
202202110435,,0.0
202202110440,221.0,0.4
202202110445,207.0,0.9
202202110450,216.0,0.9
202202110455,206.0,0.4
202202110500,205.0,0.4
202202110510,201.0,0.9
202202110515,206.0,0.9
202202110520,206.0,0.4
202202110525,,0.0
202202110530,,0.0
202202110535,,0.0
202202110540,,0.0
202202110545,,0.0
202202110550,,0.0
202202110555,,0.0
202202110600,,0.0
202202110610,,0.0
202202110615,,0.0
202202110620,,0.0
202202110625,,0.0
202202110630,,0.0
202202110635,,0.0
202202110640,,0.0
202202110645,,0.0
202202110650,,0.0
202202110655,,0.0
202202110700,,0.0
202202110710,,0.0
202202110715,,0.0
202202110720,,0.0
202202110725,,0.0
202202110730,,0.0
202202110735,,0.0
202202110740,,0.0
202202110745,,0.0
202202110750,,0.0
202202110755,,0.0
202202110800,,0.0
202202110810,,0.0
202202110815,,0.0
202202110820,,0.0
202202110825,,0.0
202202110830,,0.0
202202110835,,0.0
202202110840,,0.0
202202110845,,0.0
202202110850,,0.0
202202110855,,0.0
202202110900,,0.0
202202110910,,0.0
202202110915,,0.0
202202110920,,0.0
202202110925,,0.0
202202110930,,0.0
202202110935,,0.0
202202110940,,0.0
202202110950,,0.0
202202110955,,0.0
202202111000,,0.0
202202111010,,0.0
202202111015,,0.0
202202111020,,0.0
202202111025,,0.0
202202111030,,0.0
202202111035,,0.0
202202111040,,0.0
202202111045,,0.0
202202111050,,0.0
202202111055,,0.0
202202111100,,0.0
202202111110,,0.0
202202111115,,0.0
202202111120,,0.0
202202111125,,0.0
202202111130,,0.0
202202111135,,0.0
202202111140,,0.0
202202111145,,0.0
202202111155,,0.0
202202111210,,0.0
202202111215,,0.0
202202111220,,0.0
202202111225,,0.0
202202111230,,0.0
202202111235,,0.0
202202111240,,0.0
202202111245,,0.0
202202111300,,0.0
202202111310,,0.0
202202111315,,0.0
202202111320,,0.0
202202111325,,0.0
202202111330,,0.0
202202111335,,0.0
202202111340,,0.0
202202111345,,0.0
202202111350,,0.0
202202111355,,0.0
202202111400,,0.0
202202111410,,0.0
202202111420,,0.0
202202111425,,0.0
202202111430,,0.0
202202111435,,0.0
202202111440,,0.0
202202111445,,0.0
202202111450,,0.0
202202111455,,0.0
202202111500,,0.0
202202111510,,0.0
202202111515,,0.0
202202111520,,0.0
202202111525,,0.0
202202111530,,0.0
202202111535,,0.0
202202111540,141.0,0.4
202202111545,182.0,0.4
202202111550,208.0,0.4
202202111555,,0.0
202202111600,205.0,0.4
202202111610,101.0,0.9
202202111615,160.0,0.9
202202111620,205.0,0.9
202202111625,199.0,0.9
202202111630,212.0,1.3
202202111635,205.0,1.3
202202111640,171.0,1.3
202202111645,220.0,1.3
202202111650,246.0,1.3
202202111655,251.0,1.3
202202111700,153.0,1.3
202202111710,258.0,1.3
202202111715,230.0,1.3
202202111725,186.0,1.3
202202111730,191.0,1.3
202202111735,225.0,1.3
202202111740,250.0,1.8
202202111745,235.0,2.2
202202111750,208.0,2.2
202202111755,246.0,2.2
202202111800,183.0,2.2
202202111810,223.0,1.3
202202111815,199.0,0.9
202202111820,214.0,2.2
202202111825,197.0,2.7
202202111830,179.0,2.7
202202111835,257.0,2.7
202202111840,200.0,2.2
202202111845,237.0,1.3
202202111850,184.0,1.8
202202111855,202.0,2.2
202202111910,189.0,2.2
202202111915,197.0,2.2
202202111920,190.0,2.2
202202111925,210.0,2.2
202202111930,236.0,2.2
202202111935,158.0,2.2
202202111940,190.0,1.8
202202111945,199.0,1.3
202202111950,216.0,1.8
202202111955,34.0,2.2
202202112000,178.0,2.2
202202112010,187.0,2.2
202202112020,215.0,2.2
202202112025,209.0,2.2
202202112030,274.0,2.2
202202112035,237.0,2.7
202202112040,208.0,2.2
202202112045,212.0,1.3
202202112055,165.0,2.2
202202112100,138.0,1.8
202202112110,201.0,1.3
202202112115,193.0,0.9
202202112120,198.0,1.3
202202112125,202.0,1.3
202202112130,209.0,1.8
202202112135,211.0,2.2
202202112145,162.0,2.7
202202112155,209.0,2.2
202202112200,206.0,2.2
202202112210,157.0,2.2
202202112215,212.0,2.2
202202112220,208.0,1.8
202202112225,152.0,1.3
202202112230,189.0,1.3
202202112235,135.0,0.9
202202112240,196.0,0.9
202202112245,174.0,0.9
202202112250,180.0,0.9
202202112255,143.0,0.9
202202112300,191.0,0.9
202202112310,188.0,0.4
202202112315,163.0,0.4
202202112320,174.0,0.4
202202112325,,0.0
202202112330,,0.0
202202112335,,0.0
202202112340,,0.0
202202112345,,0.0
202202112350,,0.0
202202112355,,0.0
202202120000,,0.0
202202120010,,0.0
202202120015,,0.0
202202120020,,0.0
202202120025,,0.0
202202120030,,0.0
202202120035,,0.0
202202120040,,0.0
202202120045,,0.0
202202120050,179.0,0.4
202202120055,221.0,0.4
202202120100,182.0,0.4
202202120110,,0.0
202202120115,,0.0
202202120120,,0.0
202202120125,,0.0
202202120130,,0.0
202202120135,,0.0
202202120140,204.0,0.4
202202120145,208.0,0.9
202202120150,207.0,0.9
202202120155,216.0,0.4
202202120200,201.0,0.4
202202120210,206.0,0.4
202202120215,169.0,0.4
202202120220,185.0,0.4
202202120225,198.0,0.4
202202120235,194.0,0.4
202202120240,195.0,0.4
202202120245,,0.0
202202120250,,0.0
202202120255,,0.0
202202120300,,0.0
202202120310,,0.0
202202120315,,0.0
202202120320,,0.0
202202120325,,0.0
202202120330,221.0,0.4
202202120335,193.0,0.9
202202120340,194.0,0.9
202202120345,200.0,0.9
202202120350,181.0,0.4
202202120355,,0.0
202202120400,,0.0
202202120410,,0.0
202202120415,,0.0
202202120420,,0.0
202202120425,,0.0
202202120430,,0.0
202202120435,,0.0
202202120440,,0.0
202202120445,,0.0
202202120450,,0.0
202202120455,,0.0
202202120500,,0.0
202202120510,,0.0
202202120515,,0.0
202202120520,,0.0
202202120525,,0.0
202202120530,,0.0
202202120535,,0.0
202202120540,,0.0
202202120545,,0.0
202202120550,,0.0
202202120555,,0.0
202202120610,,0.0
202202120615,,0.0
202202120620,,0.0
202202120625,,0.0
202202120630,219.0,0.4
202202120635,218.0,0.9
202202120640,215.0,0.9
202202120645,197.0,0.9
202202120650,198.0,0.9
202202120655,221.0,0.9
202202120700,217.0,0.9
202202120710,202.0,0.9
202202120715,189.0,0.4
202202120720,178.0,0.4
202202120725,181.0,0.4
202202120735,,0.0
202202120740,,0.0
202202120745,,0.0
202202120750,,0.0
202202120755,,0.0
202202120800,,0.0
202202120815,,0.0
202202120820,,0.0
202202120825,,0.0
202202120835,,0.0
202202120840,,0.0
202202120845,,0.0
202202120850,,0.0
202202120855,,0.0
202202120900,,0.0
202202120915,,0.0
202202120920,,0.0
202202120925,,0.0
202202120930,,0.0
202202120935,,0.0
202202120940,,0.0
202202120945,,0.0
202202120950,,0.0
202202120955,,0.0
202202121000,,0.0
202202121010,,0.0
202202121015,,0.0
202202121020,,0.0
202202121025,,0.0
202202121030,,0.0
202202121035,,0.0
202202121040,,0.0
202202121045,,0.0
202202121050,,0.0
202202121055,,0.0
202202121100,,0.0
202202121110,,0.0
202202121115,,0.0
202202121125,,0.0
202202121130,,0.0
202202121135,,0.0
202202121140,,0.0
202202121145,,0.0
202202121150,,0.0
202202121155,,0.0
202202121200,,0.0
202202121210,,0.0
202202121215,,0.0
202202121220,,0.0
202202121225,,0.0
202202121230,,0.0
202202121235,,0.0
202202121240,,0.0
202202121245,,0.0
202202121250,,0.0
202202121255,,0.0
202202121300,,0.0
202202121310,,0.0
202202121315,,0.0
202202121320,,0.0
202202121325,,0.0
202202121330,,0.0
202202121335,,0.0
202202121340,,0.0
202202121345,,0.0
202202121350,,0.0
202202121400,,0.0
202202121410,,0.0
202202121415,,0.0
202202121420,,0.0
202202121425,,0.0
202202121430,,0.0
202202121435,,0.0
202202121440,,0.0
202202121445,,0.0
202202121450,,0.0
202202121455,,0.0
202202121500,,0.0
202202121515,,0.0
202202121520,,0.0
202202121525,,0.0
202202121530,,0.0
202202121535,,0.0
202202121540,,0.0
202202121545,,0.0
202202121550,297.0,0.4
202202121555,284.0,0.4
202202121600,274.0,0.4
202202121610,247.0,0.4
202202121615,265.0,0.9
202202121620,304.0,0.4
202202121625,,0.0
202202121630,,0.0
202202121635,,0.0
202202121640,322.0,0.4
202202121645,0.0,0.4
202202121650,343.0,0.4
202202121655,,0.0
202202121700,,0.0
202202121710,,0.0
202202121715,,0.0
202202121720,168.0,0.4
202202121725,287.0,0.9
202202121730,5.0,0.9
202202121735,327.0,0.4
202202121740,328.0,0.9
202202121745,331.0,0.9
202202121750,219.0,0.9
202202121755,308.0,0.9
202202121800,305.0,0.9
202202121810,191.0,0.9
202202121815,134.0,0.9
202202121820,186.0,0.9
202202121825,231.0,0.9
202202121830,304.0,0.9
202202121835,219.0,0.9
202202121840,243.0,0.9
202202121845,179.0,0.9
202202121850,267.0,0.9
202202121855,205.0,0.9
202202121910,320.0,1.3
202202121915,309.0,0.9
202202121920,293.0,0.9
202202121925,329.0,0.9
202202121935,107.0,1.3
202202121940,198.0,1.3
202202121945,292.0,0.9
202202121950,301.0,0.9
202202121955,134.0,0.4
202202122000,63.0,0.9
202202122015,198.0,0.9
202202122020,201.0,0.9
202202122025,213.0,0.9
202202122030,181.0,0.9
202202122035,174.0,0.9
202202122040,181.0,0.9
202202122045,209.0,0.9
202202122050,205.0,0.9
202202122055,155.0,0.9
202202122100,232.0,1.3
202202122110,227.0,1.8
202202122115,189.0,2.2
202202122120,194.0,1.3
202202122125,207.0,0.9
202202122130,186.0,0.9
202202122135,170.0,0.9
202202122140,157.0,0.9
202202122145,141.0,0.9
202202122150,174.0,0.9
202202122155,149.0,0.9
202202122200,145.0,0.9
202202122210,199.0,0.9
202202122215,134.0,0.9
202202122225,108.0,0.9
202202122230,123.0,0.9
202202122235,169.0,0.4
202202122240,142.0,0.9
202202122245,124.0,0.9
202202122250,165.0,0.9
202202122255,164.0,0.9
202202122300,159.0,0.9
202202122310,149.0,0.4
202202122315,,0.0
202202122320,176.0,0.4
202202122325,167.0,0.4
202202122330,131.0,0.4
202202122335,205.0,0.4
202202122340,163.0,0.9
202202122345,208.0,0.9
202202122350,181.0,0.4
202202122355,,0.0
202202130000,,0.0
202202130010,,0.0
202202130015,,0.0
202202130020,,0.0
202202130025,,0.0
202202130030,,0.0
202202130035,,0.0
202202130040,,0.0
202202130045,,0.0
202202130050,,0.0
202202130055,,0.0
202202130100,216.0,0.4
202202130110,169.0,0.4
202202130115,187.0,0.4
202202130120,200.0,0.4
202202130125,213.0,0.4
202202130130,188.0,0.9
202202130135,201.0,0.9
202202130140,205.0,0.9
202202130145,214.0,0.9
202202130150,207.0,0.9
202202130155,185.0,0.9
202202130200,169.0,0.9
202202130210,225.0,0.9
202202130215,194.0,0.9
202202130220,203.0,0.9
202202130230,206.0,0.9
202202130235,201.0,0.9
202202130240,187.0,0.9
202202130245,208.0,0.9
202202130250,203.0,0.9
202202130255,201.0,0.4
202202130300,212.0,0.9
202202130310,192.0,0.9
202202130315,193.0,0.9
202202130320,198.0,0.9
202202130325,211.0,0.4
202202130330,216.0,0.4
202202130335,,0.0
202202130340,191.0,0.4
202202130345,212.0,0.9
202202130350,223.0,0.9
202202130355,220.0,0.9
202202130400,212.0,0.9
202202130410,208.0,0.9
202202130415,191.0,0.9
202202130420,206.0,0.9
202202130425,201.0,0.9
202202130430,194.0,0.9
202202130440,205.0,0.9
202202130450,210.0,1.3
202202130455,220.0,1.3
202202130500,221.0,1.3
202202130510,203.0,1.3
202202130515,205.0,0.9
202202130520,215.0,0.9
202202130525,200.0,0.9
202202130530,185.0,0.9
202202130535,203.0,0.9
202202130540,188.0,0.9
202202130545,186.0,0.9
202202130550,176.0,0.9
202202130555,223.0,0.9
202202130600,207.0,0.9
202202130610,201.0,0.9
202202130615,242.0,0.4
202202130620,233.0,0.4
202202130625,226.0,0.4
202202130630,197.0,0.9
202202130635,252.0,0.9
202202130640,226.0,0.9
202202130645,203.0,0.9
202202130650,223.0,0.9
202202130655,317.0,0.9
202202130700,247.0,0.9
202202130710,226.0,0.9
202202130715,243.0,0.9
202202130720,225.0,0.9
202202130725,225.0,0.4
202202130730,226.0,0.9
202202130735,221.0,0.9
202202130740,250.0,0.9
202202130750,220.0,0.9
202202130755,237.0,0.9
202202130800,228.0,0.9
202202130810,229.0,0.9
202202130815,223.0,0.9
202202130820,221.0,0.9
202202130825,226.0,0.4
202202130830,218.0,0.9
202202130835,227.0,0.9
202202130840,238.0,0.9
202202130845,228.0,0.9
202202130850,237.0,0.9
202202130855,241.0,0.4
202202130900,253.0,0.4
202202130910,309.0,0.4
202202130915,292.0,0.4
202202130925,,0.0
202202130930,305.0,0.4
202202130935,322.0,0.9
202202130940,297.0,0.9
202202130945,275.0,0.9
202202130950,301.0,0.9
202202130955,313.0,0.9
202202131000,313.0,0.9
202202131010,308.0,0.9
202202131015,302.0,0.9
202202131020,326.0,1.3
202202131025,328.0,1.3
202202131030,326.0,1.3
202202131035,301.0,0.9
202202131040,327.0,0.9
202202131045,334.0,0.9
202202131050,325.0,0.9
202202131055,325.0,0.4
202202131100,331.0,0.4
202202131110,330.0,0.9
202202131115,308.0,0.9
202202131120,266.0,0.4
202202131125,,0.0
202202131130,,0.0
202202131135,,0.0
202202131140,,0.0
202202131145,,0.0
202202131155,,0.0
202202131200,,0.0
202202131215,,0.0
202202131220,308.0,0.4
202202131225,327.0,0.9
202202131230,269.0,0.4
202202131240,273.0,0.4
202202131245,258.0,0.4
202202131250,283.0,0.4
202202131255,,0.0
202202131300,,0.0
202202131310,,0.0
202202131315,,0.0
202202131320,278.0,0.9
202202131325,331.0,1.3
202202131330,338.0,1.3
202202131335,327.0,1.3
202202131340,333.0,1.3
202202131345,335.0,0.9
202202131350,328.0,1.3
202202131355,330.0,2.2
202202131400,338.0,2.2
202202131410,283.0,2.2
202202131415,288.0,2.7
202202131420,284.0,2.2
202202131425,279.0,1.3
202202131430,316.0,1.8
202202131435,328.0,2.2
202202131440,333.0,2.2
202202131445,323.0,2.2
202202131450,287.0,2.2
202202131455,307.0,2.2
202202131500,348.0,1.8
202202131510,327.0,1.3
202202131515,311.0,1.3
202202131520,331.0,1.8
202202131530,285.0,2.2
202202131535,331.0,2.2
202202131540,308.0,1.8
202202131545,287.0,1.3
202202131555,333.0,1.3
202202131600,213.0,1.3
202202131610,335.0,1.3
202202131615,341.0,0.9
202202131620,342.0,1.3
202202131625,328.0,1.3
202202131630,279.0,2.2
202202131635,331.0,2.7
202202131640,310.0,2.2
202202131645,323.0,2.2
202202131650,301.0,2.2
202202131655,328.0,2.2
202202131700,352.0,2.2
202202131710,336.0,2.2
202202131715,335.0,2.2
202202131720,333.0,2.2
202202131725,333.0,2.7
202202131730,260.0,2.2
202202131735,334.0,2.2
202202131740,303.0,2.2
202202131745,337.0,2.2
202202131750,344.0,2.2
202202131755,307.0,2.2
202202131800,340.0,2.2
202202131810,295.0,1.8
202202131815,228.0,0.9
202202131820,322.0,0.9
202202131825,317.0,0.9
202202131830,323.0,1.3
202202131835,335.0,2.2
202202131840,292.0,2.7
202202131845,319.0,3.1
202202131850,332.0,2.7
202202131855,358.0,2.2
202202131910,298.0,2.7
202202131915,337.0,2.7
202202131920,299.0,2.7
202202131925,310.0,2.7
202202131930,215.0,2.2
202202131935,329.0,2.2
202202131940,290.0,2.2
202202131945,315.0,2.7
202202131950,342.0,2.7
202202131955,341.0,3.1
202202132000,344.0,2.7
202202132010,328.0,2.2
202202132015,300.0,2.2
202202132020,343.0,2.7
202202132025,312.0,3.1
202202132030,339.0,2.7
202202132035,302.0,2.7
202202132040,333.0,2.2
202202132045,330.0,2.2
202202132055,337.0,2.7
202202132100,326.0,3.1
202202132115,339.0,2.7
202202132120,288.0,2.7
202202132125,312.0,2.7
202202132130,318.0,2.2
202202132135,333.0,2.2
202202132145,283.0,3.1
202202132150,289.0,2.7
202202132155,246.0,2.2
202202132210,312.0,2.2
202202132215,300.0,2.7
202202132220,316.0,2.7
202202132225,301.0,2.7
202202132230,298.0,2.2
202202132235,335.0,2.2
202202132240,341.0,2.7
202202132245,294.0,2.7
202202132250,286.0,2.2
202202132255,323.0,2.2
202202132300,317.0,2.2
202202132310,299.0,2.2
202202132315,328.0,2.2
202202132320,301.0,2.2
202202132325,304.0,2.2
202202132330,317.0,2.2
202202132335,311.0,2.2
202202132340,312.0,1.8
202202132345,312.0,0.9
202202132350,310.0,0.9
202202132355,315.0,0.9
202202140000,313.0,1.3
202202140010,312.0,1.3
202202140015,312.0,1.3
202202140020,312.0,1.3
202202140025,277.0,1.3
202202140030,308.0,1.8
202202140035,307.0,2.2
202202140040,310.0,1.3
202202140045,320.0,1.3
202202140050,315.0,1.8
202202140055,316.0,2.2
202202140100,308.0,2.2
202202140110,295.0,2.2
202202140115,324.0,2.2
202202140120,335.0,1.8
202202140125,336.0,1.3
202202140130,339.0,1.8
202202140135,304.0,2.2
202202140140,311.0,2.2
202202140145,335.0,2.2
202202140150,323.0,2.2
202202140200,311.0,2.2
202202140210,293.0,2.2
202202140215,327.0,2.2
202202140220,319.0,2.2
202202140225,317.0,2.2
202202140230,335.0,2.2
202202140235,319.0,2.2
202202140240,321.0,2.2
202202140245,334.0,2.7
202202140250,324.0,2.7
202202140255,316.0,2.7
202202140300,328.0,2.2
202202140310,309.0,2.2
202202140315,320.0,2.2
202202140320,325.0,2.2
202202140325,334.0,2.2
202202140330,317.0,2.2
202202140335,330.0,2.2
202202140340,322.0,2.2
202202140345,314.0,2.2
202202140355,329.0,1.3
202202140400,310.0,1.3
202202140410,335.0,1.3
202202140415,337.0,1.3
202202140420,329.0,1.3
202202140425,318.0,1.3
202202140430,322.0,1.3
202202140435,306.0,1.3
202202140440,343.0,1.3
202202140445,314.0,0.9
202202140450,304.0,0.4
202202140455,,0.0
202202140510,318.0,0.9
202202140515,279.0,0.4
202202140520,330.0,0.9
202202140525,335.0,0.9
202202140530,314.0,0.4
202202140535,,0.0
202202140540,304.0,0.4
202202140545,298.0,0.4
202202140550,291.0,0.4
202202140555,,0.0
202202140600,,0.0
202202140610,,0.0
202202140615,,0.0
202202140620,,0.0
202202140625,,0.0
202202140630,,0.0
202202140635,,0.0
202202140640,,0.0
202202140645,,0.0
202202140650,,0.0
202202140655,,0.0
202202140700,,0.0
202202140710,326.0,0.4
202202140715,302.0,0.9
202202140720,306.0,0.9
202202140725,320.0,0.9
202202140730,313.0,0.4
202202140735,,0.0
202202140740,299.0,0.4
202202140745,278.0,0.4
202202140750,262.0,0.4
202202140755,,0.0
202202140800,,0.0
202202140810,,0.0
202202140815,,0.0
202202140820,288.0,0.4
202202140825,309.0,0.4
202202140830,310.0,0.4
202202140835,,0.0
202202140840,,0.0
202202140845,,0.0
202202140850,,0.0
202202140855,,0.0
202202140900,,0.0
202202140910,,0.0
202202140915,,0.0
202202140920,,0.0
202202140925,,0.0
202202140930,,0.0
202202140935,,0.0
202202140940,294.0,0.4
202202140945,300.0,0.4
202202140950,303.0,0.4
202202140955,,0.0
202202141000,284.0,0.4
202202141010,302.0,0.9
202202141015,280.0,0.4
202202141020,256.0,0.4
202202141025,,0.0
202202141030,,0.0
202202141035,,0.0
202202141040,,0.0
202202141045,,0.0
202202141050,268.0,0.4
202202141055,299.0,0.4
202202141100,293.0,0.4
202202141110,320.0,0.4
202202141115,301.0,0.4
202202141120,285.0,0.4
202202141125,280.0,0.4
202202141130,289.0,0.9
202202141135,296.0,0.9
202202141140,303.0,0.9
202202141145,292.0,0.4
202202141150,287.0,0.9
202202141155,283.0,0.9
202202141200,311.0,0.9
202202141210,300.0,0.9
202202141215,339.0,0.9
202202141220,276.0,0.9
202202141225,288.0,0.4
202202141230,278.0,0.9
202202141235,301.0,0.9
202202141240,329.0,0.9
202202141245,306.0,0.9
202202141250,308.0,0.9
202202141255,280.0,0.9
202202141300,283.0,0.9
202202141310,300.0,0.9
202202141315,309.0,0.9
202202141320,285.0,0.9
202202141325,342.0,0.9
202202141330,336.0,0.9
202202141335,312.0,0.9
202202141340,324.0,1.3
202202141345,332.0,1.3
202202141350,314.0,1.8
202202141355,280.0,2.2
202202141400,289.0,2.2
202202141410,314.0,2.2
202202141415,314.0,2.2
202202141420,325.0,2.2
202202141425,312.0,2.7
202202141430,322.0,2.2
202202141435,296.0,2.2
202202141440,327.0,2.7
202202141445,337.0,3.1
202202141450,322.0,2.7
202202141455,268.0,2.2
202202141500,326.0,1.8
202202141510,348.0,2.2
202202141515,339.0,3.1
202202141520,327.0,2.7
202202141525,330.0,2.7
202202141530,317.0,2.2
202202141535,328.0,2.2
202202141540,320.0,2.2
202202141545,332.0,2.2
202202141550,332.0,2.7
202202141555,312.0,3.1
202202141600,346.0,2.7
202202141610,6.0,2.2
202202141615,308.0,2.7
202202141620,346.0,2.2
202202141625,254.0,2.2
202202141630,306.0,1.8
202202141635,347.0,1.3
202202141640,257.0,1.3
202202141645,236.0,1.3
202202141655,274.0,0.9
202202141700,344.0,1.3
202202141710,292.0,1.8
202202141715,254.0,2.2
202202141720,253.0,1.8
202202141725,295.0,1.3
202202141730,326.0,1.3
202202141735,313.0,2.2
202202141740,284.0,2.2
202202141745,246.0,2.2
202202141750,219.0,2.2
202202141755,241.0,2.2
202202141800,229.0,2.2
202202141810,339.0,2.2
202202141815,304.0,2.2
202202141820,338.0,2.2
202202141825,303.0,2.7
202202141830,329.0,2.7
202202141835,311.0,2.7
202202141840,212.0,2.7
202202141845,281.0,2.7
202202141850,314.0,2.2
202202141855,310.0,2.2
202202141900,315.0,2.2
202202141910,293.0,2.2
202202141915,230.0,2.2
202202141920,295.0,2.2
202202141925,332.0,2.2
202202141930,249.0,2.2
202202141935,343.0,2.2
202202141940,1.0,1.8
202202141945,318.0,1.3
202202141950,252.0,1.8
202202141955,245.0,2.2
202202142000,265.0,1.8
202202142010,230.0,1.8
202202142015,277.0,2.2
202202142020,310.0,1.8
202202142025,308.0,1.3
202202142030,262.0,1.3
202202142035,277.0,1.3
202202142040,234.0,1.3
202202142045,337.0,1.3
202202142050,313.0,1.3
202202142055,304.0,2.2
202202142100,294.0,2.2
202202142110,244.0,1.8
202202142115,327.0,1.3
202202142120,229.0,1.3
202202142125,244.0,2.2
202202142130,240.0,2.2
202202142135,219.0,2.2
202202142140,254.0,1.8
202202142145,236.0,1.3
202202142150,320.0,1.3
202202142155,288.0,1.3
202202142200,256.0,1.3
202202142210,227.0,1.3
202202142215,329.0,0.9
202202142220,316.0,1.3
202202142225,295.0,1.3
202202142230,244.0,0.9
202202142235,268.0,0.4
202202142240,219.0,0.9
202202142245,290.0,0.9
202202142250,297.0,0.9
202202142255,240.0,0.4
202202142300,217.0,0.4
202202142315,,0.0
202202142320,,0.0
202202142330,,0.0
202202142335,,0.0
202202142340,,0.0
202202142345,,0.0
202202142350,,0.0
202202142355,,0.0
202202150000,,0.0
202202150010,,0.0
202202150015,,0.0
202202150020,,0.0
202202150025,,0.0
202202150030,,0.0
202202150035,,0.0
202202150040,,0.0
202202150045,,0.0
202202150050,,0.0
202202150055,,0.0
202202150100,,0.0
202202150110,,0.0
202202150115,,0.0
202202150120,,0.0
202202150125,,0.0
202202150130,,0.0
202202150135,,0.0
202202150140,,0.0
202202150145,,0.0
202202150150,,0.0
202202150155,,0.0
202202150200,,0.0
202202150210,,0.0
202202150215,,0.0
202202150220,,0.0
202202150225,,0.0
202202150230,,0.0
202202150235,,0.0
202202150240,,0.0
202202150245,,0.0
202202150250,,0.0
202202150255,,0.0
202202150300,,0.0
202202150310,,0.0
202202150315,,0.0
202202150320,,0.0
202202150325,,0.0
202202150330,,0.0
202202150335,,0.0
202202150340,,0.0
202202150345,,0.0
202202150350,,0.0
202202150355,,0.0
202202150400,,0.0
202202150410,,0.0
202202150415,,0.0
202202150420,,0.0
202202150425,,0.0
202202150430,,0.0
202202150435,,0.0
202202150440,,0.0
202202150445,,0.0
202202150450,,0.0
202202150455,,0.0
202202150500,,0.0
202202150510,,0.0
202202150515,,0.0
202202150520,,0.0
202202150525,,0.0
202202150530,,0.0
202202150535,,0.0
202202150540,,0.0
202202150545,,0.0
202202150550,,0.0
202202150555,,0.0
202202150600,,0.0
202202150610,,0.0
202202150615,,0.0
202202150620,,0.0
202202150625,,0.0
202202150630,,0.0
202202150635,,0.0
202202150640,,0.0
202202150645,,0.0
202202150650,,0.0
202202150655,,0.0
202202150700,,0.0
202202150710,,0.0
202202150715,,0.0
202202150720,,0.0
202202150725,,0.0
202202150730,,0.0
202202150735,,0.0
202202150745,,0.0
202202150750,,0.0
202202150755,,0.0
202202150800,,0.0
202202150810,,0.0
202202150815,,0.0
202202150820,,0.0
202202150830,,0.0
202202150835,,0.0
202202150840,,0.0
202202150845,,0.0
202202150850,,0.0
202202150855,,0.0
202202150910,,0.0
202202150915,,0.0
202202150920,,0.0
202202150925,,0.0
202202150930,,0.0
202202150935,,0.0
202202150940,,0.0
202202150945,,0.0
202202150950,,0.0
202202150955,,0.0
202202151000,,0.0
202202151010,,0.0
202202151015,,0.0
202202151020,,0.0
202202151025,,0.0
202202151030,,0.0
202202151035,,0.0
202202151040,,0.0
202202151045,,0.0
202202151050,,0.0
202202151055,,0.0
202202151100,,0.0
202202151110,,0.0
202202151115,,0.0
202202151120,,0.0
202202151125,,0.0
202202151130,,0.0
202202151135,,0.0
202202151140,,0.0
202202151145,,0.0
202202151150,,0.0
202202151155,,0.0
202202151200,,0.0
202202151210,,0.0
202202151215,,0.0
202202151220,,0.0
202202151225,,0.0
202202151235,,0.0
202202151240,,0.0
202202151245,,0.0
202202151255,,0.0
202202151300,,0.0
202202151310,,0.0
202202151315,,0.0
202202151320,,0.0
202202151325,,0.0
202202151330,,0.0
202202151335,,0.0
202202151340,107.0,0.4
202202151345,109.0,0.4
202202151350,117.0,0.4
202202151355,,0.0
202202151400,128.0,0.4
202202151410,96.0,0.9
202202151415,97.0,0.4
202202151420,88.0,0.9
202202151425,98.0,0.9
202202151430,79.0,0.9
202202151435,75.0,0.9
202202151440,62.0,0.9
202202151445,98.0,0.4
202202151450,164.0,0.4
202202151455,,0.0
202202151500,90.0,0.4
202202151510,93.0,0.9
202202151515,98.0,0.9
202202151520,336.0,0.4
202202151525,,0.0
202202151530,325.0,0.4
202202151535,0.0,0.9
202202151540,37.0,0.9
202202151545,112.0,0.4
202202151550,353.0,0.4
202202151555,,0.0
202202151600,,0.0
202202151610,,0.0
202202151615,,0.0
202202151620,100.0,0.4
202202151625,95.0,0.9
202202151630,113.0,0.9
202202151635,95.0,0.4
202202151640,88.0,0.4
202202151645,113.0,0.4
202202151655,,0.0
202202151700,89.0,0.4
202202151710,116.0,0.9
202202151715,147.0,0.9
202202151720,44.0,0.9
202202151725,64.0,0.9
202202151735,,0.0
202202151740,,0.0
202202151745,,0.0
202202151750,39.0,0.4
202202151755,82.0,0.4
202202151800,70.0,0.4
202202151815,138.0,0.4
202202151820,215.0,0.9
202202151825,66.0,0.9
202202151830,22.0,0.9
202202151835,293.0,0.9
202202151840,352.0,0.9
202202151845,106.0,0.9
202202151850,337.0,0.9
202202151855,143.0,0.9
202202151910,68.0,0.4
202202151915,108.0,0.4
202202151920,117.0,0.4
202202151930,120.0,0.4
202202151935,148.0,0.4
202202151940,67.0,0.9
202202151950,171.0,0.9
202202151955,115.0,0.9
202202152000,147.0,0.9
202202152010,87.0,0.4
202202152015,,0.0
202202152020,300.0,0.4
202202152025,119.0,0.9
202202152030,219.0,0.9
202202152035,153.0,0.9
202202152040,105.0,0.9
202202152045,211.0,0.9
202202152050,127.0,0.9
202202152055,7.0,0.9
202202152100,266.0,0.9
202202152110,234.0,0.9
202202152115,133.0,0.4
202202152120,86.0,0.4
202202152125,,0.0
202202152130,,0.0
202202152135,,0.0
202202152140,102.0,0.4
202202152145,296.0,0.4
202202152150,203.0,0.4
202202152155,,0.0
202202152210,,0.0
202202152215,,0.0
202202152220,95.0,0.4
202202152225,137.0,0.4
202202152230,142.0,0.4
202202152235,,0.0
202202152240,,0.0
202202152245,,0.0
202202152250,,0.0
202202152255,,0.0
202202152300,,0.0
202202152320,,0.0
202202152325,,0.0
202202152335,,0.0
202202152340,,0.0
202202152345,,0.0
202202152350,,0.0
202202152355,,0.0
202202160000,,0.0
202202160010,,0.0
202202160015,,0.0
202202160025,,0.0
202202160030,,0.0
202202160035,,0.0
202202160040,,0.0
202202160045,,0.0
202202160050,,0.0
202202160055,,0.0
202202160100,,0.0
202202160110,,0.0
202202160115,,0.0
202202160120,,0.0
202202160125,,0.0
202202160130,,0.0
202202160135,,0.0
202202160140,,0.0
202202160145,,0.0
202202160150,,0.0
202202160155,,0.0
202202160200,,0.0
202202160210,,0.0
202202160215,,0.0
202202160220,,0.0
202202160225,,0.0
202202160235,,0.0
202202160240,,0.0
202202160245,,0.0
202202160250,,0.0
202202160255,,0.0
202202160300,,0.0
202202160310,,0.0
202202160315,,0.0
202202160320,,0.0
202202160325,,0.0
202202160330,,0.0
202202160335,,0.0
202202160340,,0.0
202202160350,,0.0
202202160355,,0.0
202202160400,,0.0
202202160410,,0.0
202202160415,,0.0
202202160420,,0.0
202202160425,,0.0
202202160430,,0.0
202202160435,,0.0
202202160440,,0.0
202202160445,,0.0
202202160450,,0.0
202202160500,,0.0
202202160510,,0.0
202202160515,,0.0
202202160520,,0.0
202202160525,,0.0
202202160530,,0.0
202202160535,,0.0
202202160540,,0.0
202202160545,,0.0
202202160550,,0.0
202202160555,,0.0
202202160600,,0.0
202202160610,,0.0
202202160615,,0.0
202202160620,,0.0
202202160625,,0.0
202202160630,,0.0
202202160635,,0.0
202202160645,,0.0
202202160650,,0.0
202202160655,,0.0
202202160700,,0.0
202202160710,,0.0
202202160715,,0.0
202202160720,,0.0
202202160725,,0.0
202202160735,,0.0
202202160740,,0.0
202202160745,,0.0
202202160750,,0.0
202202160755,,0.0
202202160800,,0.0
202202160810,,0.0
202202160815,,0.0
202202160820,,0.0
202202160825,,0.0
202202160830,,0.0
202202160835,,0.0
202202160840,,0.0
202202160845,,0.0
202202160850,,0.0
202202160855,,0.0
202202160900,,0.0
202202160910,,0.0
202202160915,,0.0
202202160920,,0.0
202202160925,,0.0
202202160930,,0.0
202202160935,,0.0
202202160940,,0.0
202202160945,,0.0
202202160950,,0.0
202202160955,,0.0
202202161000,,0.0
202202161010,,0.0
202202161015,,0.0
202202161020,,0.0
202202161025,,0.0
202202161030,,0.0
202202161035,,0.0
202202161045,,0.0
202202161050,,0.0
202202161055,,0.0
202202161100,,0.0
202202161110,,0.0
202202161115,,0.0
202202161120,,0.0
202202161125,,0.0
202202161130,,0.0
202202161135,,0.0
202202161140,,0.0
202202161145,,0.0
202202161150,,0.0
202202161155,,0.0
202202161200,,0.0
202202161210,,0.0
202202161215,,0.0
202202161220,,0.0
202202161225,,0.0
202202161230,,0.0
202202161235,,0.0
202202161240,,0.0
202202161245,,0.0
202202161250,,0.0
202202161255,,0.0
202202161300,,0.0
202202161310,,0.0
202202161315,,0.0
202202161320,,0.0
202202161325,,0.0
202202161330,,0.0
202202161335,,0.0
202202161340,,0.0
202202161345,,0.0
202202161350,,0.0
202202161355,,0.0
202202161410,85.0,0.9
202202161415,93.0,0.9
202202161420,103.0,0.9
202202161425,94.0,0.9
202202161430,74.0,0.9
202202161435,21.0,0.4
202202161440,101.0,0.4
202202161445,,0.0
202202161450,,0.0
202202161455,,0.0
202202161500,,0.0
202202161510,122.0,0.4
202202161515,94.0,0.4
202202161520,30.0,0.9
202202161530,67.0,0.9
202202161535,143.0,0.4
202202161540,101.0,0.9
202202161545,94.0,0.9
202202161550,93.0,0.4
202202161555,,0.0
202202161600,87.0,0.4
202202161610,120.0,0.9
202202161615,95.0,0.9
202202161620,125.0,0.9
202202161625,43.0,0.9
202202161635,,0.0
202202161640,84.0,0.4
202202161645,94.0,0.9
202202161650,110.0,0.9
202202161655,112.0,0.9
202202161700,125.0,0.9
202202161710,83.0,0.9
202202161715,131.0,0.9
202202161720,84.0,0.9
202202161725,158.0,0.9
202202161730,149.0,1.3
202202161735,102.0,1.3
202202161740,117.0,1.3
202202161745,100.0,0.9
202202161750,79.0,0.9
202202161755,36.0,0.9
202202161800,135.0,1.3
202202161810,160.0,1.3
202202161815,90.0,0.9
202202161820,120.0,1.3
202202161825,84.0,1.3
202202161830,119.0,1.3
202202161835,126.0,0.9
202202161840,98.0,0.9
202202161845,113.0,0.9
202202161850,151.0,0.9
202202161855,111.0,0.9
202202161900,105.0,0.9
202202161910,167.0,0.9
202202161915,190.0,0.9
202202161925,100.0,0.9
202202161930,97.0,0.9
202202161935,150.0,0.9
202202161945,156.0,1.3
202202161950,165.0,1.3
202202161955,115.0,0.9
202202162000,122.0,0.9
202202162010,58.0,0.4
202202162015,,0.0
202202162020,82.0,0.4
202202162030,137.0,1.3
202202162035,127.0,1.3
202202162040,108.0,0.9
202202162045,68.0,0.4
202202162050,122.0,0.4
202202162100,121.0,0.9
202202162110,121.0,0.9
202202162115,114.0,0.4
202202162120,120.0,0.4
202202162125,,0.0
202202162130,,0.0
202202162135,,0.0
202202162145,,0.0
202202162150,165.0,0.4
202202162155,74.0,0.4
202202162200,106.0,0.9
202202162210,91.0,0.4
202202162215,,0.0
202202162220,86.0,0.4
202202162225,76.0,0.9
202202162230,110.0,0.9
202202162235,149.0,0.4
202202162240,101.0,0.9
202202162245,94.0,0.9
202202162250,93.0,0.9
202202162255,94.0,0.9
202202162300,113.0,0.9
202202162310,90.0,0.4
202202162315,102.0,0.4
202202162320,91.0,0.4
202202162325,94.0,0.4
202202162330,118.0,0.4
202202162335,115.0,0.4
202202162340,116.0,0.4
202202162345,123.0,0.4
202202162350,120.0,0.4
202202162355,94.0,0.4
202202170000,109.0,0.9
202202170010,97.0,0.9
202202170015,99.0,0.9
202202170020,96.0,0.9
202202170025,118.0,0.4
202202170030,90.0,0.4
202202170035,,0.0
202202170040,,0.0
202202170045,,0.0
202202170055,,0.0
202202170100,,0.0
202202170110,,0.0
202202170115,,0.0
202202170120,,0.0
202202170125,,0.0
202202170130,101.0,0.4
202202170135,44.0,0.4
202202170140,110.0,0.4
202202170145,35.0,0.4
202202170150,116.0,0.4
202202170155,,0.0
202202170200,100.0,0.4
202202170210,121.0,0.4
202202170215,122.0,0.4
202202170220,109.0,0.4
202202170225,97.0,0.4
202202170240,101.0,0.9
202202170245,111.0,0.4
202202170250,109.0,0.9
202202170255,101.0,0.9
202202170300,101.0,0.9
202202170310,98.0,0.9
202202170315,106.0,0.4
202202170320,99.0,0.4
202202170325,128.0,0.4
202202170330,114.0,0.4
202202170335,,0.0
202202170340,119.0,0.4
202202170345,86.0,0.4
202202170350,113.0,0.4
202202170355,,0.0
202202170400,,0.0
202202170410,,0.0
202202170415,,0.0
202202170420,,0.0
202202170425,,0.0
202202170430,,0.0
202202170435,,0.0
202202170440,,0.0
202202170445,,0.0
202202170450,,0.0
202202170455,,0.0
202202170500,,0.0
202202170510,,0.0
202202170515,,0.0
202202170520,,0.0
202202170525,,0.0
202202170530,92.0,0.4
202202170535,108.0,0.4
202202170540,117.0,0.9
202202170545,111.0,0.9
202202170550,104.0,0.9
202202170555,106.0,0.9
202202170600,121.0,0.9
202202170610,82.0,0.4
202202170615,89.0,0.4
202202170620,114.0,0.9
202202170625,116.0,0.9
202202170630,102.0,0.9
202202170635,124.0,0.9
202202170640,112.0,0.4
202202170645,,0.0
202202170650,113.0,0.4
202202170655,94.0,0.4
202202170700,112.0,0.4
202202170710,104.0,0.4
202202170715,108.0,0.4
202202170720,98.0,0.9
202202170725,112.0,0.9
202202170730,90.0,0.9
202202170740,116.0,0.4
202202170745,,0.0
202202170750,,0.0
202202170755,,0.0
202202170800,,0.0
202202170810,,0.0
202202170820,,0.0
202202170825,,0.0
202202170830,,0.0
202202170835,,0.0
202202170845,,0.0
202202170850,,0.0
202202170855,,0.0
202202170900,,0.0
202202170910,,0.0
202202170915,,0.0
202202170920,,0.0
202202170925,,0.0
202202170930,,0.0
202202170935,,0.0
202202170940,,0.0
202202170945,,0.0
202202170950,,0.0
202202170955,,0.0
202202171000,,0.0
202202171010,,0.0
202202171015,,0.0
202202171020,,0.0
202202171025,,0.0
202202171030,,0.0
202202171035,,0.0
202202171040,,0.0
202202171045,,0.0
202202171050,,0.0
202202171055,,0.0
202202171100,,0.0
202202171110,,0.0
202202171115,,0.0
202202171120,,0.0
202202171125,,0.0
202202171130,119.0,0.4
202202171135,133.0,0.4
202202171140,93.0,0.4
202202171145,149.0,0.4
202202171150,140.0,0.4
202202171155,,0.0
202202171200,,0.0
202202171210,,0.0
202202171215,,0.0
202202171230,,0.0
202202171235,,0.0
202202171240,,0.0
202202171245,,0.0
202202171250,,0.0
202202171255,,0.0
202202171300,,0.0
202202171310,,0.0
202202171315,,0.0
202202171320,,0.0
202202171325,,0.0
202202171330,,0.0
202202171335,,0.0
202202171340,124.0,0.4
202202171345,95.0,0.9
202202171350,153.0,0.4
202202171355,,0.0
202202171400,101.0,0.4
202202171410,105.0,0.4
202202171415,107.0,0.4
202202171420,111.0,0.9
202202171425,115.0,0.9
202202171430,113.0,0.9
202202171435,175.0,0.4
202202171440,131.0,0.9
202202171445,121.0,0.9
202202171450,131.0,0.9
202202171455,162.0,0.9
202202171510,146.0,0.9
202202171515,193.0,0.9
202202171520,180.0,1.3
202202171525,146.0,2.2
202202171530,164.0,2.2
202202171535,175.0,2.2
202202171540,182.0,1.8
202202171545,140.0,1.3
202202171550,118.0,2.2
202202171555,170.0,2.7
202202171600,182.0,2.2
202202171610,172.0,2.2
202202171615,110.0,2.2
202202171635,208.0,3.1
202202171640,110.0,2.7
202202171645,152.0,2.7
202202171650,183.0,2.2
202202171700,167.0,1.8
202202171710,183.0,1.3
202202171715,199.0,2.2
202202171720,142.0,2.2
202202171725,124.0,2.2
202202171730,206.0,2.2
202202171735,193.0,2.2
202202171740,192.0,2.2
202202171745,159.0,2.2
202202171750,98.0,2.2
202202171755,144.0,2.2
202202171800,185.0,1.8
202202171810,209.0,2.2
202202171815,235.0,2.7
202202171820,190.0,2.2
202202171825,149.0,2.2
202202171830,157.0,2.2
202202171835,167.0,2.2
202202171840,157.0,2.2
202202171845,168.0,2.2
202202171850,344.0,2.2
202202171855,174.0,2.2
202202171900,211.0,2.2
202202171910,34.0,1.8
202202171915,182.0,1.3
202202171920,146.0,1.3
202202171925,152.0,1.3
202202171930,196.0,1.8
202202171935,191.0,2.2
202202171940,157.0,2.2
202202171945,178.0,2.2
202202171950,152.0,2.2
202202171955,169.0,2.2
202202172000,170.0,2.2
202202172010,136.0,2.2
202202172015,171.0,2.7
202202172020,181.0,2.2
202202172030,184.0,2.2
202202172035,166.0,2.7
202202172040,172.0,2.7
202202172045,173.0,2.7
202202172050,188.0,2.7
202202172055,200.0,2.7
202202172100,200.0,2.7
202202172110,183.0,2.2
202202172115,217.0,2.2
202202172120,190.0,1.8
202202172125,181.0,0.9
202202172130,136.0,1.3
202202172135,136.0,2.2
202202172140,190.0,1.8
202202172150,191.0,1.3
202202172155,182.0,2.2
202202172200,167.0,2.2
202202172210,165.0,2.2
202202172215,173.0,1.3
202202172220,158.0,1.8
202202172225,169.0,2.2
202202172230,160.0,1.3
202202172235,196.0,0.9
202202172240,152.0,0.9
202202172245,186.0,0.9
202202172250,214.0,0.9
202202172255,162.0,0.9
202202172300,181.0,0.9
202202172310,239.0,0.9
202202172315,148.0,0.9
202202172320,201.0,0.9
202202172325,155.0,0.9
202202172330,220.0,0.9
202202172335,181.0,0.4
202202172340,187.0,0.4
202202172345,159.0,0.4
202202172350,171.0,0.9
202202172355,145.0,0.9
202202180000,153.0,0.9
202202180010,19.0,0.9
202202180015,166.0,0.9
202202180020,151.0,0.9
202202180025,200.0,0.9
202202180030,137.0,0.9
202202180035,174.0,0.9
202202180040,150.0,0.9
202202180045,170.0,0.9
202202180050,163.0,0.4
202202180055,,0.0
202202180100,322.0,0.4
202202180110,134.0,0.9
202202180115,226.0,0.9
202202180120,127.0,0.9
202202180125,173.0,0.9
202202180130,141.0,0.9
202202180135,155.0,0.9
202202180140,133.0,0.9
202202180145,182.0,0.9
202202180150,123.0,0.9
202202180155,153.0,0.9
202202180200,176.0,0.9
202202180210,179.0,1.3
202202180215,151.0,1.3
202202180220,169.0,1.3
202202180225,142.0,1.3
202202180230,190.0,1.3
202202180235,183.0,1.3
202202180240,203.0,1.8
202202180245,157.0,2.2
202202180250,192.0,2.2
202202180255,165.0,2.2
202202180300,207.0,2.2
202202180310,189.0,2.2
202202180315,176.0,2.2
202202180320,189.0,2.2
202202180325,160.0,2.2
202202180330,201.0,2.2
202202180335,221.0,2.7
202202180340,166.0,2.7
202202180345,176.0,2.7
202202180350,187.0,2.7
202202180355,179.0,2.7
202202180400,202.0,2.2
202202180410,193.0,2.2
202202180415,188.0,2.7
202202180420,167.0,2.7
202202180425,170.0,2.2
202202180430,185.0,2.2
202202180435,152.0,2.7
202202180440,211.0,2.7
202202180445,198.0,2.7
202202180450,200.0,2.7
202202180455,185.0,2.2
202202180500,185.0,2.7
202202180510,199.0,3.6
202202180515,207.0,3.6
202202180520,213.0,3.6
202202180525,210.0,3.6
202202180530,187.0,3.1
202202180535,216.0,3.1
202202180540,182.0,3.1
202202180545,184.0,3.1
202202180550,204.0,3.1
202202180555,202.0,3.1
202202180600,197.0,3.1
202202180610,225.0,3.6
202202180615,196.0,3.6
202202180620,201.0,3.1
202202180625,186.0,3.1
202202180630,193.0,3.1
202202180635,184.0,3.1
202202180640,183.0,2.7
202202180645,195.0,2.2
202202180650,191.0,2.2
202202180655,197.0,2.7
202202180700,201.0,2.7
202202180710,178.0,2.2
202202180715,211.0,2.2
202202180720,193.0,2.2
202202180725,174.0,2.7
202202180730,198.0,2.2
202202180735,217.0,2.2
202202180740,200.0,2.2
202202180745,127.0,2.7
202202180750,213.0,2.7
202202180755,184.0,2.2
202202180800,183.0,2.2
202202180810,210.0,2.7
202202180815,306.0,3.1
202202180820,137.0,2.7
202202180825,245.0,2.2
202202180830,277.0,1.8
202202180835,284.0,1.3
202202180840,276.0,1.3
202202180845,300.0,1.3
202202180850,316.0,1.3
202202180855,293.0,1.3
202202180900,293.0,1.3
202202180910,285.0,0.9
202202180915,302.0,0.9
202202180920,314.0,0.9
202202180930,299.0,0.4
202202180935,,0.0
202202180940,209.0,0.4
202202180945,272.0,0.4
202202180950,293.0,0.4
202202180955,,0.0
202202181000,,0.0
202202181010,234.0,0.4
202202181015,219.0,0.4
202202181020,220.0,0.9
202202181025,240.0,0.9
202202181030,213.0,0.9
202202181035,215.0,0.4
202202181040,211.0,0.4
202202181045,,0.0
202202181050,,0.0
202202181055,,0.0
202202181100,,0.0
202202181110,,0.0
202202181115,,0.0
202202181120,219.0,0.4
202202181125,214.0,0.4
202202181130,279.0,0.9
202202181140,234.0,0.9
202202181145,218.0,0.9
202202181150,214.0,0.4
202202181155,,0.0
202202181200,234.0,0.9
202202181210,248.0,1.8
202202181215,232.0,1.3
202202181220,238.0,1.3
202202181225,233.0,1.3
202202181230,206.0,1.3
202202181235,209.0,0.9
202202181240,211.0,0.9
202202181250,239.0,0.9
202202181255,216.0,0.9
202202181310,242.0,1.3
202202181315,238.0,1.3
202202181320,272.0,0.9
202202181325,,0.0
202202181330,295.0,0.4
202202181335,294.0,0.9
202202181340,232.0,0.9
202202181345,229.0,0.9
202202181350,287.0,0.9
202202181355,297.0,0.9
202202181400,259.0,0.9
202202181415,248.0,0.9
202202181420,310.0,0.9
202202181425,295.0,0.9
202202181430,344.0,0.9
202202181435,344.0,0.9
202202181445,304.0,0.9
202202181450,257.0,2.2
202202181455,282.0,2.2
202202181500,283.0,2.2
202202181510,302.0,2.7
202202181515,270.0,2.7
202202181520,279.0,2.2
202202181525,257.0,2.2
202202181530,310.0,2.2
202202181535,246.0,2.2
202202181540,252.0,2.2
202202181545,283.0,2.2
202202181550,294.0,2.2
202202181555,298.0,2.2
202202181600,215.0,2.2
202202181610,302.0,2.2
202202181615,292.0,2.2
202202181620,237.0,2.2
202202181625,303.0,2.2
202202181630,286.0,2.2
202202181635,314.0,2.2
202202181640,304.0,2.2
202202181645,292.0,2.2
202202181650,269.0,2.2
202202181655,326.0,2.2
202202181700,223.0,2.2
202202181710,268.0,2.2
202202181715,311.0,2.2
202202181720,332.0,1.8
202202181725,290.0,1.3
202202181730,302.0,1.8
202202181735,230.0,2.2
202202181740,294.0,2.2
202202181745,338.0,2.7
202202181750,288.0,2.7
202202181755,316.0,2.7
202202181800,338.0,2.2
202202181810,278.0,2.2
202202181815,238.0,2.2
202202181820,307.0,2.2
202202181825,291.0,2.7
202202181830,214.0,2.7
202202181835,230.0,3.1
202202181840,309.0,2.7
202202181850,250.0,2.7
202202181855,246.0,3.1
202202181900,281.0,2.7
202202181910,296.0,2.7
202202181915,330.0,2.7
202202181920,326.0,2.7
202202181925,261.0,2.7
202202181930,290.0,2.2
202202181935,344.0,2.2
202202181940,336.0,2.2
202202181945,229.0,2.7
202202181950,281.0,2.7
202202182010,239.0,2.2
202202182015,317.0,2.2
202202182020,250.0,1.8
202202182025,219.0,0.9
202202182030,273.0,1.3
202202182035,320.0,2.7
202202182040,274.0,2.2
202202182045,262.0,2.2
202202182055,295.0,2.2
202202182110,308.0,2.2
202202182115,206.0,2.2
202202182120,272.0,1.8
202202182125,301.0,0.9
202202182130,331.0,1.3
202202182140,294.0,2.2
202202182145,253.0,2.2
202202182150,295.0,2.2
202202182155,234.0,2.2
202202182200,330.0,1.3
202202182210,240.0,0.9
202202182215,274.0,0.9
202202182220,237.0,1.3
202202182225,310.0,2.2
202202182230,286.0,1.8
202202182235,314.0,1.3
202202182240,297.0,1.3
202202182245,276.0,1.3
202202182250,295.0,1.3
202202182255,303.0,0.9
202202182300,298.0,0.4
202202182310,278.0,0.4
202202182315,271.0,0.9
202202182320,302.0,0.9
202202182335,295.0,0.9
202202182340,307.0,0.9
202202182345,329.0,0.9
202202182350,322.0,0.9
202202182355,295.0,0.9
202202190000,267.0,0.9
202202190010,319.0,0.9
202202190015,285.0,0.4
202202190020,268.0,0.9
202202190025,301.0,0.9
202202190030,250.0,0.9
202202190035,224.0,0.4
202202190040,285.0,0.4
202202190045,,0.0
202202190050,341.0,0.4
202202190055,319.0,0.4
202202190100,333.0,0.4
202202190110,282.0,0.4
202202190115,265.0,0.4
202202190120,319.0,0.9
202202190125,314.0,0.9
202202190130,331.0,0.9
202202190135,328.0,0.9
202202190140,296.0,1.3
202202190145,311.0,2.2
202202190150,315.0,1.8
202202190155,304.0,1.3
202202190200,313.0,1.3
202202190215,323.0,1.3
202202190220,308.0,1.3
202202190225,299.0,2.2
202202190230,326.0,1.3
202202190235,307.0,0.9
202202190240,333.0,0.9
202202190245,307.0,0.9
202202190250,291.0,0.9
202202190255,302.0,0.9
202202190300,297.0,0.9
202202190310,334.0,1.3
202202190315,325.0,1.3
202202190320,310.0,1.3
202202190325,313.0,1.3
202202190330,332.0,1.3
202202190335,258.0,1.3
202202190340,292.0,1.3
202202190345,328.0,0.9
202202190350,323.0,0.9
202202190355,304.0,0.9
202202190400,313.0,0.9
202202190410,311.0,0.9
202202190415,324.0,0.9
202202190420,335.0,0.9
202202190425,320.0,0.9
202202190430,304.0,0.9
202202190435,320.0,0.9
202202190440,318.0,0.9
202202190445,319.0,0.9
202202190450,317.0,1.3
202202190455,324.0,1.3
202202190500,290.0,1.3
202202190510,313.0,0.9
202202190515,338.0,0.9
202202190520,329.0,0.9
202202190525,326.0,0.9
202202190530,344.0,1.3
202202190535,281.0,2.2
202202190540,284.0,1.3
202202190545,336.0,0.9
202202190550,357.0,1.3
202202190555,333.0,1.3
202202190600,338.0,1.3
202202190610,294.0,0.9
202202190615,304.0,0.4
202202190620,309.0,0.4
202202190625,313.0,0.4
202202190635,322.0,0.4
202202190640,336.0,0.9
202202190645,309.0,0.9
202202190700,,0.0
202202190710,,0.0
202202190715,,0.0
202202190720,,0.0
202202190725,,0.0
202202190730,,0.0
202202190735,,0.0
202202190740,310.0,0.4
202202190745,295.0,0.9
202202190750,317.0,0.9
202202190755,315.0,0.4
202202190800,307.0,0.9
202202190810,331.0,0.9
202202190815,331.0,0.9
202202190820,314.0,0.9
202202190825,296.0,0.4
202202190830,290.0,0.9
202202190835,300.0,0.9
202202190840,326.0,0.4
202202190845,,0.0
202202190850,329.0,0.4
202202190855,311.0,0.9
202202190900,298.0,0.4
202202190910,276.0,0.4
202202190915,307.0,0.4
202202190920,316.0,0.4
202202190925,301.0,0.4
202202190930,295.0,0.4
202202190935,,0.0
202202190940,,0.0
202202190945,,0.0
202202190950,,0.0
202202190955,,0.0
202202191000,,0.0
202202191010,,0.0
202202191015,,0.0
202202191020,263.0,0.4
202202191025,322.0,0.4
202202191030,322.0,0.9
202202191035,336.0,0.9
202202191040,321.0,0.4
202202191045,,0.0
202202191050,327.0,0.4
202202191055,330.0,0.9
202202191100,288.0,0.9
202202191110,314.0,0.9
202202191115,321.0,0.9
202202191125,297.0,0.9
202202191135,306.0,0.9
202202191140,320.0,0.9
202202191145,320.0,0.9
202202191150,295.0,0.4
202202191155,,0.0
202202191200,,0.0
202202191210,,0.0
202202191215,,0.0
202202191220,312.0,0.4
202202191225,319.0,0.4
202202191230,314.0,0.4
202202191235,331.0,0.4
202202191240,325.0,0.4
202202191245,,0.0
202202191250,319.0,0.4
202202191255,325.0,0.9
202202191310,326.0,0.4
202202191315,,0.0
202202191320,339.0,0.4
202202191325,321.0,0.9
202202191330,0.0,1.3
202202191340,323.0,1.3
202202191345,344.0,1.3
202202191350,323.0,1.8
202202191355,313.0,2.2
202202191400,314.0,2.2
202202191410,345.0,2.2
202202191415,328.0,2.2
202202191420,356.0,2.2
202202191425,348.0,2.2
202202191430,351.0,2.2
202202191435,0.0,2.2
202202191440,326.0,2.2
202202191445,347.0,2.2
202202191450,18.0,1.8
202202191455,20.0,1.3
202202191500,21.0,1.3
202202191510,349.0,1.3
202202191515,355.0,2.2
202202191520,341.0,2.2
202202191525,54.0,2.2
202202191530,313.0,1.3
202202191535,290.0,0.9
202202191540,11.0,1.3
202202191545,354.0,1.3
202202191550,319.0,2.2
202202191555,341.0,2.7
202202191600,323.0,2.7
202202191610,324.0,2.2
202202191615,305.0,2.7
202202191620,343.0,2.7
202202191625,317.0,3.1
202202191630,312.0,2.7
202202191635,332.0,2.2
202202191640,1.0,2.2
202202191645,331.0,2.2
202202191650,357.0,2.2
202202191655,324.0,2.7
202202191700,327.0,2.7
202202191710,271.0,2.2
202202191715,295.0,2.7
202202191720,203.0,2.2
202202191725,342.0,1.3
202202191730,323.0,1.8
202202191735,347.0,2.2
202202191740,320.0,2.2
202202191745,342.0,2.2
202202191750,329.0,2.2
202202191755,325.0,2.7
202202191800,274.0,2.2
202202191810,344.0,2.2
202202191815,355.0,2.7
202202191820,350.0,2.2
202202191825,315.0,2.2
202202191830,9.0,2.2
202202191835,344.0,2.7
202202191840,235.0,2.2
202202191845,275.0,2.2
202202191850,320.0,2.2
202202191855,336.0,2.2
202202191900,343.0,2.2
202202191910,329.0,2.2
202202191915,332.0,2.2
202202191925,269.0,2.2
202202191930,291.0,2.2
202202191935,323.0,2.2
202202191945,321.0,2.2
202202191955,307.0,2.2
202202192000,307.0,1.8
202202192010,331.0,1.3
202202192015,329.0,1.3
202202192020,297.0,1.8
202202192025,301.0,2.7
202202192030,339.0,2.7
202202192035,299.0,2.2
202202192040,335.0,2.2
202202192045,332.0,2.2
202202192050,329.0,2.2
202202192055,292.0,2.2
202202192100,341.0,2.2
202202192110,328.0,2.2
202202192115,329.0,2.2
202202192120,319.0,2.2
202202192125,300.0,2.2
202202192135,319.0,2.2
202202192140,319.0,1.8
202202192145,285.0,1.3
202202192150,282.0,1.3
202202192155,346.0,0.9
202202192200,327.0,1.3
202202192210,342.0,2.2
202202192215,327.0,2.2
202202192220,308.0,2.2
202202192225,335.0,2.2
202202192235,294.0,2.2
202202192240,342.0,1.8
202202192245,328.0,1.3
202202192250,324.0,0.9
202202192255,,0.0
202202192300,,0.0
202202192310,,0.0
202202192315,,0.0
202202192320,,0.0
202202192325,,0.0
202202192330,,0.0
202202192335,,0.0
202202192340,,0.0
202202192345,,0.0
202202192350,,0.0
202202192355,,0.0
202202200000,,0.0
202202200010,,0.0
202202200015,,0.0
202202200020,,0.0
202202200025,,0.0
202202200030,,0.0
202202200040,,0.0
202202200045,,0.0
202202200050,,0.0
202202200100,,0.0
202202200110,,0.0
202202200115,,0.0
202202200120,231.0,0.4
202202200125,242.0,0.9
202202200130,235.0,0.9
202202200135,235.0,0.4
202202200140,232.0,0.4
202202200145,257.0,0.4
202202200150,240.0,0.4
202202200155,163.0,0.4
202202200200,249.0,0.4
202202200210,,0.0
202202200215,,0.0
202202200220,,0.0
202202200230,290.0,0.4
202202200235,261.0,0.4
202202200240,301.0,0.4
202202200245,,0.0
202202200250,302.0,0.4
202202200255,316.0,0.4
202202200300,283.0,0.9
202202200310,296.0,0.9
202202200315,297.0,0.9
202202200320,294.0,0.9
202202200325,325.0,0.9
202202200330,337.0,0.9
202202200335,334.0,0.9
202202200340,301.0,0.9
202202200345,320.0,0.9
202202200350,334.0,0.9
202202200355,304.0,0.9
202202200400,331.0,0.9
202202200410,321.0,0.9
202202200415,329.0,2.2
202202200420,322.0,2.2
202202200425,318.0,2.2
202202200430,328.0,1.8
202202200435,337.0,0.9
202202200440,335.0,1.3
202202200445,0.0,2.2
202202200450,1.0,1.8
202202200455,8.0,1.3
202202200500,336.0,0.9
202202200510,329.0,0.4
202202200515,25.0,0.4
202202200520,356.0,0.4
202202200525,,0.0
202202200530,,0.0
202202200535,,0.0
202202200540,355.0,0.4
202202200545,50.0,0.4
202202200550,12.0,0.4
202202200555,15.0,0.4
202202200610,9.0,0.9
202202200615,12.0,0.9
202202200625,13.0,0.9
202202200630,4.0,0.9
202202200635,16.0,0.9
202202200640,11.0,0.9
202202200645,5.0,0.9
202202200650,5.0,0.4
202202200655,,0.0
202202200700,,0.0
202202200710,,0.0
202202200715,,0.0
202202200720,,0.0
202202200725,,0.0
202202200730,,0.0
202202200735,,0.0
202202200740,,0.0
202202200745,,0.0
202202200750,,0.0
202202200755,,0.0
202202200800,,0.0
202202200810,,0.0
202202200815,,0.0
202202200820,,0.0
202202200825,,0.0
202202200830,,0.0
202202200835,,0.0
202202200840,,0.0
202202200845,,0.0
202202200850,,0.0
202202200855,,0.0
202202200900,,0.0
202202200910,,0.0
202202200915,,0.0
202202200920,,0.0
202202200925,,0.0
202202200930,,0.0
202202200935,,0.0
202202200940,,0.0
202202200945,,0.0
202202200950,,0.0
202202200955,,0.0
202202201000,,0.0
202202201010,,0.0
202202201015,,0.0
202202201020,,0.0
202202201025,,0.0
202202201030,,0.0
202202201035,,0.0
202202201040,,0.0
202202201045,,0.0
202202201050,,0.0
202202201055,,0.0
202202201100,,0.0
202202201110,,0.0
202202201115,,0.0
202202201120,,0.0
202202201125,,0.0
202202201130,,0.0
202202201135,,0.0
202202201140,,0.0
202202201145,,0.0
202202201150,,0.0
202202201155,,0.0
202202201200,,0.0
202202201215,,0.0
202202201220,,0.0
202202201230,,0.0
202202201235,,0.0
202202201240,,0.0
202202201245,,0.0
202202201250,,0.0
202202201255,,0.0
202202201300,,0.0
202202201310,,0.0
202202201315,,0.0
202202201320,,0.0
202202201325,,0.0
202202201330,,0.0
202202201335,,0.0
202202201340,,0.0
202202201345,,0.0
202202201350,,0.0
202202201355,,0.0
202202201400,,0.0
202202201410,,0.0
202202201415,,0.0
202202201420,,0.0
202202201425,,0.0
202202201430,31.0,0.4
202202201435,99.0,0.4
202202201440,67.0,0.9
202202201445,47.0,0.9
202202201450,43.0,0.9
202202201455,54.0,0.9
202202201500,107.0,0.9
202202201510,72.0,0.4
202202201515,93.0,0.4
202202201520,124.0,0.9
202202201525,101.0,0.9
202202201530,70.0,0.9
202202201540,99.0,0.4
202202201545,,0.0
202202201550,6.0,0.4
202202201555,40.0,0.4
202202201600,116.0,0.4
202202201610,2.0,0.9
202202201615,126.0,0.9
202202201620,75.0,0.9
202202201625,35.0,0.4
202202201630,97.0,0.4
202202201635,157.0,0.4
202202201640,329.0,0.4
202202201645,38.0,0.4
202202201650,130.0,0.4
202202201655,,0.0
202202201700,,0.0
202202201710,68.0,0.4
202202201715,16.0,0.4
202202201720,95.0,0.4
202202201725,,0.0
202202201730,59.0,0.4
202202201735,89.0,0.9
202202201740,151.0,0.9
202202201745,125.0,0.9
202202201750,137.0,0.9
202202201755,110.0,0.9
202202201800,251.0,0.9
202202201810,105.0,0.9
202202201815,135.0,0.9
202202201820,94.0,0.9
202202201825,238.0,0.9
202202201830,211.0,0.9
202202201835,104.0,0.4
202202201840,128.0,0.4
202202201845,,0.0
202202201850,87.0,0.4
202202201855,209.0,0.9
202202201900,119.0,0.9
202202201910,293.0,0.4
202202201915,,0.0
202202201920,136.0,0.4
202202201925,210.0,0.9
202202201930,154.0,0.9
202202201935,222.0,0.9
202202201940,131.0,0.9
202202201950,6.0,0.9
202202201955,305.0,0.9
202202202000,206.0,0.4
202202202010,310.0,0.4
202202202015,118.0,0.9
202202202020,126.0,0.9
202202202025,120.0,0.4
202202202030,97.0,0.4
202202202035,152.0,0.4
202202202040,156.0,0.9
202202202050,211.0,0.9
202202202055,218.0,0.4
202202202100,321.0,0.9
202202202110,106.0,0.9
202202202115,224.0,0.4
202202202120,173.0,0.9
202202202125,156.0,0.9
202202202130,96.0,0.4
202202202140,,0.0
202202202145,,0.0
202202202150,,0.0
202202202155,,0.0
202202202200,100.0,0.4
202202202210,118.0,0.4
202202202215,,0.0
202202202220,,0.0
202202202225,,0.0
202202202230,156.0,0.4
202202202235,222.0,0.4
202202202240,224.0,0.4
202202202250,,0.0
202202202300,,0.0
202202202310,,0.0
202202202315,,0.0
202202202320,,0.0
202202202325,,0.0
202202202330,,0.0
202202202335,,0.0
202202202340,,0.0
202202202345,,0.0
202202202350,,0.0
202202202355,,0.0
202202210000,,0.0
202202210010,,0.0
202202210015,,0.0
202202210020,,0.0
202202210025,,0.0
202202210030,,0.0
202202210035,,0.0
202202210040,,0.0
202202210045,,0.0
202202210050,,0.0
202202210055,,0.0
202202210100,,0.0
202202210110,,0.0
202202210115,,0.0
202202210120,,0.0
202202210125,,0.0
202202210130,,0.0
202202210135,,0.0
202202210140,,0.0
202202210145,,0.0
202202210200,,0.0
202202210210,,0.0
202202210215,,0.0
202202210220,,0.0
202202210225,,0.0
202202210230,,0.0
202202210235,,0.0
202202210240,,0.0
202202210245,,0.0
202202210250,,0.0
202202210255,,0.0
202202210300,,0.0
202202210310,,0.0
202202210315,,0.0
202202210320,,0.0
202202210325,,0.0
202202210330,,0.0
202202210335,,0.0
202202210340,,0.0
202202210345,,0.0
202202210350,,0.0
202202210355,,0.0
202202210400,,0.0
202202210410,,0.0
202202210415,,0.0
202202210420,,0.0
202202210425,,0.0
202202210430,,0.0
202202210440,,0.0
202202210445,,0.0
202202210450,,0.0
202202210455,,0.0
202202210500,,0.0
202202210510,,0.0
202202210515,,0.0
202202210520,,0.0
202202210525,,0.0
202202210530,,0.0
202202210535,,0.0
202202210540,,0.0
202202210545,,0.0
202202210550,,0.0
202202210555,,0.0
202202210600,,0.0
202202210610,,0.0
202202210615,,0.0
202202210620,,0.0
202202210625,,0.0
202202210630,,0.0
202202210635,,0.0
202202210640,,0.0
202202210645,,0.0
202202210650,,0.0
202202210655,,0.0
202202210700,,0.0
202202210710,,0.0
202202210715,,0.0
202202210720,,0.0
202202210725,,0.0
202202210730,,0.0
202202210735,,0.0
202202210740,,0.0
202202210745,,0.0
202202210750,,0.0
202202210755,,0.0
202202210800,,0.0
202202210810,,0.0
202202210815,,0.0
202202210820,,0.0
202202210830,,0.0
202202210835,,0.0
202202210840,,0.0
202202210845,,0.0
202202210850,,0.0
202202210855,,0.0
202202210900,,0.0
202202210910,,0.0
202202210915,,0.0
202202210920,,0.0
202202210925,,0.0
202202210930,,0.0
202202210935,,0.0
202202210940,,0.0
202202210945,,0.0
202202210950,,0.0
202202210955,,0.0
202202211000,,0.0
202202211010,,0.0
202202211015,,0.0
202202211020,,0.0
202202211025,,0.0
202202211030,,0.0
202202211035,,0.0
202202211040,,0.0
202202211045,,0.0
202202211050,,0.0
202202211055,,0.0
202202211100,,0.0
202202211110,,0.0
202202211120,,0.0
202202211125,,0.0
202202211130,,0.0
202202211135,,0.0
202202211140,,0.0
202202211145,,0.0
202202211150,,0.0
202202211155,,0.0
202202211200,,0.0
202202211210,,0.0
202202211215,,0.0
202202211220,,0.0
202202211225,,0.0
202202211230,,0.0
202202211235,,0.0
202202211240,,0.0
202202211245,,0.0
202202211250,,0.0
202202211255,,0.0
202202211300,,0.0
202202211310,,0.0
202202211315,,0.0
202202211320,,0.0
202202211325,,0.0
202202211330,,0.0
202202211335,,0.0
202202211340,,0.0
202202211345,,0.0
202202211350,,0.0
202202211355,,0.0
202202211400,,0.0
202202211410,,0.0
202202211420,,0.0
202202211425,,0.0
202202211430,,0.0
202202211435,,0.0
202202211440,,0.0
202202211445,,0.0
202202211450,,0.0
202202211455,,0.0
202202211500,95.0,0.4
202202211510,32.0,0.4
202202211515,,0.0
202202211520,,0.0
202202211525,,0.0
202202211530,,0.0
202202211535,,0.0
202202211540,,0.0
202202211545,,0.0
202202211550,106.0,0.4
202202211600,49.0,0.9
202202211610,235.0,0.4
202202211615,,0.0
202202211620,,0.0
202202211625,,0.0
202202211630,183.0,0.4
202202211635,120.0,0.4
202202211640,82.0,0.4
202202211645,,0.0
202202211650,,0.0
202202211655,,0.0
202202211700,,0.0
202202211710,189.0,0.4
202202211715,217.0,0.4
202202211720,130.0,0.9
202202211725,217.0,0.9
202202211730,137.0,0.4
202202211735,,0.0
202202211740,,0.0
202202211745,,0.0
202202211750,148.0,0.4
202202211755,220.0,0.9
202202211800,90.0,0.9
202202211810,187.0,0.9
202202211815,256.0,0.9
202202211820,154.0,0.4
202202211825,,0.0
202202211830,,0.0
202202211835,,0.0
202202211840,187.0,0.4
202202211845,117.0,0.9
202202211850,174.0,0.9
202202211855,156.0,0.4
202202211900,207.0,0.4
202202211910,171.0,0.9
202202211915,193.0,0.9
202202211920,194.0,0.9
202202211925,189.0,0.9
202202211930,208.0,0.9
202202211935,179.0,0.9
202202211940,223.0,0.9
202202211950,199.0,1.3
202202211955,229.0,1.3
202202212000,229.0,1.3
202202212010,209.0,1.8
202202212015,161.0,0.9
202202212020,177.0,0.9
202202212025,201.0,0.9
202202212030,231.0,0.9
202202212035,167.0,0.9
202202212040,206.0,0.9
202202212045,89.0,0.4
202202212050,186.0,0.9
202202212055,193.0,0.9
202202212100,202.0,0.9
202202212110,225.0,0.4
202202212115,194.0,0.4
202202212120,195.0,0.4
202202212125,191.0,0.4
202202212130,196.0,0.4
202202212135,,0.0
202202212140,,0.0
202202212145,,0.0
202202212150,,0.0
202202212155,,0.0
202202212200,,0.0
202202212210,,0.0
202202212215,,0.0
202202212220,,0.0
202202212225,,0.0
202202212230,,0.0
202202212235,,0.0
202202212245,,0.0
202202212250,,0.0
202202212310,,0.0
202202212315,,0.0
202202212320,,0.0
202202212325,,0.0
202202212330,,0.0
202202212335,,0.0
202202212340,,0.0
202202212345,,0.0
202202212350,,0.0
202202212355,,0.0
202202220000,,0.0
202202220010,,0.0
202202220015,,0.0
202202220020,,0.0
202202220025,,0.0
202202220030,,0.0
202202220035,,0.0
202202220040,,0.0
202202220045,,0.0
202202220050,,0.0
202202220055,,0.0
202202220100,,0.0
202202220110,,0.0
202202220115,,0.0
202202220120,,0.0
202202220125,,0.0
202202220130,,0.0
202202220135,,0.0
202202220140,,0.0
202202220145,,0.0
202202220150,,0.0
202202220155,,0.0
202202220200,,0.0
202202220210,,0.0
202202220215,,0.0
202202220220,,0.0
202202220225,,0.0
202202220230,,0.0
202202220235,,0.0
202202220240,,0.0
202202220245,,0.0
202202220250,,0.0
202202220255,,0.0
202202220300,,0.0
202202220310,,0.0
202202220315,,0.0
202202220325,,0.0
202202220330,,0.0
202202220340,,0.0
202202220345,,0.0
202202220350,,0.0
202202220400,,0.0
202202220410,,0.0
202202220415,,0.0
202202220420,,0.0
202202220425,,0.0
202202220430,,0.0
202202220435,,0.0
202202220440,,0.0
202202220445,,0.0
202202220450,,0.0
202202220455,,0.0
202202220500,,0.0
202202220510,,0.0
202202220515,,0.0
202202220525,,0.0
202202220530,,0.0
202202220535,,0.0
202202220540,,0.0
202202220545,,0.0
202202220550,,0.0
202202220555,,0.0
202202220600,,0.0
202202220610,,0.0
202202220620,,0.0
202202220625,,0.0
202202220630,,0.0
202202220635,,0.0
202202220640,,0.0
202202220645,,0.0
202202220650,,0.0
202202220655,,0.0
202202220700,,0.0
202202220710,,0.0
202202220715,,0.0
202202220720,,0.0
202202220725,,0.0
202202220730,,0.0
202202220735,,0.0
202202220740,,0.0
202202220745,,0.0
202202220750,,0.0
202202220755,,0.0
202202220800,,0.0
202202220810,,0.0
202202220815,,0.0
202202220820,,0.0
202202220825,,0.0
202202220830,,0.0
202202220835,,0.0
202202220840,,0.0
202202220845,,0.0
202202220850,,0.0
202202220855,,0.0
202202220900,,0.0
202202220910,,0.0
202202220920,,0.0
202202220925,,0.0
202202220930,,0.0
202202220940,,0.0
202202220945,,0.0
202202220950,,0.0
202202220955,,0.0
202202221000,,0.0
202202221010,,0.0
202202221015,,0.0
202202221020,,0.0
202202221025,,0.0
202202221030,,0.0
202202221035,,0.0
202202221045,,0.0
202202221050,,0.0
202202221055,,0.0
202202221100,,0.0
202202221110,,0.0
202202221115,,0.0
202202221120,,0.0
202202221125,,0.0
202202221130,,0.0
202202221135,,0.0
202202221140,,0.0
202202221145,,0.0
202202221150,,0.0
202202221155,,0.0
202202221200,,0.0
202202221210,,0.0
202202221215,,0.0
202202221220,,0.0
202202221225,,0.0
202202221230,,0.0
202202221235,,0.0
202202221240,,0.0
202202221245,,0.0
202202221250,,0.0
202202221255,,0.0
202202221300,,0.0
202202221310,125.0,0.4
202202221315,126.0,0.4
202202221320,104.0,0.4
202202221325,,0.0
202202221330,,0.0
202202221335,,0.0
202202221340,,0.0
202202221345,,0.0
202202221350,,0.0
202202221355,,0.0
202202221400,,0.0
202202221410,,0.0
202202221415,,0.0
202202221420,,0.0
202202221425,,0.0
202202221430,,0.0
202202221435,,0.0
202202221440,,0.0
202202221445,,0.0
202202221450,,0.0
202202221455,,0.0
202202221510,92.0,0.9
202202221515,161.0,0.9
202202221520,127.0,0.9
202202221525,167.0,0.4
202202221530,139.0,0.9
202202221535,194.0,0.9
202202221540,170.0,0.9
202202221545,159.0,0.9
202202221550,121.0,0.9
202202221600,136.0,1.3
202202221610,189.0,2.2
202202221615,122.0,2.2
202202221620,96.0,1.3
202202221625,206.0,0.9
202202221630,220.0,1.3
202202221635,137.0,2.7
202202221640,121.0,2.2
202202221645,192.0,1.3
202202221650,192.0,1.3
202202221655,146.0,1.3
202202221700,222.0,1.3
202202221710,156.0,2.2
202202221715,139.0,2.2
202202221720,139.0,1.3
202202221725,155.0,0.9
202202221730,146.0,1.3
202202221740,171.0,1.3
202202221745,214.0,0.9
202202221755,145.0,1.3
202202221800,213.0,1.3
202202221810,131.0,1.3
202202221815,133.0,2.2
202202221820,186.0,2.2
202202221825,176.0,2.2
202202221830,174.0,2.2
202202221835,181.0,2.2
202202221840,197.0,1.3
202202221845,152.0,0.9
202202221850,133.0,0.9
202202221855,168.0,0.9
202202221900,112.0,0.9
202202221910,167.0,0.9
202202221915,165.0,0.9
202202221920,158.0,0.9
202202221925,202.0,0.9
202202221930,204.0,1.3
202202221935,134.0,2.2
202202221940,220.0,1.8
202202221945,186.0,1.3
202202221950,147.0,1.3
202202221955,176.0,0.9
202202222010,146.0,0.9
202202222015,134.0,0.9
202202222020,211.0,1.3
202202222025,191.0,1.3
202202222030,222.0,1.3
202202222035,155.0,1.3
202202222040,127.0,1.3
202202222045,151.0,1.3
202202222050,163.0,1.3
202202222055,228.0,2.2
202202222100,222.0,1.8
202202222110,129.0,1.3
202202222115,145.0,0.9
202202222120,172.0,0.9
202202222125,188.0,0.9
202202222130,187.0,1.3
202202222135,209.0,1.3
202202222140,179.0,1.8
202202222145,199.0,2.2
202202222150,195.0,1.3
202202222155,185.0,0.9
202202222200,22.0,0.9
202202222210,199.0,0.9
202202222215,157.0,0.9
202202222220,171.0,0.9
202202222225,160.0,0.9
202202222230,169.0,0.4
202202222235,,0.0
202202222240,177.0,0.4
202202222245,156.0,0.9
202202222250,242.0,0.4
202202222255,,0.0
202202222300,,0.0
202202222310,,0.0
202202222315,,0.0
202202222320,,0.0
202202222325,,0.0
202202222330,,0.0
202202222335,,0.0
202202222340,,0.0
202202222345,,0.0
202202222350,,0.0
202202222355,,0.0
202202230000,,0.0
202202230010,,0.0
202202230015,,0.0
202202230020,,0.0
202202230025,,0.0
202202230030,,0.0
202202230040,,0.0
202202230045,,0.0
202202230050,,0.0
202202230055,,0.0
202202230100,,0.0
202202230115,,0.0
202202230120,,0.0
202202230125,,0.0
202202230130,122.0,0.4
202202230135,94.0,0.4
202202230140,128.0,0.4
202202230145,125.0,0.4
202202230150,118.0,0.9
202202230155,134.0,0.9
202202230200,150.0,0.9
202202230210,160.0,0.9
202202230215,141.0,0.9
202202230220,167.0,0.9
202202230225,104.0,0.9
202202230230,145.0,0.9
202202230235,150.0,0.9
202202230240,189.0,0.9
202202230245,154.0,0.9
202202230250,180.0,0.9
202202230255,100.0,0.9
202202230300,84.0,0.9
202202230310,132.0,0.9
202202230315,153.0,0.9
202202230320,129.0,0.9
202202230325,189.0,0.9
202202230330,132.0,0.9
202202230335,132.0,0.9
202202230340,142.0,0.9
202202230345,138.0,0.4
202202230350,182.0,0.9
202202230355,145.0,0.9
202202230400,221.0,0.9
202202230410,208.0,0.4
202202230415,,0.0
202202230420,100.0,0.4
202202230425,184.0,0.9
202202230430,170.0,0.4
202202230435,,0.0
202202230440,163.0,0.4
202202230445,145.0,0.9
202202230450,29.0,0.9
202202230455,128.0,0.9
202202230510,197.0,0.9
202202230515,175.0,0.4
202202230520,191.0,0.9
202202230525,203.0,0.9
202202230530,135.0,0.9
202202230535,133.0,0.9
202202230540,165.0,0.9
202202230545,166.0,0.9
202202230550,182.0,0.9
202202230555,155.0,0.9
202202230600,183.0,0.9
202202230610,160.0,0.9
202202230615,158.0,0.9
202202230620,205.0,0.9
202202230625,177.0,0.9
202202230630,174.0,0.9
202202230635,116.0,0.9
202202230640,166.0,0.9
202202230645,186.0,0.9
202202230650,151.0,0.9
202202230655,117.0,0.9
202202230700,157.0,0.9
202202230710,198.0,0.9
202202230715,181.0,0.9
202202230720,192.0,0.9
202202230725,149.0,0.9
202202230730,231.0,0.9
202202230735,184.0,0.4
202202230740,183.0,0.4
202202230745,105.0,0.4
202202230750,221.0,0.9
202202230755,182.0,0.9
202202230800,187.0,0.9
202202230810,78.0,0.9
202202230815,187.0,0.4
202202230820,192.0,0.4
202202230825,,0.0
202202230830,,0.0
202202230835,,0.0
202202230840,,0.0
202202230845,,0.0
202202230850,,0.0
202202230900,,0.0
202202230910,,0.0
202202230915,,0.0
202202230920,,0.0
202202230925,,0.0
202202230930,213.0,0.4
202202230940,204.0,0.4
202202230945,,0.0
202202230950,,0.0
202202230955,,0.0
202202231010,,0.0
202202231015,,0.0
202202231020,,0.0
202202231025,,0.0
202202231030,,0.0
202202231035,,0.0
202202231040,,0.0
202202231045,,0.0
202202231050,,0.0
202202231055,,0.0
202202231100,,0.0
202202231110,,0.0
202202231115,,0.0
202202231120,,0.0
202202231125,,0.0
202202231130,,0.0
202202231135,,0.0
202202231140,,0.0
202202231145,,0.0
202202231150,,0.0
202202231155,,0.0
202202231200,,0.0
202202231210,,0.0
202202231215,,0.0
202202231220,,0.0
202202231225,,0.0
202202231230,,0.0
202202231235,,0.0
202202231240,,0.0
202202231245,,0.0
202202231250,203.0,0.4
202202231255,234.0,0.4
202202231300,191.0,0.4
202202231310,140.0,0.4
202202231315,,0.0
202202231320,187.0,0.4
202202231325,94.0,0.9
202202231330,202.0,0.9
202202231335,123.0,0.9
202202231340,169.0,1.3
202202231345,172.0,1.3
202202231350,202.0,1.3
202202231355,188.0,0.9
202202231400,220.0,1.3
202202231410,218.0,2.2
202202231415,211.0,2.2
202202231420,183.0,1.8
202202231425,235.0,0.9
202202231430,267.0,1.3
202202231435,211.0,2.2
202202231440,227.0,2.2
202202231445,242.0,2.2
202202231450,225.0,1.8
202202231455,304.0,1.3
202202231510,233.0,0.9
202202231520,302.0,0.4
202202231525,,0.0
202202231530,223.0,0.4
202202231535,310.0,0.9
202202231545,227.0,0.9
202202231555,181.0,0.9
202202231610,228.0,0.4
202202231620,244.0,0.4
202202231625,285.0,1.3
202202231630,280.0,1.3
202202231635,303.0,0.9
202202231640,344.0,0.9
202202231645,245.0,0.9
202202231650,254.0,0.9
202202231655,230.0,0.9
202202231700,240.0,0.9
202202231710,197.0,1.3
202202231715,225.0,2.2
202202231720,212.0,1.8
202202231725,230.0,1.3
202202231730,218.0,1.8
202202231735,211.0,2.2
202202231740,214.0,1.8
202202231745,245.0,1.3
202202231750,305.0,1.8
202202231755,231.0,2.2
202202231800,216.0,2.2
202202231810,226.0,2.2
202202231815,238.0,2.2
202202231820,248.0,2.2
202202231825,327.0,2.7
202202231830,215.0,2.2
202202231835,296.0,1.3
202202231840,314.0,1.3
202202231845,317.0,2.2
202202231850,227.0,1.3
202202231855,309.0,0.9
202202231900,330.0,0.9
202202231910,221.0,1.3
202202231915,14.0,1.3
202202231920,232.0,1.3
202202231930,344.0,1.3
202202231935,297.0,1.3
202202231940,330.0,1.3
202202231945,285.0,1.3
202202231950,318.0,1.3
202202231955,265.0,0.9
202202232000,329.0,1.3
202202232010,301.0,1.3
202202232015,330.0,1.3
202202232020,329.0,1.3
202202232025,316.0,0.9
202202232030,230.0,0.9
202202232035,334.0,0.9
202202232040,297.0,0.9
202202232045,334.0,0.9
202202232050,337.0,1.3
202202232055,317.0,1.3
202202232100,283.0,1.3
202202232110,325.0,1.8
202202232115,319.0,0.9
202202232120,348.0,0.9
202202232125,328.0,0.9
202202232130,282.0,0.9
202202232135,215.0,1.3
202202232140,217.0,1.3
202202232145,221.0,0.9
202202232150,292.0,0.9
202202232155,214.0,0.9
202202232210,241.0,0.9
202202232215,232.0,0.9
202202232220,238.0,0.9
202202232225,259.0,0.9
202202232230,233.0,0.9
202202232235,198.0,0.9
202202232240,201.0,0.9
202202232245,204.0,0.9
202202232250,236.0,0.9
202202232300,224.0,0.9
202202232315,,0.0
202202232320,,0.0
202202232325,,0.0
202202232330,,0.0
202202232335,,0.0
202202232340,,0.0
202202232345,,0.0
202202232350,,0.0
202202232355,,0.0
202202240000,,0.0
202202240010,,0.0
202202240015,,0.0
202202240020,,0.0
202202240025,,0.0
202202240030,,0.0
202202240035,,0.0
202202240040,,0.0
202202240045,,0.0
202202240050,,0.0
202202240055,,0.0
202202240100,,0.0
202202240110,,0.0
202202240115,,0.0
202202240120,,0.0
202202240125,,0.0
202202240130,,0.0
202202240135,,0.0
202202240140,,0.0
202202240145,,0.0
202202240150,,0.0
202202240200,,0.0
202202240210,,0.0
202202240215,,0.0
202202240220,,0.0
202202240225,,0.0
202202240235,,0.0
202202240240,,0.0
202202240245,,0.0
202202240250,,0.0
202202240255,,0.0
202202240300,,0.0
202202240310,,0.0
202202240315,,0.0
202202240320,,0.0
202202240325,,0.0
202202240330,,0.0
202202240335,,0.0
202202240340,,0.0
202202240345,,0.0
202202240350,,0.0
202202240355,,0.0
202202240400,,0.0
202202240410,,0.0
202202240415,,0.0
202202240420,,0.0
202202240425,,0.0
202202240430,,0.0
202202240435,,0.0
202202240440,,0.0
202202240445,,0.0
202202240450,,0.0
202202240455,,0.0
202202240500,,0.0
202202240510,,0.0
202202240515,,0.0
202202240520,,0.0
202202240525,,0.0
202202240535,,0.0
202202240540,,0.0
202202240545,,0.0
202202240555,,0.0
202202240600,,0.0
202202240610,,0.0
202202240615,,0.0
202202240620,,0.0
202202240625,,0.0
202202240630,,0.0
202202240635,,0.0
202202240640,,0.0
202202240645,,0.0
202202240650,,0.0
202202240655,,0.0
202202240700,,0.0
202202240710,,0.0
202202240715,,0.0
202202240720,,0.0
202202240725,,0.0
202202240730,,0.0
202202240735,,0.0
202202240740,,0.0
202202240745,,0.0
202202240750,,0.0
202202240755,,0.0
202202240800,,0.0
202202240810,,0.0
202202240815,,0.0
202202240820,,0.0
202202240825,,0.0
202202240830,,0.0
202202240835,,0.0
202202240840,,0.0
202202240845,,0.0
202202240850,,0.0
202202240855,,0.0
202202240900,,0.0
202202240910,,0.0
202202240915,,0.0
202202240920,,0.0
202202240925,,0.0
202202240930,,0.0
202202240935,,0.0
202202240940,,0.0
202202240945,,0.0
202202240950,,0.0
202202240955,,0.0
202202241000,,0.0
202202241010,,0.0
202202241015,,0.0
202202241020,,0.0
202202241025,,0.0
202202241030,,0.0
202202241035,,0.0
202202241040,,0.0
202202241045,,0.0
202202241050,,0.0
202202241055,,0.0
202202241100,,0.0
202202241110,,0.0
202202241115,,0.0
202202241120,,0.0
202202241125,,0.0
202202241130,,0.0
202202241135,,0.0
202202241140,,0.0
202202241145,,0.0
202202241150,,0.0
202202241155,,0.0
202202241200,,0.0
202202241210,,0.0
202202241215,,0.0
202202241220,,0.0
202202241225,,0.0
202202241230,,0.0
202202241235,,0.0
202202241240,,0.0
202202241245,,0.0
202202241250,,0.0
202202241255,,0.0
202202241315,,0.0
202202241320,,0.0
202202241325,,0.0
202202241330,,0.0
202202241335,,0.0
202202241340,,0.0
202202241345,,0.0
202202241350,,0.0
202202241355,,0.0
202202241400,,0.0
202202241410,,0.0
202202241415,,0.0
202202241420,,0.0
202202241425,,0.0
202202241430,,0.0
202202241435,,0.0
202202241440,,0.0
202202241445,,0.0
202202241450,,0.0
202202241455,,0.0
202202241510,253.0,1.3
202202241515,212.0,2.2
202202241520,236.0,2.2
202202241525,300.0,2.2
202202241530,279.0,1.3
202202241535,222.0,0.9
202202241540,316.0,0.9
202202241545,300.0,0.9
202202241550,224.0,1.3
202202241555,220.0,1.3
202202241600,222.0,1.3
202202241610,224.0,1.3
202202241615,213.0,0.9
202202241620,210.0,1.8
202202241625,183.0,3.1
202202241630,290.0,2.7
202202241635,232.0,2.2
202202241645,181.0,2.2
202202241650,196.0,2.2
202202241655,171.0,2.7
202202241700,225.0,2.7
202202241710,245.0,2.2
202202241715,238.0,2.2
202202241725,237.0,2.2
202202241730,208.0,2.2
202202241735,255.0,2.2
202202241740,224.0,2.2
202202241745,214.0,2.2
202202241750,196.0,2.2
202202241755,247.0,2.2
202202241800,227.0,2.2
202202241810,233.0,2.2
202202241815,226.0,2.2
202202241820,224.0,2.2
202202241825,206.0,2.2
202202241830,244.0,2.2
202202241835,209.0,2.7
202202241840,238.0,2.2
202202241845,192.0,2.2
202202241850,220.0,2.2
202202241855,207.0,2.2
202202241900,297.0,2.2
202202241910,214.0,2.2
202202241915,213.0,2.7
202202241920,212.0,2.7
202202241925,226.0,2.2
202202241930,222.0,2.2
202202241935,215.0,2.2
202202241940,178.0,1.8
202202241945,253.0,1.3
202202241950,224.0,1.3
202202241955,194.0,2.2
202202242000,234.0,2.2
202202242010,197.0,2.2
202202242015,262.0,2.2
202202242025,197.0,1.3
202202242030,218.0,1.8
202202242035,203.0,2.2
202202242050,202.0,2.2
202202242055,157.0,2.2
202202242100,134.0,1.3
202202242110,227.0,0.9
202202242115,163.0,0.9
202202242120,213.0,0.9
202202242125,203.0,0.9
202202242130,220.0,1.3
202202242135,188.0,2.2
202202242140,195.0,1.8
202202242145,127.0,1.3
202202242150,215.0,1.3
202202242155,236.0,1.3
202202242200,204.0,1.8
202202242210,193.0,1.8
202202242215,201.0,1.3
202202242220,207.0,1.8
202202242225,227.0,2.2
202202242230,169.0,1.8
202202242235,168.0,0.9
202202242240,223.0,1.3
202202242245,200.0,1.3
202202242250,190.0,1.3
202202242255,221.0,2.2
202202242300,212.0,1.3
202202242310,185.0,1.3
202202242315,165.0,1.3
202202242320,202.0,1.3
202202242325,211.0,2.2
202202242330,185.0,1.3
202202242335,185.0,0.9
202202242340,195.0,0.9
202202242350,208.0,0.4
202202242355,,0.0
202202250000,,0.0
202202250010,,0.0
202202250015,,0.0
202202250020,,0.0
202202250025,,0.0
202202250030,,0.0
202202250035,,0.0
202202250040,,0.0
202202250045,,0.0
202202250050,,0.0
202202250055,,0.0
202202250100,228.0,0.4
202202250110,235.0,0.9
202202250115,222.0,0.9
202202250120,229.0,0.4
202202250125,,0.0
202202250130,227.0,0.4
202202250135,226.0,0.4
202202250140,205.0,0.4
202202250145,215.0,0.4
202202250150,208.0,0.4
202202250155,,0.0
202202250200,168.0,0.4
202202250210,146.0,0.4
202202250215,,0.0
202202250220,,0.0
202202250225,,0.0
202202250230,,0.0
202202250235,,0.0
202202250240,,0.0
202202250245,,0.0
202202250250,,0.0
202202250255,,0.0
202202250300,,0.0
202202250310,,0.0
202202250320,,0.0
202202250330,,0.0
202202250335,,0.0
202202250340,,0.0
202202250345,,0.0
202202250350,,0.0
202202250355,,0.0
202202250400,,0.0
202202250410,,0.0
202202250415,,0.0
202202250420,,0.0
202202250425,,0.0
202202250430,,0.0
202202250435,,0.0
202202250440,,0.0
202202250445,,0.0
202202250450,,0.0
202202250455,,0.0
202202250510,,0.0
202202250515,,0.0
202202250520,,0.0
202202250530,,0.0
202202250535,,0.0
202202250540,,0.0
202202250545,,0.0
202202250550,,0.0
202202250555,,0.0
202202250600,,0.0
202202250610,,0.0
202202250615,,0.0
202202250620,,0.0
202202250625,,0.0
202202250630,,0.0
202202250635,,0.0
202202250640,,0.0
202202250645,,0.0
202202250650,,0.0
202202250655,,0.0
202202250700,,0.0
202202250710,,0.0
202202250715,,0.0
202202250720,,0.0
202202250725,,0.0
202202250730,,0.0
202202250735,,0.0
202202250740,,0.0
202202250745,,0.0
202202250750,,0.0
202202250755,,0.0
202202250800,,0.0
202202250810,,0.0
202202250815,,0.0
202202250820,,0.0
202202250825,,0.0
202202250830,183.0,0.4
202202250835,211.0,0.4
202202250840,202.0,0.4
202202250845,,0.0
202202250850,201.0,0.4
202202250855,199.0,0.4
202202250900,226.0,0.4
202202250910,241.0,0.4
202202250915,213.0,0.4
202202250920,223.0,0.4
202202250925,,0.0
202202250930,165.0,0.4
202202250935,237.0,0.9
202202250940,158.0,0.9
202202250945,236.0,0.4
202202250950,213.0,0.4
202202250955,194.0,0.4
202202251000,182.0,0.4
202202251010,,0.0
202202251015,,0.0
202202251020,,0.0
202202251025,,0.0
202202251030,,0.0
202202251035,,0.0
202202251045,,0.0
202202251050,,0.0
202202251100,,0.0
202202251110,,0.0
202202251115,,0.0
202202251120,169.0,0.4
202202251125,163.0,0.4
202202251130,196.0,0.4
202202251135,211.0,0.4
202202251145,180.0,0.4
202202251150,166.0,0.4
202202251155,,0.0
202202251200,,0.0
202202251210,,0.0
202202251215,,0.0
202202251220,190.0,0.4
202202251225,237.0,0.9
202202251230,202.0,0.4
202202251240,,0.0
202202251245,,0.0
202202251250,,0.0
202202251255,,0.0
202202251300,,0.0
202202251310,222.0,0.4
202202251315,209.0,0.9
202202251320,208.0,1.3
202202251325,215.0,2.2
202202251330,228.0,2.2
202202251335,207.0,2.2
202202251340,230.0,2.2
202202251345,237.0,2.2
202202251350,252.0,2.2
202202251355,227.0,2.2
202202251400,210.0,2.2
202202251410,214.0,2.2
202202251415,243.0,2.2
202202251420,243.0,2.2
202202251430,226.0,2.7
202202251435,293.0,2.7
202202251440,241.0,2.7
202202251450,244.0,2.7
202202251455,278.0,3.1
202202251500,263.0,2.7
202202251510,321.0,2.2
202202251515,271.0,2.2
202202251520,274.0,2.2
202202251525,216.0,2.2
202202251530,307.0,2.2
202202251535,230.0,2.2
202202251540,239.0,2.2
202202251545,255.0,2.2
202202251550,239.0,2.2
202202251555,234.0,2.2
202202251600,212.0,2.2
202202251610,230.0,2.2
202202251615,228.0,2.2
202202251620,247.0,2.2
202202251625,215.0,2.7
202202251630,268.0,2.7
202202251635,356.0,2.7
202202251640,209.0,2.2
202202251645,260.0,2.2
202202251650,228.0,2.2
202202251655,234.0,2.7
202202251700,288.0,2.2
202202251710,222.0,2.2
202202251715,233.0,2.2
202202251720,223.0,2.2
202202251725,262.0,2.2
202202251730,289.0,2.2
202202251735,288.0,2.2
202202251740,276.0,1.8
202202251745,168.0,0.9
202202251750,219.0,0.9
202202251755,206.0,0.9
202202251800,301.0,1.3
202202251810,279.0,1.3
202202251815,227.0,0.9
202202251820,241.0,1.3
202202251825,221.0,2.2
202202251830,239.0,2.2
202202251835,228.0,2.2
202202251840,224.0,2.2
202202251845,220.0,2.2
202202251850,222.0,2.2
202202251855,221.0,2.7
202202251900,298.0,2.2
202202251910,227.0,2.2
202202251915,348.0,2.2
202202251920,229.0,2.2
202202251930,262.0,2.2
202202251935,293.0,2.2
202202251940,251.0,1.8
202202251945,326.0,0.9
202202251950,237.0,1.3
202202251955,255.0,2.2
202202252000,299.0,1.8
202202252010,326.0,1.3
202202252015,318.0,2.2
202202252020,313.0,1.8
202202252025,291.0,0.9
202202252030,268.0,1.3
202202252035,305.0,2.2
202202252040,258.0,1.8
202202252045,269.0,1.3
202202252050,206.0,1.8
202202252055,233.0,2.7
202202252100,312.0,2.2
202202252110,317.0,2.2
202202252115,327.0,2.2
202202252120,320.0,1.8
202202252125,298.0,1.3
202202252130,276.0,1.3
202202252135,330.0,0.9
202202252140,296.0,1.3
202202252145,306.0,2.2
202202252150,271.0,1.8
202202252155,240.0,1.3
202202252200,235.0,1.3
202202252210,261.0,0.9
202202252215,213.0,0.9
202202252220,327.0,0.9
202202252225,311.0,0.9
202202252230,337.0,0.9
202202252235,284.0,0.9
202202252240,216.0,0.9
202202252245,240.0,0.9
202202252250,234.0,0.9
202202252255,211.0,0.9
202202252300,325.0,0.9
202202252310,233.0,0.9
202202252315,315.0,0.9
202202252320,249.0,0.9
202202252325,280.0,0.9
202202252330,264.0,0.4
202202252335,,0.0
202202252340,,0.0
202202252345,,0.0
202202252350,,0.0
202202252355,,0.0
202202260000,,0.0
202202260010,,0.0
202202260015,,0.0
202202260020,,0.0
202202260025,,0.0
202202260030,234.0,0.4
202202260035,300.0,0.4
202202260040,251.0,0.9
202202260045,248.0,0.9
202202260050,221.0,0.4
202202260055,,0.0
202202260100,229.0,0.4
202202260110,250.0,0.9
202202260120,291.0,0.9
202202260125,247.0,0.4
202202260135,,0.0
202202260140,286.0,0.4
202202260145,297.0,0.4
202202260150,301.0,0.4
202202260155,295.0,0.4
202202260200,246.0,0.4
202202260210,290.0,0.4
202202260215,311.0,0.9
202202260220,322.0,0.9
202202260225,295.0,0.9
202202260230,305.0,0.9
202202260235,281.0,0.4
202202260240,286.0,0.9
202202260245,264.0,0.9
202202260250,293.0,0.9
202202260255,321.0,0.9
202202260300,316.0,0.9
202202260310,300.0,0.9
202202260315,312.0,0.9
202202260320,286.0,0.9
202202260325,283.0,0.4
202202260330,280.0,0.9
202202260335,281.0,0.9
202202260340,322.0,1.3
202202260345,333.0,1.3
202202260350,330.0,1.3
202202260355,316.0,1.3
202202260400,288.0,1.3
202202260410,318.0,0.9
202202260415,275.0,0.9
202202260425,,0.0
202202260430,252.0,0.4
202202260435,339.0,0.4
202202260440,328.0,0.9
202202260445,311.0,0.9
202202260450,269.0,0.9
202202260500,327.0,0.4
202202260510,353.0,0.4
202202260515,321.0,0.4
202202260520,334.0,0.9
202202260525,330.0,0.9
202202260530,325.0,0.9
202202260535,313.0,0.9
202202260540,321.0,0.9
202202260545,327.0,0.9
202202260550,317.0,0.9
202202260555,326.0,0.9
202202260600,266.0,0.4
202202260610,,0.0
202202260615,,0.0
202202260625,271.0,0.4
202202260635,312.0,0.4
202202260640,304.0,0.4
202202260645,,0.0
202202260650,327.0,0.4
202202260700,311.0,0.4
202202260710,326.0,0.4
202202260715,,0.0
202202260720,,0.0
202202260725,,0.0
202202260730,,0.0
202202260735,,0.0
202202260745,,0.0
202202260750,,0.0
202202260755,,0.0
202202260800,,0.0
202202260810,,0.0
202202260815,,0.0
202202260820,,0.0
202202260825,,0.0
202202260830,,0.0
202202260835,,0.0
202202260840,,0.0
202202260845,,0.0
202202260850,,0.0
202202260855,,0.0
202202260910,,0.0
202202260915,,0.0
202202260920,,0.0
202202260925,,0.0
202202260930,,0.0
202202260935,,0.0
202202260940,,0.0
202202260945,,0.0
202202260950,,0.0
202202260955,,0.0
202202261000,,0.0
202202261010,,0.0
202202261015,,0.0
202202261020,318.0,0.4
202202261025,311.0,0.9
202202261030,318.0,0.9
202202261035,342.0,0.9
202202261040,321.0,0.9
202202261045,318.0,0.9
202202261050,311.0,0.4
202202261055,,0.0
202202261100,,0.0
202202261110,327.0,0.4
202202261115,339.0,0.9
202202261120,334.0,0.4
202202261125,,0.0
202202261130,,0.0
202202261135,,0.0
202202261140,329.0,0.4
202202261145,332.0,0.9
202202261150,355.0,0.9
202202261155,320.0,0.4
202202261200,320.0,0.4
202202261210,,0.0
202202261215,,0.0
202202261220,335.0,0.4
202202261225,331.0,0.9
202202261230,343.0,0.9
202202261235,330.0,0.9
202202261240,314.0,0.4
202202261245,,0.0
202202261250,,0.0
202202261255,,0.0
202202261300,13.0,0.4
202202261310,351.0,0.9
202202261320,7.0,0.9
202202261325,13.0,0.9
202202261330,356.0,0.4
202202261335,,0.0
202202261340,15.0,0.4
202202261345,32.0,0.9
202202261350,351.0,0.9
202202261355,17.0,0.9
202202261400,114.0,0.9
202202261410,46.0,0.9
202202261415,4.0,0.9
202202261420,15.0,0.9
202202261425,0.0,1.3
202202261430,12.0,1.3
202202261435,16.0,1.3
202202261440,0.0,1.3
202202261445,13.0,1.3
202202261450,3.0,1.3
202202261455,352.0,0.9
202202261500,17.0,1.3
202202261510,357.0,1.3
202202261515,355.0,1.3
202202261520,37.0,1.3
202202261525,6.0,1.3
202202261530,82.0,1.3
202202261535,95.0,0.9
202202261540,42.0,0.9
202202261545,22.0,0.9
202202261550,18.0,1.3
202202261555,6.0,1.3
202202261600,346.0,1.3
202202261610,333.0,0.9
202202261615,11.0,0.9
202202261620,328.0,0.9
202202261625,357.0,0.9
202202261630,8.0,1.3
202202261635,301.0,2.2
202202261645,16.0,1.3
202202261650,2.0,1.3
202202261655,341.0,2.2
202202261700,24.0,1.8
202202261710,346.0,0.9
202202261715,324.0,0.9
202202261720,350.0,1.3
202202261725,34.0,1.3
202202261730,338.0,1.3
202202261735,335.0,0.9
202202261740,323.0,1.3
202202261745,86.0,2.2
202202261750,21.0,1.8
202202261755,344.0,0.9
202202261800,322.0,1.3
202202261810,25.0,2.2
202202261815,10.0,2.2
202202261820,354.0,2.2
202202261825,7.0,2.2
202202261830,331.0,1.8
202202261835,329.0,1.3
202202261840,115.0,1.3
202202261845,199.0,1.3
202202261900,352.0,0.9
202202261910,244.0,1.3
202202261915,80.0,1.3
202202261920,177.0,0.9
202202261925,,0.0
202202261930,,0.0
202202261935,,0.0
202202261940,127.0,0.4
202202261945,343.0,0.4
202202261950,332.0,0.9
202202261955,315.0,0.9
202202262000,7.0,0.9
202202262010,354.0,0.9
202202262015,347.0,0.9
202202262020,342.0,0.9
202202262025,339.0,0.9
202202262030,8.0,0.9
202202262035,331.0,0.9
202202262040,355.0,0.9
202202262045,12.0,0.9
202202262050,305.0,0.9
202202262055,334.0,0.4
202202262100,1.0,0.4
202202262115,320.0,0.9
202202262120,326.0,0.9
202202262125,325.0,0.9
202202262130,328.0,0.9
202202262135,310.0,0.9
202202262140,299.0,0.4
202202262145,,0.0
202202262150,,0.0
202202262155,,0.0
202202262200,336.0,0.4
202202262210,323.0,1.3
202202262215,357.0,2.2
202202262220,3.0,1.8
202202262225,338.0,1.3
202202262230,349.0,1.3
202202262235,335.0,2.2
202202262240,339.0,1.8
202202262245,349.0,1.3
202202262250,337.0,1.8
202202262255,332.0,2.2
202202262300,341.0,1.8
202202262310,356.0,1.3
202202262315,9.0,1.3
202202262320,0.0,1.3
202202262325,348.0,1.3
202202262330,20.0,1.3
202202262335,345.0,0.9
202202262340,21.0,0.9
202202262345,355.0,0.9
202202262350,354.0,0.9
202202270015,55.0,0.9
202202270020,311.0,0.4
202202270025,,0.0
202202270030,,0.0
202202270035,,0.0
202202270045,,0.0
202202270050,,0.0
202202270055,,0.0
202202270100,,0.0
202202270110,,0.0
202202270115,,0.0
202202270120,,0.0
202202270130,,0.0
202202270135,,0.0
202202270140,,0.0
202202270145,,0.0
202202270150,,0.0
202202270155,,0.0
202202270200,,0.0
202202270210,,0.0
202202270215,,0.0
202202270220,,0.0
202202270225,,0.0
202202270230,,0.0
202202270235,,0.0
202202270240,,0.0
202202270245,,0.0
202202270250,,0.0
202202270255,,0.0
202202270300,,0.0
202202270310,,0.0
202202270315,,0.0
202202270320,,0.0
202202270325,,0.0
202202270330,,0.0
202202270335,,0.0
202202270340,,0.0
202202270345,,0.0
202202270350,,0.0
202202270355,,0.0
202202270400,,0.0
202202270410,,0.0
202202270415,,0.0
202202270420,,0.0
202202270425,,0.0
202202270430,,0.0
202202270435,,0.0
202202270445,,0.0
202202270450,356.0,0.4
202202270455,22.0,0.4
202202270500,49.0,0.4
202202270510,,0.0
202202270515,,0.0
202202270520,,0.0
202202270525,,0.0
202202270530,,0.0
202202270535,,0.0
202202270540,,0.0
202202270545,,0.0
202202270550,,0.0
202202270555,,0.0
202202270600,,0.0
202202270610,,0.0
202202270615,,0.0
202202270620,,0.0
202202270625,,0.0
202202270630,,0.0
202202270640,,0.0
202202270645,,0.0
202202270650,,0.0
202202270655,,0.0
202202270700,,0.0
202202270710,,0.0
202202270715,,0.0
202202270720,,0.0
202202270725,,0.0
202202270730,,0.0
202202270735,,0.0
202202270740,,0.0
202202270745,,0.0
202202270750,,0.0
202202270755,,0.0
202202270800,,0.0
202202270810,,0.0
202202270815,,0.0
202202270825,,0.0
202202270830,,0.0
202202270835,,0.0
202202270840,,0.0
202202270845,,0.0
202202270850,,0.0
202202270855,,0.0
202202270900,,0.0
202202270910,,0.0
202202270915,,0.0
202202270920,,0.0
202202270925,,0.0
202202270930,,0.0
202202270935,,0.0
202202270940,,0.0
202202270945,,0.0
202202270950,,0.0
202202270955,,0.0
202202271000,,0.0
202202271010,,0.0
202202271015,,0.0
202202271020,,0.0
202202271030,1.0,0.4
202202271035,15.0,0.9
202202271040,17.0,0.4
202202271045,,0.0
202202271050,,0.0
202202271055,,0.0
202202271100,,0.0
202202271110,,0.0
202202271115,,0.0
202202271120,,0.0
202202271125,,0.0
202202271130,,0.0
202202271135,,0.0
202202271140,352.0,0.4
202202271145,11.0,0.4
202202271150,0.0,0.9
202202271155,24.0,0.9
202202271200,3.0,0.9
202202271210,7.0,0.9
202202271215,6.0,0.9
202202271220,9.0,0.4
202202271225,,0.0
202202271230,,0.0
202202271235,,0.0
202202271240,,0.0
202202271245,,0.0
202202271250,,0.0
202202271255,,0.0
202202271300,,0.0
202202271310,0.0,0.4
202202271315,16.0,0.9
202202271320,20.0,0.9
202202271325,20.0,0.9
202202271330,25.0,0.9
202202271335,30.0,0.4
202202271340,14.0,0.9
202202271345,33.0,0.9
202202271350,44.0,0.9
202202271355,35.0,0.4
202202271400,33.0,0.9
202202271410,93.0,0.4
202202271415,,0.0
202202271420,,0.0
202202271430,,0.0
202202271435,,0.0
202202271440,,0.0
202202271445,,0.0
202202271450,,0.0
202202271455,,0.0
202202271500,,0.0
202202271510,,0.0
202202271515,,0.0
202202271520,,0.0
202202271525,,0.0
202202271530,,0.0
202202271535,,0.0
202202271540,,0.0
202202271545,,0.0
202202271550,,0.0
202202271555,,0.0
202202271600,,0.0
202202271610,,0.0
202202271615,,0.0
202202271620,33.0,0.4
202202271625,89.0,0.9
202202271630,83.0,0.4
202202271635,,0.0
202202271640,75.0,0.4
202202271645,33.0,0.9
202202271650,316.0,0.4
202202271655,,0.0
202202271700,80.0,0.4
202202271710,323.0,0.9
202202271715,344.0,0.9
202202271720,4.0,0.9
202202271725,329.0,0.9
202202271730,334.0,0.9
202202271740,319.0,0.4
202202271745,329.0,0.4
202202271750,354.0,1.3
202202271755,346.0,2.2
202202271800,325.0,2.2
202202271810,335.0,2.7
202202271820,27.0,2.2
202202271825,325.0,2.2
202202271835,254.0,0.4
202202271840,323.0,0.4
202202271845,,0.0
202202271850,,0.0
202202271855,,0.0
202202271900,,0.0
202202271910,,0.0
202202271915,,0.0
202202271925,,0.0
202202271930,,0.0
202202271935,,0.0
202202271940,,0.0
202202271945,,0.0
202202271950,,0.0
202202272000,,0.0
202202272010,,0.0
202202272015,,0.0
202202272020,,0.0
202202272025,,0.0
202202272030,,0.0
202202272035,,0.0
202202272040,,0.0
202202272050,,0.0
202202272055,,0.0
202202272100,,0.0
202202272110,,0.0
202202272115,,0.0
202202272120,,0.0
202202272125,,0.0
202202272130,,0.0
202202272135,,0.0
202202272140,,0.0
202202272145,,0.0
202202272150,,0.0
202202272200,,0.0
202202272210,,0.0
202202272215,,0.0
202202272225,,0.0
202202272230,,0.0
202202272235,,0.0
202202272240,,0.0
202202272250,,0.0
202202272255,,0.0
202202272300,,0.0
202202272315,,0.0
202202272320,,0.0
202202272325,,0.0
202202272330,,0.0
202202272335,,0.0
202202272340,,0.0
202202272345,,0.0
202202272350,,0.0
202202272355,,0.0
202202280000,353.0,0.4
202202280010,345.0,0.9
202202280015,341.0,0.9
202202280020,10.0,0.9
202202280025,331.0,0.9
202202280030,347.0,0.9
202202280035,332.0,0.9
202202280040,12.0,0.9
202202280045,351.0,0.9
202202280050,348.0,0.9
202202280100,356.0,0.9
202202280110,357.0,0.9
202202280115,8.0,1.3
202202280120,11.0,1.3
202202280125,351.0,0.9
202202280130,357.0,0.9
202202280135,354.0,0.9
202202280140,332.0,0.9
202202280145,12.0,0.9
202202280150,26.0,0.4
202202280155,,0.0
202202280200,12.0,0.4
202202280210,348.0,0.9
202202280215,0.0,0.9
202202280220,5.0,1.3
202202280225,355.0,2.2
202202280230,8.0,2.2
202202280235,356.0,2.2
202202280240,336.0,1.8
202202280245,353.0,1.3
202202280255,355.0,1.3
202202280300,25.0,1.3
202202280310,33.0,1.3
202202280315,12.0,2.2
202202280320,359.0,1.8
202202280330,339.0,1.3
202202280335,348.0,0.9
202202280340,1.0,0.9
202202280345,326.0,0.9
202202280350,22.0,0.9
202202280400,0.0,0.4
202202280410,28.0,0.4
202202280415,12.0,0.9
202202280420,21.0,0.9
202202280425,26.0,0.9
202202280430,339.0,0.9
202202280435,9.0,0.9
202202280440,12.0,0.9
202202280445,3.0,0.9
202202280450,354.0,0.4
202202280455,,0.0
202202280500,353.0,0.4
202202280515,347.0,0.9
202202280520,325.0,0.4
202202280525,,0.0
202202280535,,0.0
202202280540,,0.0
202202280545,,0.0
202202280550,,0.0
202202280555,,0.0
202202280600,12.0,0.4
202202280610,330.0,0.9
202202280615,336.0,0.4
202202280620,354.0,0.4
202202280625,,0.0
202202280630,,0.0
202202280635,,0.0
202202280640,,0.0
202202280650,,0.0
202202280655,,0.0
202202280700,,0.0
202202280710,,0.0
202202280715,,0.0
202202280720,,0.0
202202280725,,0.0
202202280730,,0.0
202202280735,,0.0
202202280740,,0.0
202202280750,,0.0
202202280755,,0.0
202202280800,,0.0
202202280810,,0.0
202202280815,,0.0
202202280820,,0.0
202202280825,,0.0
202202280830,,0.0
202202280835,,0.0
202202280840,,0.0
202202280845,,0.0
202202280850,,0.0
202202280855,,0.0
202202280900,,0.0
202202280910,,0.0
202202280915,,0.0
202202280920,,0.0
202202280925,,0.0
202202280930,5.0,0.4
202202280935,7.0,0.4
202202280940,6.0,0.9
202202280945,12.0,1.3
202202280950,358.0,1.3
202202280955,10.0,2.2
202202281000,351.0,2.2
202202281010,13.0,1.8
202202281015,356.0,0.9
202202281025,14.0,1.3
202202281030,322.0,1.3
202202281035,25.0,0.9
202202281040,350.0,0.9
202202281045,352.0,0.9
202202281050,11.0,0.9
202202281055,12.0,0.9
202202281100,5.0,1.3
202202281110,10.0,1.3
202202281115,0.0,1.3
202202281120,1.0,1.3
202202281125,342.0,0.9
202202281130,313.0,0.4
202202281135,,0.0
202202281140,9.0,0.4
202202281145,327.0,0.4
202202281150,15.0,0.4
202202281155,8.0,0.4
202202281200,8.0,0.4
202202281210,36.0,0.4
202202281215,334.0,0.9
202202281220,275.0,0.9
202202281225,358.0,0.9
202202281230,348.0,0.9
202202281235,229.0,0.9
202202281240,345.0,0.9
202202281245,9.0,0.4
202202281250,16.0,0.9
202202281255,336.0,0.9
202202281300,350.0,0.9
202202281310,8.0,1.3
202202281315,6.0,1.3
202202281320,350.0,1.3
202202281325,355.0,0.9
202202281330,347.0,1.3
202202281340,340.0,1.3
202202281345,1.0,0.9
202202281350,355.0,1.3
202202281355,16.0,1.3
202202281400,0.0,1.3
202202281410,6.0,1.3
202202281415,18.0,1.3
202202281420,354.0,1.3
202202281430,31.0,1.3
202202281435,316.0,1.3
202202281440,3.0,1.3
202202281445,341.0,0.9
202202281450,12.0,0.9
202202281455,6.0,0.4
202202281500,123.0,0.9
202202281510,9.0,0.9
202202281520,46.0,0.9
202202281525,346.0,0.9
202202281530,99.0,0.9
202202281535,25.0,0.9
202202281540,119.0,0.9
202202281545,0.0,0.9
202202281550,10.0,0.9
202202281555,61.0,0.9
202202281600,345.0,0.9
202202281610,0.0,1.3
202202281615,33.0,2.2
202202281620,29.0,1.8
202202281625,348.0,1.3
202202281630,32.0,1.3
202202281645,113.0,0.9
202202281650,82.0,0.9
202202281655,73.0,0.9
202202281700,63.0,1.3
202202281710,290.0,1.3
202202281715,1.0,0.9
202202281725,350.0,0.9
202202281730,353.0,0.9
202202281735,107.0,0.9
202202281740,149.0,0.9
202202281745,7.0,0.9
202202281750,1.0,1.3
202202281755,223.0,1.3
202202281800,101.0,1.3
202202281810,181.0,0.9
202202281815,16.0,0.9
202202281820,343.0,0.9
202202281825,349.0,0.9
202202281830,17.0,1.3
202202281835,29.0,1.3
202202281840,112.0,1.3
202202281845,86.0,0.9
202202281850,58.0,0.9
202202281855,347.0,0.9
202202281900,290.0,0.9
202202281915,357.0,1.3
202202281920,337.0,1.8
202202281925,14.0,2.2
202202281930,317.0,2.2
202202281935,0.0,2.2
202202281940,332.0,2.2
202202281945,13.0,2.2
202202281950,9.0,1.3
202202281955,353.0,0.9
202202282000,22.0,0.9
202202282010,339.0,1.3
202202282015,0.0,2.2
202202282020,110.0,2.2
202202282025,6.0,2.2
202202282030,311.0,1.8
202202282035,339.0,1.3
202202282040,69.0,1.3
202202282050,337.0,1.8
202202282055,6.0,1.3
202202282100,318.0,1.3
202202282110,4.0,1.8
202202282115,8.0,2.7
202202282120,346.0,2.2
202202282125,359.0,1.3
202202282130,25.0,1.3
202202282135,351.0,2.2
202202282140,352.0,2.2
202202282145,2.0,2.2
202202282150,0.0,1.8
202202282155,358.0,0.9
202202282200,23.0,0.9
202202282210,23.0,0.9
202202282215,15.0,0.9
202202282220,23.0,0.9
202202282225,344.0,0.9
202202282230,341.0,0.9
202202282235,358.0,1.3
202202282240,343.0,1.3
202202282245,332.0,2.2
202202282250,355.0,1.8
202202282255,5.0,0.9
202202282300,357.0,0.9
202202282310,352.0,0.9
202202282315,358.0,0.4
202202282320,0.0,0.4
202202282325,7.0,0.4
202202282330,359.0,0.4
202202282335,17.0,0.4
202202282345,,0.0
202202282350,,0.0
202202282355,,0.0
202203010000,,0.0
202203010010,,0.0
202203010015,,0.0
202203010020,,0.0
202203010025,,0.0
202203010030,,0.0
202203010035,,0.0
202203010040,,0.0
202203010045,,0.0
202203010050,,0.0
202203010055,,0.0
202203010100,,0.0
202203010110,,0.0
202203010115,,0.0
202203010120,,0.0
202203010125,,0.0
202203010130,,0.0
202203010135,,0.0
202203010140,,0.0
202203010145,,0.0
202203010150,,0.0
202203010155,,0.0
202203010210,,0.0
202203010215,,0.0
202203010220,,0.0
202203010225,,0.0
202203010230,,0.0
202203010235,,0.0
202203010240,,0.0
202203010245,,0.0
202203010250,,0.0
202203010255,,0.0
202203010300,,0.0
202203010310,,0.0
202203010315,,0.0
202203010320,,0.0
202203010325,,0.0
202203010330,,0.0
202203010335,,0.0
202203010340,,0.0
202203010345,,0.0
202203010350,,0.0
202203010355,,0.0
202203010400,,0.0
202203010410,,0.0
202203010415,,0.0
202203010425,,0.0
202203010430,,0.0
202203010440,,0.0
202203010445,,0.0
202203010450,,0.0
202203010500,,0.0
202203010510,,0.0
202203010515,,0.0
202203010520,,0.0
202203010525,,0.0
202203010530,,0.0
202203010535,,0.0
202203010540,,0.0
202203010545,,0.0
202203010550,,0.0
202203010600,,0.0
202203010610,,0.0
202203010615,,0.0
202203010620,,0.0
202203010625,,0.0
202203010630,,0.0
202203010635,,0.0
202203010640,,0.0
202203010645,,0.0
202203010650,,0.0
202203010655,,0.0
202203010700,,0.0
202203010710,,0.0
202203010715,,0.0
202203010720,,0.0
202203010725,,0.0
202203010730,,0.0
202203010735,,0.0
202203010740,,0.0
202203010745,,0.0
202203010750,,0.0
202203010755,,0.0
202203010800,,0.0
202203010810,,0.0
202203010815,,0.0
202203010820,,0.0
202203010825,,0.0
202203010830,,0.0
202203010835,,0.0
202203010840,,0.0
202203010845,,0.0
202203010850,,0.0
202203010855,,0.0
202203010900,,0.0
202203010910,,0.0
202203010915,,0.0
202203010920,,0.0
202203010925,,0.0
202203010930,,0.0
202203010935,,0.0
202203010940,,0.0
202203010945,,0.0
202203010950,,0.0
202203010955,,0.0
202203011000,,0.0
202203011010,,0.0
202203011020,,0.0
202203011025,,0.0
202203011030,,0.0
202203011035,,0.0
202203011040,,0.0
202203011045,,0.0
202203011050,,0.0
202203011055,,0.0
202203011100,,0.0
202203011110,,0.0
202203011115,,0.0
202203011120,,0.0
202203011125,,0.0
202203011130,,0.0
202203011135,,0.0
202203011140,,0.0
202203011145,,0.0
202203011150,,0.0
202203011155,,0.0
202203011200,,0.0
202203011210,,0.0
202203011215,,0.0
202203011220,,0.0
202203011225,,0.0
202203011230,,0.0
202203011235,,0.0
202203011245,,0.0
202203011250,,0.0
202203011255,,0.0
202203011300,,0.0
202203011310,,0.0
202203011315,,0.0
202203011320,,0.0
202203011325,,0.0
202203011330,,0.0
202203011340,,0.0
202203011350,,0.0
202203011355,,0.0
202203011400,,0.0
202203011410,,0.0
202203011415,,0.0
202203011420,,0.0
202203011425,,0.0
202203011430,,0.0
202203011435,,0.0
202203011440,,0.0
202203011445,,0.0
202203011450,,0.0
202203011455,,0.0
202203011500,,0.0
202203011510,,0.0
202203011515,,0.0
202203011520,,0.0
202203011525,,0.0
202203011530,,0.0
202203011535,,0.0
202203011545,,0.0
202203011550,,0.0
202203011555,,0.0
202203011600,,0.0
202203011610,,0.0
202203011615,,0.0
202203011620,233.0,0.4
202203011625,7.0,0.9
202203011630,23.0,0.9
202203011635,55.0,0.9
202203011640,88.0,0.9
202203011645,210.0,0.4
202203011650,315.0,0.4
202203011655,,0.0
202203011700,103.0,0.4
202203011710,331.0,0.9
202203011715,4.0,0.9
202203011720,122.0,0.9
202203011725,109.0,0.9
202203011730,9.0,0.9
202203011735,351.0,0.4
202203011740,326.0,0.9
202203011755,320.0,0.9
202203011800,346.0,0.9
202203011810,184.0,0.9
202203011815,311.0,0.9
202203011820,257.0,0.9
202203011830,336.0,0.9
202203011835,260.0,1.3
202203011840,325.0,1.3
202203011845,327.0,0.9
202203011850,330.0,1.3
202203011855,30.0,1.3
202203011900,9.0,1.3
202203011910,352.0,0.9
202203011915,324.0,0.9
202203011920,329.0,1.3
202203011925,311.0,1.3
202203011930,24.0,1.3
202203011935,312.0,1.3
202203011940,327.0,1.3
202203011950,313.0,1.3
202203011955,207.0,2.2
202203012000,308.0,1.3
202203012010,136.0,0.9
202203012015,98.0,0.9
202203012020,150.0,0.9
202203012025,209.0,0.4
202203012030,214.0,0.4
202203012035,179.0,0.4
202203012040,145.0,0.9
202203012045,335.0,0.9
202203012050,328.0,0.9
202203012055,283.0,0.9
202203012100,320.0,0.9
202203012110,238.0,0.9
202203012115,315.0,0.9
202203012120,350.0,0.9
202203012125,320.0,0.9
202203012130,350.0,0.9
202203012140,335.0,0.9
202203012145,346.0,0.9
202203012150,344.0,0.9
202203012155,313.0,0.9
202203012200,343.0,0.9
202203012210,331.0,0.9
202203012215,318.0,0.4
202203012220,299.0,0.4
202203012225,320.0,0.9
202203012230,267.0,0.4
202203012235,,0.0
202203012240,,0.0
202203012245,,0.0
202203012250,,0.0
202203012255,,0.0
202203012300,,0.0
202203012310,,0.0
202203012315,,0.0
202203012320,,0.0
202203012325,,0.0
202203012330,,0.0
202203012335,,0.0
202203012340,,0.0
202203012345,,0.0
202203012350,,0.0
202203012355,,0.0
202203020000,,0.0
202203020010,,0.0
202203020015,,0.0
202203020020,,0.0
202203020025,,0.0
202203020030,,0.0
202203020035,,0.0
202203020040,,0.0
202203020045,,0.0
202203020050,,0.0
202203020055,,0.0
202203020100,,0.0
202203020110,,0.0
202203020115,,0.0
202203020120,,0.0
202203020125,,0.0
202203020130,,0.0
202203020135,,0.0
202203020140,,0.0
202203020145,,0.0
202203020150,,0.0
202203020155,,0.0
202203020210,,0.0
202203020215,,0.0
202203020220,,0.0
202203020225,,0.0
202203020230,,0.0
202203020235,,0.0
202203020240,,0.0
202203020245,,0.0
202203020250,,0.0
202203020255,,0.0
202203020300,,0.0
202203020315,,0.0
202203020320,,0.0
202203020325,,0.0
202203020330,,0.0
202203020335,,0.0
202203020340,,0.0
202203020345,,0.0
202203020350,,0.0
202203020355,,0.0
202203020400,,0.0
202203020410,,0.0
202203020415,,0.0
202203020420,,0.0
202203020425,,0.0
202203020430,,0.0
202203020435,,0.0
202203020440,,0.0
202203020445,,0.0
202203020450,198.0,0.4
202203020455,208.0,0.9
202203020500,212.0,0.9
202203020510,203.0,0.4
202203020515,,0.0
202203020520,,0.0
202203020525,,0.0
202203020530,,0.0
202203020535,,0.0
202203020540,,0.0
202203020545,,0.0
202203020550,,0.0
202203020555,,0.0
202203020600,,0.0
202203020610,,0.0
202203020615,,0.0
202203020620,,0.0
202203020625,,0.0
202203020630,,0.0
202203020635,,0.0
202203020640,,0.0
202203020645,,0.0
202203020650,,0.0
202203020655,,0.0
202203020700,,0.0
202203020710,,0.0
202203020715,,0.0
202203020720,198.0,0.4
202203020725,226.0,0.4
202203020730,249.0,0.4
202203020735,,0.0
202203020740,,0.0
202203020745,,0.0
202203020750,,0.0
202203020755,,0.0
202203020800,,0.0
202203020810,,0.0
202203020815,,0.0
202203020820,,0.0
202203020825,,0.0
202203020830,,0.0
202203020835,,0.0
202203020840,,0.0
202203020845,,0.0
202203020850,,0.0
202203020855,,0.0
202203020900,,0.0
202203020910,,0.0
202203020915,,0.0
202203020920,,0.0
202203020935,,0.0
202203020940,,0.0
202203020945,,0.0
202203020950,,0.0
202203020955,,0.0
202203021000,,0.0
202203021010,,0.0
202203021015,,0.0
202203021020,,0.0
202203021025,,0.0
202203021030,,0.0
202203021035,,0.0
202203021040,,0.0
202203021045,,0.0
202203021050,,0.0
202203021055,,0.0
202203021100,,0.0
202203021110,,0.0
202203021115,,0.0
202203021120,,0.0
202203021125,,0.0
202203021130,,0.0
202203021135,,0.0
202203021140,,0.0
202203021145,,0.0
202203021150,,0.0
202203021155,,0.0
202203021200,,0.0
202203021210,,0.0
202203021215,,0.0
202203021220,,0.0
202203021225,,0.0
202203021230,,0.0
202203021235,,0.0
202203021245,,0.0
202203021250,,0.0
202203021255,,0.0
202203021300,,0.0
202203021310,,0.0
202203021315,,0.0
202203021320,,0.0
202203021325,,0.0
202203021330,,0.0
202203021335,,0.0
202203021340,,0.0
202203021345,,0.0
202203021355,,0.0
202203021400,,0.0
202203021410,330.0,0.4
202203021415,337.0,0.9
202203021420,310.0,0.9
202203021425,300.0,0.9
202203021435,,0.0
202203021440,340.0,0.4
202203021450,335.0,1.3
202203021455,319.0,0.9
202203021500,333.0,0.9
202203021510,5.0,0.9
202203021515,351.0,0.9
202203021525,319.0,0.9
202203021530,347.0,1.3
202203021535,9.0,2.2
202203021540,352.0,1.3
202203021545,280.0,0.9
202203021550,300.0,0.9
202203021555,292.0,0.4
202203021600,328.0,0.4
202203021610,63.0,0.9
202203021615,357.0,0.9
202203021620,301.0,0.4
202203021625,,0.0
202203021630,279.0,0.4
202203021635,293.0,0.9
202203021640,210.0,0.9
202203021645,229.0,0.9
202203021650,239.0,0.9
202203021655,227.0,0.9
202203021700,210.0,0.9
202203021715,261.0,0.9
202203021720,234.0,0.9
202203021725,229.0,0.9
202203021730,245.0,1.3
202203021735,280.0,1.3
202203021740,328.0,1.3
202203021745,240.0,0.9
202203021750,208.0,1.3
202203021755,263.0,1.3
202203021800,254.0,1.3
202203021810,241.0,1.3
202203021815,295.0,2.2
202203021820,266.0,1.8
202203021825,40.0,1.3
202203021830,250.0,1.3
202203021840,231.0,0.9
202203021845,235.0,1.3
202203021850,204.0,1.3
202203021855,319.0,1.3
202203021900,325.0,1.8
202203021910,221.0,2.2
202203021915,249.0,2.2
202203021920,193.0,2.2
202203021925,226.0,2.2
202203021930,222.0,1.8
202203021935,268.0,0.9
202203021940,325.0,0.9
202203021945,354.0,0.9
202203021950,318.0,1.3
202203021955,230.0,1.3
202203022000,288.0,1.3
202203022010,301.0,1.8
202203022015,328.0,1.3
202203022020,255.0,1.3
202203022025,223.0,1.3
202203022030,286.0,1.8
202203022035,270.0,2.2
202203022040,315.0,2.2
202203022045,230.0,2.2
202203022050,307.0,2.2
202203022055,302.0,2.2
202203022100,200.0,1.8
202203022110,246.0,1.8
202203022115,218.0,2.2
202203022120,213.0,1.8
202203022125,308.0,1.3
202203022130,226.0,1.3
202203022135,271.0,1.3
202203022140,319.0,1.3
202203022145,311.0,0.9
202203022150,226.0,0.9
202203022155,245.0,0.9
202203022210,286.0,1.3
202203022215,297.0,0.9
202203022220,288.0,0.9
202203022225,291.0,0.9
202203022230,214.0,0.9
202203022235,292.0,0.4
202203022240,224.0,0.9
202203022245,301.0,0.9
202203022250,229.0,0.9
202203022255,237.0,0.9
202203022300,244.0,0.4
202203022310,,0.0
202203022315,,0.0
202203022320,,0.0
202203022325,,0.0
202203022330,,0.0
202203022335,,0.0
202203022340,,0.0
202203022345,,0.0
202203022350,,0.0
202203022355,,0.0
202203030000,,0.0
202203030010,,0.0
202203030015,,0.0
202203030020,,0.0
202203030025,,0.0
202203030030,,0.0
202203030035,,0.0
202203030040,,0.0
202203030045,,0.0
202203030050,169.0,0.4
202203030055,212.0,0.4
202203030100,212.0,0.4
202203030110,,0.0
202203030115,,0.0
202203030120,,0.0
202203030125,,0.0
202203030130,,0.0
202203030140,,0.0
202203030145,,0.0
202203030150,,0.0
202203030155,,0.0
202203030200,,0.0
202203030210,,0.0
202203030215,,0.0
202203030220,,0.0
202203030225,,0.0
202203030230,,0.0
202203030235,,0.0
202203030240,,0.0
202203030250,237.0,0.4
202203030255,221.0,0.4
202203030300,228.0,0.4
202203030310,,0.0
202203030315,,0.0
202203030320,225.0,0.4
202203030325,234.0,0.4
202203030330,232.0,0.4
202203030335,,0.0
202203030340,,0.0
202203030345,,0.0
202203030350,,0.0
202203030355,,0.0
202203030400,,0.0
202203030410,231.0,0.4
202203030415,226.0,0.4
202203030420,224.0,0.4
202203030425,231.0,0.4
202203030430,238.0,0.4
202203030435,,0.0
202203030440,240.0,0.4
202203030445,216.0,0.9
202203030500,,0.0
202203030510,,0.0
202203030515,,0.0
202203030520,,0.0
202203030525,,0.0
202203030530,,0.0
202203030535,,0.0
202203030545,,0.0
202203030550,,0.0
202203030555,,0.0
202203030600,,0.0
202203030610,,0.0
202203030615,,0.0
202203030620,,0.0
202203030625,,0.0
202203030630,214.0,0.4
202203030635,224.0,0.4
202203030640,201.0,0.4
202203030645,,0.0
202203030650,,0.0
202203030655,,0.0
202203030700,,0.0
202203030710,,0.0
202203030715,,0.0
202203030720,,0.0
202203030725,,0.0
202203030730,212.0,0.4
202203030735,215.0,0.4
202203030740,228.0,0.4
202203030745,,0.0
202203030750,,0.0
202203030755,,0.0
202203030800,,0.0
202203030810,,0.0
202203030815,,0.0
202203030820,,0.0
202203030830,,0.0
202203030835,,0.0
202203030840,,0.0
202203030845,,0.0
202203030850,,0.0
202203030855,,0.0
202203030900,,0.0
202203030910,,0.0
202203030915,,0.0
202203030920,,0.0
202203030925,,0.0
202203030930,,0.0
202203030935,,0.0
202203030940,,0.0
202203030945,,0.0
202203030950,,0.0
202203030955,,0.0
202203031000,,0.0
202203031010,,0.0
202203031015,,0.0
202203031020,,0.0
202203031025,,0.0
202203031030,,0.0
202203031035,,0.0
202203031040,,0.0
202203031045,,0.0
202203031050,218.0,0.4
202203031055,250.0,0.4
202203031100,223.0,0.4
202203031110,195.0,0.4
202203031115,218.0,0.4
202203031120,223.0,0.4
202203031125,210.0,0.4
202203031130,234.0,0.4
202203031135,249.0,0.4
202203031140,230.0,0.4
202203031145,,0.0
202203031150,236.0,0.4
202203031155,298.0,0.4
202203031200,154.0,0.4
202203031210,229.0,0.4
202203031215,236.0,0.4
202203031220,228.0,0.4
202203031225,,0.0
202203031230,,0.0
202203031235,,0.0
202203031240,,0.0
202203031245,,0.0
202203031250,,0.0
202203031255,,0.0
202203031300,,0.0
202203031310,,0.0
202203031315,,0.0
202203031320,,0.0
202203031325,,0.0
202203031335,261.0,0.4
202203031340,245.0,0.4
202203031345,243.0,0.9
202203031350,244.0,0.9
202203031355,240.0,0.9
202203031400,307.0,0.4
202203031410,288.0,0.4
202203031415,286.0,0.9
202203031420,303.0,0.9
202203031425,291.0,0.9
202203031430,283.0,0.9
202203031435,313.0,0.9
202203031440,305.0,0.9
202203031445,306.0,0.9
202203031450,299.0,0.9
202203031455,281.0,0.9
202203031500,283.0,0.4
202203031510,342.0,0.4
202203031515,331.0,0.9
202203031520,327.0,0.9
202203031525,317.0,0.9
202203031530,205.0,0.9
202203031535,327.0,0.9
202203031540,275.0,1.3
202203031545,329.0,2.2
202203031550,324.0,1.3
202203031555,306.0,0.9
202203031600,215.0,0.9
202203031610,317.0,1.3
202203031615,311.0,0.9
202203031620,323.0,0.9
202203031625,261.0,0.9
202203031630,341.0,1.3
202203031635,284.0,1.3
202203031640,340.0,1.3
202203031645,295.0,0.9
202203031650,334.0,1.3
202203031655,329.0,2.2
202203031700,313.0,2.2
202203031710,320.0,2.2
202203031715,300.0,0.9
202203031720,331.0,1.3
202203031725,5.0,2.2
202203031730,218.0,1.8
202203031735,254.0,1.3
202203031740,218.0,1.3
202203031745,305.0,2.2
202203031755,316.0,2.2
202203031800,336.0,1.8
202203031810,325.0,1.8
202203031815,227.0,2.2
202203031820,229.0,2.2
202203031825,290.0,2.2
202203031830,225.0,2.2
202203031835,266.0,2.2
202203031840,294.0,2.2
202203031845,241.0,2.2
202203031850,216.0,2.2
202203031855,197.0,2.2
202203031900,293.0,2.2
202203031910,283.0,2.2
202203031915,228.0,2.2
202203031920,272.0,2.2
202203031925,298.0,2.2
202203031930,339.0,1.8
202203031935,338.0,0.9
202203031940,306.0,1.3
202203031945,246.0,2.2
202203031950,238.0,2.2
202203031955,275.0,2.2
202203032000,338.0,2.2
202203032010,307.0,2.2
202203032015,304.0,2.2
202203032020,237.0,1.8
202203032025,249.0,1.3
202203032030,264.0,1.8
202203032035,248.0,2.7
202203032040,227.0,2.2
202203032045,210.0,2.2
202203032050,329.0,1.8
202203032055,327.0,1.3
202203032100,229.0,1.3
202203032110,257.0,1.3
202203032115,253.0,1.3
202203032120,232.0,1.3
202203032125,221.0,2.2
202203032130,229.0,2.2
202203032135,233.0,2.2
202203032140,181.0,2.2
202203032145,257.0,2.2
202203032150,194.0,1.8
202203032155,231.0,1.3
202203032200,295.0,1.3
202203032210,216.0,1.3
202203032215,234.0,1.3
202203032225,212.0,0.9
202203032230,206.0,0.9
202203032235,224.0,0.9
202203032240,214.0,1.3
202203032245,212.0,2.2
202203032250,226.0,1.3
202203032255,219.0,0.9
202203032300,211.0,0.9
202203032310,175.0,0.9
202203032315,214.0,0.9
202203032325,220.0,0.9
202203032330,228.0,0.9
202203032335,235.0,0.9
202203032340,219.0,0.9
202203032345,210.0,0.4
202203032350,207.0,0.4
202203032355,,0.0
202203040000,,0.0
202203040010,,0.0
202203040015,,0.0
202203040020,,0.0
202203040030,,0.0
202203040035,,0.0
202203040040,,0.0
202203040045,,0.0
202203040050,,0.0
202203040055,,0.0
202203040100,,0.0
202203040110,,0.0
202203040115,,0.0
202203040120,,0.0
202203040125,,0.0
202203040130,,0.0
202203040135,,0.0
202203040140,,0.0
202203040145,,0.0
202203040150,,0.0
202203040155,,0.0
202203040200,,0.0
202203040210,,0.0
202203040215,,0.0
202203040220,,0.0
202203040225,,0.0
202203040230,,0.0
202203040235,,0.0
202203040240,223.0,0.4
202203040245,222.0,0.9
202203040250,223.0,0.9
202203040255,229.0,0.9
202203040300,228.0,0.9
202203040310,229.0,0.4
202203040320,,0.0
202203040325,,0.0
202203040330,236.0,0.4
202203040335,227.0,0.4
202203040340,212.0,0.4
202203040345,,0.0
202203040350,,0.0
202203040355,,0.0
202203040400,,0.0
202203040410,,0.0
202203040415,,0.0
202203040420,229.0,0.4
202203040425,224.0,0.4
202203040430,233.0,0.4
202203040435,,0.0
202203040440,,0.0
202203040445,,0.0
202203040450,,0.0
202203040455,,0.0
202203040500,245.0,0.4
202203040510,207.0,0.4
202203040515,,0.0
202203040520,,0.0
202203040525,,0.0
202203040530,,0.0
202203040535,,0.0
202203040540,,0.0
202203040545,,0.0
202203040550,,0.0
202203040555,,0.0
202203040600,,0.0
202203040610,214.0,0.4
202203040615,237.0,0.4
202203040620,198.0,0.4
202203040625,,0.0
202203040630,,0.0
202203040635,,0.0
202203040640,,0.0
202203040645,,0.0
202203040650,,0.0
202203040655,,0.0
202203040700,,0.0
202203040710,,0.0
202203040715,,0.0
202203040720,,0.0
202203040725,,0.0
202203040730,,0.0
202203040735,,0.0
202203040740,,0.0
202203040745,,0.0
202203040750,,0.0
202203040755,,0.0
202203040800,,0.0
202203040810,,0.0
202203040815,,0.0
202203040820,,0.0
202203040825,,0.0
202203040830,,0.0
202203040835,,0.0
202203040840,,0.0
202203040845,,0.0
202203040850,,0.0
202203040855,,0.0
202203040900,2.0,0.4
202203040910,328.0,0.9
202203040915,336.0,0.9
202203040920,346.0,0.9
202203040925,355.0,0.9
202203040930,346.0,0.9
202203040935,9.0,0.9
202203040940,9.0,0.9
202203040945,21.0,0.9
202203040950,12.0,0.9
202203040955,26.0,0.9
202203041000,9.0,0.9
202203041010,16.0,0.4
202203041015,,0.0
202203041020,,0.0
202203041025,,0.0
202203041030,,0.0
202203041035,,0.0
202203041040,,0.0
202203041045,,0.0
202203041050,,0.0
202203041055,,0.0
202203041100,,0.0
202203041110,,0.0
202203041115,,0.0
202203041120,,0.0
202203041125,,0.0
202203041130,,0.0
202203041135,,0.0
202203041140,,0.0
202203041145,,0.0
202203041150,,0.0
202203041155,,0.0
202203041200,86.0,0.4
202203041210,72.0,0.4
202203041215,94.0,0.9
202203041220,68.0,0.9
202203041225,93.0,0.9
202203041230,93.0,0.9
202203041235,93.0,0.9
202203041240,88.0,0.9
202203041245,290.0,0.4
202203041250,74.0,0.4
202203041255,70.0,0.9
202203041300,56.0,0.9
202203041310,335.0,0.9
202203041315,69.0,0.4
202203041320,50.0,0.9
202203041325,75.0,0.9
202203041330,88.0,0.9
202203041335,62.0,0.9
202203041340,89.0,0.9
202203041345,48.0,0.9
202203041350,349.0,0.9
202203041355,78.0,0.9
202203041400,87.0,0.9
202203041410,80.0,0.9
202203041415,54.0,0.9
202203041420,92.0,0.9
202203041425,75.0,0.9
202203041430,103.0,0.9
202203041435,54.0,0.9
202203041440,9.0,0.9
202203041445,46.0,0.9
202203041450,2.0,0.9
202203041455,85.0,0.9
202203041500,7.0,0.9
202203041510,351.0,0.9
202203041515,70.0,0.9
202203041520,1.0,0.9
202203041525,52.0,0.9
202203041530,76.0,0.9
202203041535,8.0,0.9
202203041540,102.0,0.9
202203041545,7.0,0.9
202203041550,88.0,0.9
202203041555,88.0,0.9
202203041600,7.0,0.9
202203041610,98.0,0.9
202203041615,61.0,0.9
202203041620,76.0,0.9
202203041625,356.0,0.9
202203041630,131.0,0.9
202203041635,107.0,0.9
202203041640,208.0,0.9
202203041645,9.0,0.9
202203041650,79.0,0.9
202203041655,100.0,0.9
202203041700,343.0,0.9
202203041710,324.0,0.9
202203041715,342.0,1.3
202203041720,25.0,1.3
202203041725,100.0,0.9
202203041730,89.0,0.9
202203041735,106.0,0.9
202203041740,4.0,0.9
202203041745,104.0,0.9
202203041750,70.0,0.9
202203041755,85.0,0.9
202203041800,342.0,0.9
202203041810,95.0,0.9
202203041815,22.0,0.9
202203041820,326.0,0.9
202203041825,95.0,0.9
202203041830,26.0,0.9
202203041835,339.0,0.9
202203041840,40.0,0.9
202203041845,291.0,0.9
202203041850,102.0,0.9
202203041855,114.0,0.9
202203041900,334.0,0.9
202203041915,61.0,0.9
202203041920,94.0,0.9
202203041925,339.0,0.9
202203041930,109.0,0.9
202203041935,106.0,0.9
202203041940,39.0,0.9
202203041945,114.0,0.4
202203041950,86.0,0.4
202203041955,325.0,0.9
202203042000,39.0,0.9
202203042010,72.0,0.9
202203042015,131.0,0.9
202203042020,22.0,0.9
202203042025,130.0,0.4
202203042030,94.0,0.9
202203042035,92.0,0.9
202203042045,95.0,0.9
202203042050,36.0,0.9
202203042055,131.0,0.9
202203042100,100.0,0.9
202203042110,49.0,0.9
202203042115,90.0,0.4
202203042120,39.0,0.4
202203042125,70.0,0.4
202203042130,5.0,0.4
202203042135,3.0,0.9
202203042140,83.0,0.9
202203042145,95.0,0.9
202203042150,83.0,0.9
202203042155,108.0,0.4
202203042200,101.0,0.4
202203042210,88.0,0.4
202203042215,90.0,0.9
202203042220,118.0,0.9
202203042225,61.0,0.4
202203042230,96.0,0.4
202203042235,94.0,0.4
202203042240,79.0,0.4
202203042245,112.0,0.4
202203042250,131.0,0.4
202203042255,,0.0
202203042300,,0.0
202203042310,,0.0
202203042315,,0.0
202203042320,,0.0
202203042325,,0.0
202203042330,,0.0
202203042335,,0.0
202203042340,,0.0
202203042345,,0.0
202203042350,,0.0
202203042355,,0.0
202203050000,,0.0
202203050010,,0.0
202203050015,,0.0
202203050020,,0.0
202203050025,,0.0
202203050030,,0.0
202203050035,,0.0
202203050045,,0.0
202203050050,,0.0
202203050055,,0.0
202203050100,,0.0
202203050110,,0.0
202203050115,,0.0
202203050120,,0.0
202203050125,,0.0
202203050130,,0.0
202203050135,,0.0
202203050140,,0.0
202203050145,,0.0
202203050150,,0.0
202203050155,,0.0
202203050200,,0.0
202203050210,,0.0
202203050215,,0.0
202203050220,,0.0
202203050225,,0.0
202203050235,,0.0
202203050240,,0.0
202203050245,,0.0
202203050250,,0.0
202203050300,,0.0
202203050310,,0.0
202203050315,,0.0
202203050320,,0.0
202203050325,,0.0
202203050330,,0.0
202203050335,,0.0
202203050340,,0.0
202203050345,,0.0
202203050350,,0.0
202203050355,,0.0
202203050400,,0.0
202203050410,,0.0
202203050415,,0.0
202203050420,,0.0
202203050425,,0.0
202203050430,,0.0
202203050435,,0.0
202203050440,,0.0
202203050445,,0.0
202203050450,,0.0
202203050455,,0.0
202203050500,,0.0
202203050510,,0.0
202203050515,,0.0
202203050520,,0.0
202203050525,,0.0
202203050530,,0.0
202203050535,,0.0
202203050540,,0.0
202203050545,,0.0
202203050550,,0.0
202203050555,,0.0
202203050600,,0.0
202203050610,,0.0
202203050615,,0.0
202203050620,,0.0
202203050630,,0.0
202203050635,,0.0
202203050640,,0.0
202203050645,,0.0
202203050650,,0.0
202203050655,,0.0
202203050700,,0.0
202203050710,,0.0
202203050715,,0.0
202203050720,,0.0
202203050725,,0.0
202203050730,64.0,0.4
202203050735,113.0,0.9
202203050740,111.0,0.9
202203050745,,0.0
202203050750,,0.0
202203050755,,0.0
202203050800,,0.0
202203050810,94.0,0.4
202203050815,95.0,0.4
202203050820,93.0,0.4
202203050825,142.0,0.4
202203050830,115.0,0.4
202203050835,94.0,0.4
202203050840,106.0,0.4
202203050845,,0.0
202203050850,,0.0
202203050855,,0.0
202203050900,,0.0
202203050915,74.0,0.4
202203050920,121.0,0.4
202203050925,,0.0
202203050930,,0.0
202203050935,,0.0
202203050940,,0.0
202203051000,,0.0
202203051010,,0.0
202203051015,,0.0
202203051020,,0.0
202203051025,,0.0
202203051030,,0.0
202203051035,,0.0
202203051040,,0.0
202203051045,,0.0
202203051050,,0.0
202203051055,,0.0
202203051110,,0.0
202203051115,,0.0
202203051125,,0.0
202203051130,,0.0
202203051135,,0.0
202203051140,,0.0
202203051150,,0.0
202203051155,,0.0
202203051200,,0.0
202203051210,,0.0
202203051215,,0.0
202203051220,,0.0
202203051225,,0.0
202203051230,,0.0
202203051235,,0.0
202203051240,,0.0
202203051245,,0.0
202203051250,,0.0
202203051300,,0.0
202203051310,,0.0
202203051315,,0.0
202203051320,,0.0
202203051325,,0.0
202203051330,,0.0
202203051335,,0.0
202203051340,,0.0
202203051345,,0.0
202203051350,,0.0
202203051355,,0.0
202203051400,,0.0
202203051410,,0.0
202203051415,,0.0
202203051420,,0.0
202203051425,,0.0
202203051430,,0.0
202203051435,,0.0
202203051440,,0.0
202203051445,,0.0
202203051450,,0.0
202203051455,,0.0
202203051500,,0.0
202203051510,,0.0
202203051515,,0.0
202203051520,,0.0
202203051525,,0.0
202203051530,,0.0
202203051535,,0.0
202203051540,,0.0
202203051545,,0.0
202203051550,,0.0
202203051600,31.0,0.4
202203051610,26.0,0.4
202203051615,,0.0
202203051620,,0.0
202203051625,,0.0
202203051630,,0.0
202203051635,,0.0
202203051640,,0.0
202203051650,,0.0
202203051700,350.0,0.4
202203051710,152.0,0.4
202203051715,,0.0
202203051720,,0.0
202203051725,,0.0
202203051730,,0.0
202203051740,,0.0
202203051745,,0.0
202203051750,,0.0
202203051755,,0.0
202203051800,131.0,0.4
202203051810,96.0,0.9
202203051815,,0.0
202203051820,229.0,0.4
202203051825,184.0,1.3
202203051830,99.0,1.3
202203051835,123.0,0.9
202203051840,13.0,0.4
202203051850,193.0,0.4
202203051855,111.0,0.4
202203051900,127.0,0.4
202203051910,179.0,0.9
202203051915,220.0,0.4
202203051920,262.0,0.9
202203051925,177.0,2.2
202203051930,117.0,1.3
202203051935,63.0,0.9
202203051940,167.0,0.9
202203051945,118.0,0.9
202203051950,45.0,0.9
202203051955,74.0,0.4
202203052000,104.0,0.4
202203052010,176.0,0.4
202203052015,212.0,1.3
202203052020,130.0,1.3
202203052025,122.0,2.2
202203052030,128.0,1.3
202203052040,94.0,0.9
202203052045,92.0,0.9
202203052050,93.0,0.9
202203052055,136.0,0.9
202203052100,140.0,0.9
202203052110,128.0,0.9
202203052115,122.0,0.9
202203052120,129.0,0.9
202203052130,148.0,0.9
202203052135,114.0,0.9
202203052140,142.0,0.9
202203052145,95.0,0.9
202203052150,125.0,0.9
202203052155,83.0,0.4
202203052210,153.0,0.9
202203052215,131.0,0.9
202203052220,166.0,0.9
202203052225,135.0,0.4
202203052230,123.0,0.4
202203052235,184.0,0.4
202203052240,75.0,0.4
202203052245,,0.0
202203052250,,0.0
202203052255,,0.0
202203052300,,0.0
202203052310,,0.0
202203052315,,0.0
202203052320,,0.0
202203052330,,0.0
202203052335,,0.0
202203052340,,0.0
202203052345,,0.0
202203052350,,0.0
202203052355,,0.0
202203060000,,0.0
202203060010,,0.0
202203060015,,0.0
202203060020,,0.0
202203060025,,0.0
202203060030,,0.0
202203060035,,0.0
202203060040,,0.0
202203060045,,0.0
202203060050,,0.0
202203060055,,0.0
202203060100,,0.0
202203060110,162.0,0.4
202203060115,136.0,0.9
202203060120,108.0,0.9
202203060125,134.0,0.4
202203060130,268.0,0.4
202203060135,149.0,0.9
202203060140,141.0,0.9
202203060145,135.0,0.4
202203060150,162.0,0.4
202203060155,144.0,0.4
202203060200,99.0,0.4
202203060210,136.0,0.4
202203060215,,0.0
202203060220,137.0,0.4
202203060225,132.0,0.4
202203060230,108.0,0.4
202203060235,188.0,0.4
202203060245,,0.0
202203060250,130.0,0.4
202203060255,128.0,0.9
202203060300,121.0,0.9
202203060310,,0.0
202203060315,,0.0
202203060320,96.0,0.4
202203060325,112.0,0.4
202203060330,123.0,0.4
202203060335,119.0,0.4
202203060340,142.0,0.4
202203060345,125.0,0.4
202203060350,118.0,0.4
202203060400,139.0,0.4
202203060410,121.0,0.4
202203060415,,0.0
202203060420,133.0,0.4
202203060425,124.0,0.4
202203060430,145.0,0.4
202203060435,128.0,0.4
202203060440,135.0,0.4
202203060445,,0.0
202203060450,158.0,0.4
202203060455,190.0,0.4
202203060500,145.0,0.4
202203060510,78.0,0.4
202203060515,,0.0
202203060520,,0.0
202203060530,,0.0
202203060535,,0.0
202203060540,87.0,0.4
202203060545,131.0,0.4
202203060550,155.0,0.4
202203060555,,0.0
202203060600,,0.0
202203060610,,0.0
202203060615,,0.0
202203060620,,0.0
202203060625,,0.0
202203060630,,0.0
202203060635,,0.0
202203060640,,0.0
202203060645,,0.0
202203060650,,0.0
202203060655,,0.0
202203060700,,0.0
202203060710,178.0,0.4
202203060715,167.0,0.4
202203060720,134.0,0.4
202203060725,,0.0
202203060730,,0.0
202203060735,,0.0
202203060740,,0.0
202203060745,,0.0
202203060750,,0.0
202203060755,,0.0
202203060800,,0.0
202203060810,,0.0
202203060815,,0.0
202203060820,,0.0
202203060825,,0.0
202203060830,,0.0
202203060835,,0.0
202203060840,,0.0
202203060845,,0.0
202203060850,,0.0
202203060855,,0.0
202203060900,,0.0
202203060910,,0.0
202203060915,,0.0
202203060920,,0.0
202203060925,,0.0
202203060930,,0.0
202203060935,,0.0
202203060940,,0.0
202203060945,,0.0
202203060950,,0.0
202203060955,,0.0
202203061000,,0.0
202203061010,198.0,0.4
202203061015,195.0,0.9
202203061020,200.0,0.9
202203061025,219.0,0.9
202203061030,172.0,0.9
202203061035,,0.0
202203061040,,0.0
202203061045,,0.0
202203061050,198.0,0.4
202203061055,164.0,0.4
202203061100,153.0,0.4
202203061110,,0.0
202203061115,,0.0
202203061125,,0.0
202203061130,,0.0
202203061140,,0.0
202203061145,,0.0
202203061150,,0.0
202203061155,,0.0
202203061200,,0.0
202203061210,,0.0
202203061215,,0.0
202203061220,,0.0
202203061225,,0.0
202203061230,,0.0
202203061235,,0.0
202203061240,,0.0
202203061245,,0.0
202203061255,188.0,0.4
202203061300,209.0,0.4
202203061310,201.0,0.9
202203061315,161.0,0.9
202203061320,200.0,0.9
202203061325,185.0,0.9
202203061330,183.0,1.3
202203061335,189.0,1.3
202203061340,205.0,1.3
202203061345,202.0,0.9
202203061350,153.0,1.3
202203061355,176.0,1.3
202203061400,215.0,1.3
202203061410,175.0,1.8
202203061415,226.0,2.2
202203061420,191.0,2.2
202203061425,168.0,2.2
202203061430,162.0,2.2
202203061435,219.0,2.2
202203061440,226.0,1.8
202203061445,180.0,1.3
202203061450,210.0,1.3
202203061455,175.0,1.3
202203061500,208.0,1.8
202203061510,207.0,2.2
202203061515,212.0,2.7
202203061520,203.0,2.7
202203061525,214.0,3.1
202203061530,212.0,3.1
202203061535,171.0,3.1
202203061540,182.0,3.1
202203061545,201.0,3.6
202203061550,193.0,3.6
202203061555,209.0,3.1
202203061600,220.0,2.7
202203061610,207.0,2.7
202203061615,192.0,3.1
202203061620,196.0,2.7
202203061625,195.0,2.7
202203061630,211.0,2.2
202203061635,186.0,2.2
202203061640,194.0,2.2
202203061645,209.0,2.2
202203061650,180.0,2.2
202203061655,222.0,2.2
202203061700,193.0,2.2
202203061715,178.0,3.1
202203061720,209.0,2.7
202203061725,207.0,2.7
202203061730,206.0,2.7
202203061735,202.0,2.7
202203061740,204.0,2.2
202203061745,201.0,1.3
202203061750,216.0,1.3
202203061755,196.0,2.2
202203061800,227.0,2.2
202203061810,218.0,2.2
202203061815,227.0,2.2
202203061820,194.0,1.8
202203061825,234.0,1.3
202203061830,113.0,1.3
202203061835,167.0,1.3
202203061840,98.0,1.3
202203061845,192.0,0.9
202203061850,165.0,1.3
202203061855,202.0,2.2
202203061900,51.0,1.8
202203061910,146.0,1.3
202203061915,196.0,0.9
202203061920,203.0,1.3
202203061925,174.0,1.3
202203061930,226.0,1.3
202203061935,170.0,1.3
202203061940,208.0,1.3
202203061945,157.0,2.2
202203061950,118.0,1.8
202203061955,135.0,1.3
202203062000,136.0,1.3
202203062010,169.0,0.9
202203062015,196.0,0.9
202203062020,98.0,1.3
202203062025,216.0,2.2
202203062030,243.0,1.8
202203062035,218.0,1.3
202203062040,89.0,1.3
202203062045,197.0,0.9
202203062050,116.0,0.9
202203062055,146.0,0.9
202203062100,141.0,0.9
202203062110,108.0,0.9
202203062115,174.0,0.9
202203062120,343.0,0.9
202203062125,74.0,0.4
202203062130,254.0,0.4
202203062135,,0.0
202203062140,160.0,0.4
202203062145,152.0,0.9
202203062150,154.0,0.9
202203062155,166.0,0.9
202203062200,123.0,0.9
202203062210,221.0,0.9
202203062215,,0.0
202203062220,199.0,0.4
202203062225,208.0,0.4
202203062230,170.0,0.4
202203062235,194.0,0.9
202203062240,201.0,0.9
202203062245,209.0,0.9
202203062250,164.0,0.9
202203062255,181.0,0.9
202203062300,171.0,0.9
202203062310,176.0,0.4
202203062315,,0.0
202203062320,,0.0
202203062325,,0.0
202203062330,,0.0
202203062335,,0.0
202203062340,,0.0
202203062345,,0.0
202203062350,,0.0
202203062355,,0.0
202203070000,,0.0
202203070010,,0.0
202203070015,,0.0
202203070020,,0.0
202203070025,,0.0
202203070035,,0.0
202203070040,,0.0
202203070045,,0.0
202203070050,,0.0
202203070055,,0.0
202203070100,,0.0
202203070110,,0.0
202203070115,,0.0
202203070120,,0.0
202203070125,,0.0
202203070130,,0.0
202203070135,,0.0
202203070140,,0.0
202203070145,,0.0
202203070150,,0.0
202203070155,,0.0
202203070200,,0.0
202203070210,,0.0
202203070215,,0.0
202203070220,,0.0
202203070225,,0.0
202203070230,132.0,0.4
202203070235,127.0,0.9
202203070240,153.0,0.9
202203070245,20.0,0.9
202203070250,140.0,0.9
202203070255,102.0,0.4
202203070300,123.0,0.4
202203070310,146.0,0.9
202203070315,142.0,0.9
202203070320,142.0,0.9
202203070325,111.0,0.9
202203070330,165.0,0.9
202203070335,173.0,0.9
202203070340,179.0,0.9
202203070345,179.0,0.9
202203070350,121.0,0.9
202203070355,176.0,0.9
202203070400,189.0,0.9
202203070410,212.0,0.9
202203070415,165.0,0.9
202203070420,164.0,0.9
202203070425,192.0,0.4
202203070430,157.0,0.9
202203070435,114.0,0.9
202203070440,149.0,0.9
202203070445,148.0,0.9
202203070450,143.0,0.9
202203070455,224.0,0.9
202203070500,201.0,0.9
202203070510,74.0,0.9
202203070515,141.0,0.9
202203070520,152.0,0.9
202203070525,186.0,0.9
202203070530,131.0,0.9
202203070535,129.0,0.9
202203070540,184.0,0.9
202203070545,168.0,0.9
202203070550,151.0,0.9
202203070555,199.0,0.9
202203070600,171.0,0.9
202203070610,111.0,0.9
202203070615,140.0,0.9
202203070620,159.0,0.9
202203070625,181.0,0.9
202203070630,162.0,0.9
202203070635,147.0,0.9
202203070640,123.0,0.9
202203070645,162.0,0.9
202203070650,167.0,0.9
202203070655,156.0,0.9
202203070700,127.0,0.9
202203070715,169.0,0.9
202203070720,167.0,0.9
202203070725,127.0,0.9
202203070730,236.0,0.9
202203070735,,0.0
202203070740,,0.0
202203070745,,0.0
202203070750,158.0,0.4
202203070755,160.0,0.4
202203070800,141.0,0.4
202203070810,140.0,0.9
202203070815,153.0,0.9
202203070820,181.0,0.9
202203070825,157.0,0.9
202203070830,113.0,0.9
202203070835,86.0,0.9
202203070840,159.0,0.9
202203070845,149.0,0.9
202203070850,178.0,0.9
202203070855,126.0,0.4
202203070900,185.0,0.9
202203070910,94.0,0.9
202203070915,163.0,0.4
202203070920,165.0,0.9
202203070925,166.0,0.9
202203070930,180.0,0.9
202203070935,179.0,0.9
202203070940,171.0,0.9
202203070950,165.0,0.9
202203070955,210.0,0.9
202203071010,195.0,1.3
202203071015,207.0,0.9
202203071020,199.0,1.3
202203071025,215.0,1.3
202203071030,190.0,1.3
202203071040,210.0,1.8
202203071045,181.0,0.9
202203071050,170.0,1.3
202203071055,192.0,1.3
202203071100,206.0,1.3
202203071110,203.0,1.8
202203071115,211.0,0.9
202203071120,178.0,0.9
202203071125,202.0,0.9
202203071130,187.0,0.9
202203071135,168.0,0.9
202203071140,192.0,0.9
202203071145,201.0,0.9
202203071155,183.0,0.9
202203071200,172.0,0.9
202203071210,190.0,0.9
202203071215,162.0,0.9
202203071220,190.0,0.9
202203071225,187.0,0.9
202203071230,190.0,0.9
202203071235,191.0,1.3
202203071240,161.0,1.3
202203071245,208.0,1.3
202203071250,186.0,1.3
202203071255,192.0,1.3
202203071300,219.0,1.3
202203071310,204.0,1.3
202203071315,200.0,2.2
202203071320,212.0,1.8
202203071325,206.0,1.3
202203071330,260.0,1.8
202203071335,189.0,2.7
202203071340,212.0,2.7
202203071345,194.0,2.7
202203071350,210.0,2.7
202203071355,187.0,3.1
202203071400,207.0,2.7
202203071410,200.0,2.2
202203071415,257.0,2.7
202203071420,174.0,2.7
202203071425,194.0,2.7
202203071430,215.0,2.2
202203071435,206.0,2.2
202203071440,204.0,2.2
202203071445,180.0,2.2
202203071450,207.0,2.2
202203071455,201.0,2.7
202203071500,204.0,2.7
202203071510,170.0,3.1
202203071515,194.0,3.1
202203071520,256.0,2.7
202203071525,226.0,2.2
202203071530,229.0,2.2
202203071535,198.0,2.7
202203071540,237.0,2.7
202203071545,210.0,3.1
202203071550,201.0,3.1
202203071555,189.0,2.7
202203071600,186.0,2.7
202203071610,195.0,3.1
202203071615,219.0,3.6
202203071620,173.0,3.1
202203071635,226.0,3.1
202203071640,182.0,3.1
202203071645,225.0,3.1
202203071650,225.0,3.1
202203071655,209.0,3.1
202203071700,220.0,3.1
202203071710,191.0,3.1
202203071715,188.0,3.6
202203071720,234.0,3.6
202203071725,187.0,3.6
202203071730,212.0,3.1
202203071735,197.0,2.7
202203071740,193.0,2.7
202203071750,206.0,2.7
202203071755,218.0,3.1
202203071800,222.0,3.1
202203071810,230.0,3.1
202203071815,244.0,3.1
202203071820,224.0,3.1
202203071830,209.0,2.7
202203071835,216.0,3.6
202203071840,196.0,3.1
202203071845,193.0,2.2
202203071850,216.0,2.7
202203071855,216.0,4.0
202203071900,203.0,4.0
202203071910,232.0,3.1
202203071915,214.0,3.6
202203071920,221.0,3.1
202203071925,227.0,3.1
202203071930,206.0,3.6
202203071935,202.0,4.0
202203071940,218.0,4.0
202203071945,237.0,3.1
202203071950,194.0,3.1
202203071955,241.0,3.6
202203072000,164.0,3.6
202203072010,216.0,3.6
202203072015,204.0,3.6
202203072020,229.0,3.6
202203072025,199.0,4.0
202203072030,212.0,4.0
202203072035,233.0,3.1
202203072040,204.0,3.1
202203072045,197.0,2.7
202203072050,213.0,2.7
202203072055,210.0,3.6
202203072100,196.0,3.1
202203072110,208.0,2.7
202203072115,208.0,3.1
202203072120,245.0,3.1
202203072125,179.0,3.1
202203072130,211.0,3.1
202203072135,213.0,3.1
202203072140,220.0,2.7
202203072145,212.0,2.7
202203072150,166.0,2.7
202203072155,210.0,2.7
202203072200,210.0,2.7
202203072210,162.0,2.7
202203072215,192.0,2.7
202203072220,186.0,2.7
202203072225,220.0,2.2
202203072230,215.0,2.2
202203072240,210.0,2.7
202203072245,213.0,2.2
202203072250,205.0,2.2
202203072255,217.0,2.2
202203072300,158.0,2.2
202203072310,208.0,2.2
202203072315,200.0,2.7
202203072320,176.0,2.7
202203072325,198.0,2.7
202203072330,200.0,2.2
202203072335,214.0,2.2
202203072340,217.0,2.2
202203072345,197.0,2.2
202203072350,220.0,2.2
202203072355,229.0,2.2
202203080000,240.0,2.2
202203080010,299.0,1.8
202203080015,253.0,1.3
202203080020,225.0,1.3
202203080025,223.0,2.2
202203080030,217.0,1.8
202203080035,228.0,1.3
202203080040,218.0,1.3
202203080045,249.0,0.9
202203080050,303.0,0.9
202203080055,232.0,0.4
202203080100,238.0,0.4
202203080110,,0.0
202203080115,,0.0
202203080120,,0.0
202203080125,,0.0
202203080130,332.0,0.4
202203080140,334.0,0.9
202203080145,280.0,0.4
202203080150,278.0,0.4
202203080155,232.0,0.9
202203080200,257.0,0.9
202203080210,270.0,0.4
202203080215,214.0,0.4
202203080220,254.0,0.4
202203080225,,0.0
202203080230,,0.0
202203080235,,0.0
202203080240,,0.0
202203080245,,0.0
202203080250,272.0,0.4
202203080255,311.0,0.4
202203080300,219.0,0.4
202203080310,,0.0
202203080315,,0.0
202203080320,217.0,0.4
202203080325,213.0,0.4
202203080330,212.0,0.4
202203080335,,0.0
202203080340,,0.0
202203080345,,0.0
202203080350,,0.0
202203080355,,0.0
202203080410,197.0,0.4
202203080415,219.0,0.9
202203080420,196.0,0.9
202203080430,235.0,0.9
202203080435,177.0,0.9
202203080440,188.0,0.9
202203080445,,0.0
202203080450,,0.0
202203080455,,0.0
202203080500,,0.0
202203080510,257.0,0.4
202203080515,268.0,0.9
202203080525,,0.0
202203080530,,0.0
202203080535,,0.0
202203080540,235.0,0.4
202203080545,229.0,0.9
202203080550,225.0,0.9
202203080555,252.0,0.9
202203080600,236.0,0.9
202203080610,224.0,0.4
202203080615,,0.0
202203080620,,0.0
202203080625,,0.0
202203080630,,0.0
202203080635,,0.0
202203080640,,0.0
202203080645,,0.0
202203080650,,0.0
202203080655,,0.0
202203080700,,0.0
202203080720,,0.0
202203080725,,0.0
202203080730,,0.0
202203080735,,0.0
202203080740,,0.0
202203080750,,0.0
202203080755,,0.0
202203080800,,0.0
202203080810,,0.0
202203080815,,0.0
202203080820,,0.0
202203080825,,0.0
202203080830,,0.0
202203080835,,0.0
202203080845,,0.0
202203080850,,0.0
202203080855,,0.0
202203080900,,0.0
202203080910,,0.0
202203080915,,0.0
202203080920,,0.0
202203080925,,0.0
202203080930,,0.0
202203080935,,0.0
202203080940,,0.0
202203080945,,0.0
202203080950,,0.0
202203080955,,0.0
202203081000,,0.0
202203081010,,0.0
202203081015,,0.0
202203081020,,0.0
202203081025,,0.0
202203081030,,0.0
202203081035,,0.0
202203081040,,0.0
202203081045,,0.0
202203081050,,0.0
202203081055,,0.0
202203081115,,0.0
202203081120,,0.0
202203081125,,0.0
202203081130,,0.0
202203081135,,0.0
202203081140,,0.0
202203081145,,0.0
202203081150,,0.0
202203081155,,0.0
202203081200,,0.0
202203081210,,0.0
202203081215,,0.0
202203081220,,0.0
202203081225,,0.0
202203081230,,0.0
202203081240,305.0,0.4
202203081245,340.0,0.4
202203081250,344.0,0.9
202203081255,339.0,0.9
202203081300,329.0,1.3
202203081310,321.0,1.3
202203081315,320.0,0.9
202203081320,344.0,1.3
202203081325,321.0,1.3
202203081330,353.0,1.3
202203081335,355.0,1.3
202203081340,4.0,1.3
202203081345,8.0,1.3
202203081350,278.0,1.3
202203081355,327.0,0.9
202203081400,332.0,0.9
202203081410,295.0,0.9
202203081415,335.0,0.9
202203081420,315.0,0.9
202203081425,304.0,0.9
202203081430,301.0,0.9
202203081435,348.0,0.9
202203081440,346.0,0.9
202203081445,,0.0
202203081450,329.0,0.4
202203081455,316.0,0.4
202203081500,302.0,0.4
202203081510,,0.0
202203081515,,0.0
202203081520,,0.0
202203081525,,0.0
202203081530,,0.0
202203081535,,0.0
202203081540,,0.0
202203081545,,0.0
202203081550,,0.0
202203081555,,0.0
202203081600,,0.0
202203081615,,0.0
202203081620,,0.0
202203081625,,0.0
202203081630,,0.0
202203081635,,0.0
202203081640,,0.0
202203081645,,0.0
202203081650,,0.0
202203081655,,0.0
202203081700,,0.0
202203081710,,0.0
202203081715,,0.0
202203081720,,0.0
202203081725,,0.0
202203081730,,0.0
202203081735,,0.0
202203081740,,0.0
202203081745,,0.0
202203081755,,0.0
202203081800,,0.0
202203081810,,0.0
202203081820,,0.0
202203081825,,0.0
202203081830,,0.0
202203081835,,0.0
202203081845,,0.0
202203081850,,0.0
202203081855,,0.0
202203081900,,0.0
202203081910,,0.0
202203081915,,0.0
202203081920,,0.0
202203081925,,0.0
202203081930,,0.0
202203081935,,0.0
202203081940,,0.0
202203081945,,0.0
202203081950,,0.0
202203081955,,0.0
202203082000,,0.0
202203082010,,0.0
202203082015,,0.0
202203082020,,0.0
202203082025,,0.0
202203082030,,0.0
202203082035,,0.0
202203082040,,0.0
202203082045,,0.0
202203082050,,0.0
202203082055,,0.0
202203082110,,0.0
202203082115,,0.0
202203082120,,0.0
202203082125,,0.0
202203082130,328.0,0.4
202203082140,340.0,0.9
202203082145,329.0,0.9
202203082150,336.0,0.9
202203082155,,0.0
202203082200,,0.0
202203082210,,0.0
202203082215,,0.0
202203082220,,0.0
202203082225,,0.0
202203082230,8.0,0.4
202203082235,0.0,0.4
202203082240,14.0,0.4
202203082245,16.0,0.4
202203082250,19.0,0.4
202203082255,,0.0
202203082300,,0.0
202203082310,,0.0
202203082315,,0.0
202203082320,,0.0
202203082325,,0.0
202203082330,,0.0
202203082335,,0.0
202203082340,,0.0
202203082355,,0.0
202203090000,,0.0
202203090010,,0.0
202203090015,,0.0
202203090020,324.0,0.4
202203090025,334.0,0.4
202203090030,327.0,0.9
202203090035,341.0,0.9
202203090040,339.0,1.3
202203090050,343.0,2.2
202203090055,319.0,2.2
202203090100,350.0,2.2
202203090110,340.0,2.2
202203090120,340.0,2.2
202203090125,346.0,2.2
202203090135,0.0,2.2
202203090140,350.0,2.2
202203090145,332.0,2.2
202203090150,334.0,2.2
202203090155,2.0,2.2
202203090200,339.0,2.2
202203090210,337.0,2.2
202203090215,326.0,2.2
202203090220,352.0,2.2
202203090225,328.0,2.2
202203090230,336.0,2.2
202203090235,3.0,2.2
202203090240,334.0,2.2
202203090245,356.0,2.7
202203090250,320.0,2.2
202203090255,37.0,2.2
202203090300,17.0,1.8
202203090310,355.0,0.9
202203090315,71.0,0.9
202203090320,347.0,0.9
202203090325,40.0,0.4
202203090330,19.0,0.4
202203090335,,0.0
202203090340,,0.0
202203090345,,0.0
202203090350,,0.0
202203090355,,0.0
202203090400,,0.0
202203090410,,0.0
202203090415,,0.0
202203090420,,0.0
202203090425,,0.0
202203090430,,0.0
202203090435,,0.0
202203090440,,0.0
202203090445,,0.0
202203090450,,0.0
202203090455,,0.0
202203090500,,0.0
202203090515,,0.0
202203090520,,0.0
202203090525,,0.0
202203090530,,0.0
202203090535,,0.0
202203090540,,0.0
202203090545,,0.0
202203090550,,0.0
202203090555,,0.0
202203090600,,0.0
202203090610,,0.0
202203090615,,0.0
202203090620,,0.0
202203090625,,0.0
202203090630,,0.0
202203090635,,0.0
202203090640,,0.0
202203090645,,0.0
202203090650,,0.0
202203090655,,0.0
202203090700,,0.0
202203090710,,0.0
202203090715,,0.0
202203090720,,0.0
202203090730,,0.0
202203090735,,0.0
202203090740,,0.0
202203090745,,0.0
202203090750,,0.0
202203090755,,0.0
202203090800,,0.0
202203090810,,0.0
202203090815,,0.0
202203090820,,0.0
202203090825,,0.0
202203090835,,0.0
202203090840,,0.0
202203090845,,0.0
202203090855,,0.0
202203090900,,0.0
202203090915,,0.0
202203090920,,0.0
202203090930,,0.0
202203090935,,0.0
202203090940,,0.0
202203090945,,0.0
202203090950,,0.0
202203090955,,0.0
202203091000,,0.0
202203091010,,0.0
202203091015,,0.0
202203091020,,0.0
202203091025,,0.0
202203091030,,0.0
202203091035,,0.0
202203091040,,0.0
202203091045,,0.0
202203091050,,0.0
202203091055,,0.0
202203091110,,0.0
202203091115,,0.0
202203091120,,0.0
202203091125,,0.0
202203091130,,0.0
202203091135,,0.0
202203091140,,0.0
202203091145,,0.0
202203091150,,0.0
202203091200,,0.0
202203091210,,0.0
202203091215,,0.0
202203091225,,0.0
202203091230,,0.0
202203091235,,0.0
202203091240,,0.0
202203091245,,0.0
202203091250,,0.0
202203091255,,0.0
202203091300,,0.0
202203091310,,0.0
202203091315,,0.0
202203091320,,0.0
202203091325,,0.0
202203091330,,0.0
202203091335,,0.0
202203091340,191.0,0.4
202203091350,206.0,0.4
202203091355,219.0,0.4
202203091400,213.0,0.4
202203091410,336.0,0.4
202203091415,,0.0
202203091420,155.0,0.4
202203091425,323.0,0.9
202203091430,338.0,0.9
202203091435,358.0,0.4
202203091440,3.0,0.4
202203091445,357.0,0.9
202203091450,336.0,1.3
202203091455,323.0,2.2
202203091500,341.0,1.3
202203091510,327.0,0.4
202203091515,,0.0
202203091520,319.0,0.4
202203091525,318.0,0.9
202203091530,315.0,0.9
202203091535,129.0,1.3
202203091540,348.0,1.3
202203091545,328.0,0.9
202203091550,324.0,0.9
202203091555,312.0,0.9
202203091600,292.0,0.9
202203091610,,0.0
202203091615,,0.0
202203091620,320.0,0.4
202203091625,322.0,0.4
202203091630,328.0,0.4
202203091635,318.0,0.4
202203091640,330.0,0.4
202203091645,295.0,0.9
202203091650,321.0,0.9
202203091655,,0.0
202203091700,,0.0
202203091710,,0.0
202203091715,,0.0
202203091720,,0.0
202203091725,,0.0
202203091730,,0.0
202203091735,,0.0
202203091745,210.0,0.4
202203091750,231.0,0.4
202203091755,,0.0
202203091800,,0.0
202203091810,,0.0
202203091815,,0.0
202203091820,,0.0
202203091825,,0.0
202203091830,235.0,0.4
202203091835,228.0,0.9
202203091840,125.0,0.9
202203091845,238.0,0.9
202203091850,227.0,0.9
202203091855,239.0,0.9
202203091900,282.0,0.9
202203091910,334.0,0.9
202203091915,242.0,0.9
202203091920,301.0,0.9
202203091925,201.0,0.9
202203091930,306.0,0.9
202203091935,234.0,0.9
202203091940,285.0,0.9
202203091945,199.0,0.9
202203091950,307.0,1.3
202203091955,266.0,1.3
202203092000,183.0,1.3
202203092010,210.0,1.3
202203092015,287.0,0.9
202203092020,228.0,0.9
202203092025,234.0,0.9
202203092030,211.0,1.3
202203092035,298.0,1.3
202203092040,314.0,1.3
202203092045,306.0,0.9
202203092055,309.0,0.9
202203092100,274.0,0.9
202203092110,294.0,0.9
202203092115,315.0,0.9
202203092120,313.0,0.9
202203092125,289.0,0.9
202203092130,303.0,0.9
202203092135,303.0,0.9
202203092140,222.0,0.9
202203092145,283.0,0.9
202203092150,290.0,0.9
202203092155,314.0,0.9
202203092200,355.0,1.3
202203092210,297.0,1.3
202203092215,313.0,1.3
202203092220,305.0,1.3
202203092225,333.0,0.9
202203092230,310.0,0.9
202203092240,317.0,0.9
202203092245,322.0,0.9
202203092300,290.0,1.3
202203092310,329.0,0.9
202203092315,329.0,0.9
202203092320,302.0,0.9
202203092330,325.0,0.9
202203092335,330.0,0.9
202203092340,310.0,0.9
202203092345,298.0,0.9
202203092350,314.0,0.9
202203092355,,0.0
202203100000,0.0,0.4
202203100010,326.0,0.9
202203100015,286.0,1.3
202203100020,313.0,1.3
202203100025,303.0,0.9
202203100030,298.0,0.9
202203100035,318.0,1.3
202203100040,318.0,1.3
202203100045,281.0,0.9
202203100055,,0.0
202203100100,314.0,0.4
202203100110,79.0,0.9
202203100115,76.0,0.4
202203100120,324.0,0.4
202203100125,,0.0
202203100130,,0.0
202203100135,,0.0
202203100140,,0.0
202203100145,,0.0
202203100150,,0.0
202203100155,,0.0
202203100210,313.0,0.4
202203100215,325.0,0.4
202203100220,337.0,0.9
202203100225,333.0,0.9
202203100230,346.0,0.9
202203100235,22.0,0.9
202203100240,99.0,0.9
202203100245,336.0,0.9
202203100250,336.0,0.9
202203100255,,0.0
202203100300,,0.0
202203100310,,0.0
202203100315,,0.0
202203100320,,0.0
202203100325,,0.0
202203100330,354.0,0.4
202203100335,330.0,0.9
202203100340,324.0,0.9
202203100345,248.0,0.9
202203100350,280.0,0.9
202203100355,128.0,0.4
202203100400,128.0,0.4
202203100410,,0.0
202203100415,,0.0
202203100420,,0.0
202203100425,,0.0
202203100430,,0.0
202203100435,,0.0
202203100440,287.0,0.4
202203100445,203.0,0.9
202203100450,196.0,0.9
202203100455,196.0,0.4
202203100500,196.0,0.4
202203100515,,0.0
202203100520,,0.0
202203100525,,0.0
202203100530,259.0,0.4
202203100535,288.0,0.4
202203100540,288.0,0.4
202203100545,300.0,0.9
202203100550,125.0,0.9
202203100555,125.0,0.9
202203100600,125.0,0.9
202203100610,215.0,0.4
202203100615,238.0,0.4
202203100620,238.0,0.4
202203100625,244.0,0.4
202203100630,117.0,0.4
202203100635,,0.0
202203100640,326.0,0.4
202203100645,343.0,0.9
202203100650,276.0,0.9
202203100700,175.0,0.9
202203100710,,0.0
202203100715,,0.0
202203100720,,0.0
202203100725,,0.0
202203100730,,0.0
202203100735,,0.0
202203100740,,0.0
202203100750,,0.0
202203100755,,0.0
202203100800,,0.0
202203100810,313.0,0.4
202203100815,350.0,0.4
202203100820,340.0,0.4
202203100825,,0.0
202203100830,346.0,0.4
202203100835,346.0,0.9
202203100840,346.0,0.9
202203100845,,0.0
202203100850,,0.0
202203100855,,0.0
202203100900,,0.0
202203100910,,0.0
202203100915,,0.0
202203100920,,0.0
202203100925,,0.0
202203100930,,0.0
202203100935,,0.0
202203100940,,0.0
202203100950,,0.0
202203100955,,0.0
202203101000,,0.0
202203101010,,0.0
202203101015,,0.0
202203101020,,0.0
202203101025,,0.0
202203101030,,0.0
202203101035,,0.0
202203101040,,0.0
202203101045,,0.0
202203101050,,0.0
202203101055,,0.0
202203101110,,0.0
202203101115,,0.0
202203101120,,0.0
202203101125,,0.0
202203101130,,0.0
202203101135,,0.0
202203101140,,0.0
202203101145,,0.0
202203101150,,0.0
202203101155,,0.0
202203101200,,0.0
202203101210,,0.0
202203101220,,0.0
202203101225,,0.0
202203101230,28.0,0.4
202203101235,3.0,0.4
202203101240,52.0,0.4
202203101245,78.0,0.9
202203101250,15.0,0.9
202203101255,18.0,0.4
202203101300,24.0,0.4
202203101310,7.0,0.4
202203101315,,0.0
202203101320,12.0,0.4
202203101325,11.0,0.4
202203101330,50.0,0.4
202203101335,,0.0
202203101340,,0.0
202203101345,,0.0
202203101350,,0.0
202203101355,,0.0
202203101400,,0.0
202203101410,,0.0
202203101415,,0.0
202203101420,,0.0
202203101425,,0.0
202203101430,,0.0
202203101435,,0.0
202203101440,,0.0
202203101450,,0.0
202203101455,,0.0
202203101500,,0.0
202203101510,,0.0
202203101515,,0.0
202203101520,,0.0
202203101525,,0.0
202203101530,,0.0
202203101535,,0.0
202203101540,,0.0
202203101545,,0.0
202203101550,,0.0
202203101555,,0.0
202203101600,,0.0
202203101610,351.0,0.4
202203101615,9.0,0.4
202203101620,115.0,0.4
202203101625,,0.0
202203101630,,0.0
202203101640,,0.0
202203101645,,0.0
202203101650,,0.0
202203101700,,0.0
202203101710,,0.0
202203101715,,0.0
202203101720,354.0,0.4
202203101730,279.0,0.9
202203101735,357.0,0.9
202203101740,7.0,0.9
202203101745,347.0,0.9
202203101750,334.0,0.9
202203101755,8.0,0.9
202203101800,12.0,1.3
202203101815,12.0,0.9
202203101820,342.0,0.9
202203101825,,0.0
202203101830,,0.0
202203101835,,0.0
202203101840,,0.0
202203101845,,0.0
202203101850,353.0,0.4
202203101855,328.0,0.9
202203101900,316.0,1.3
202203101910,11.0,2.2
202203101915,324.0,2.2
202203101920,0.0,1.8
202203101925,1.0,1.3
202203101930,356.0,1.3
202203101935,357.0,0.9
202203101940,344.0,0.9
202203101945,13.0,0.9
202203101950,349.0,0.9
202203101955,348.0,0.4
202203102000,350.0,0.9
202203102010,337.0,1.3
202203102015,358.0,0.9
202203102030,359.0,0.9
202203102035,359.0,1.3
202203102040,326.0,1.3
202203102045,331.0,0.9
202203102050,335.0,0.9
202203102055,346.0,0.9
202203102100,352.0,1.3
202203102110,345.0,2.2
202203102115,340.0,2.2
202203102120,343.0,2.2
202203102125,342.0,2.2
202203102130,5.0,2.2
202203102135,351.0,2.2
202203102140,3.0,1.8
202203102145,357.0,0.9
202203102150,8.0,1.3
202203102155,5.0,1.3
202203102200,334.0,1.3
202203102210,330.0,1.3
202203102215,334.0,2.2
202203102220,347.0,1.8
202203102225,341.0,1.3
202203102230,341.0,1.3
202203102235,359.0,1.3
202203102240,331.0,1.3
202203102245,6.0,1.3
202203102250,338.0,1.3
202203102255,317.0,0.9
202203102310,7.0,1.3
202203102315,352.0,0.9
202203102320,358.0,0.9
202203102325,6.0,0.9
202203102330,6.0,0.9
202203102335,325.0,0.9
202203102345,3.0,0.9
202203102350,337.0,0.9
202203102355,352.0,0.9
202203110000,1.0,1.3
202203110010,343.0,2.2
202203110020,343.0,1.8
202203110025,358.0,1.3
202203110030,358.0,1.3
202203110035,351.0,2.2
202203110040,25.0,1.8
202203110045,352.0,0.9
202203110050,9.0,0.9
202203110055,348.0,1.3
202203110100,350.0,1.3
202203110120,18.0,0.9
202203110125,55.0,1.3
202203110130,303.0,1.3
202203110135,330.0,0.9
202203110140,313.0,0.9
202203110145,51.0,1.3
202203110150,32.0,1.3
202203110155,342.0,0.9
202203110200,112.0,0.9
202203110210,49.0,0.4
202203110215,355.0,0.9
202203110220,348.0,0.9
202203110225,58.0,0.4
202203110230,359.0,0.4
202203110235,68.0,0.9
202203110240,18.0,0.9
202203110245,,0.0
202203110250,347.0,0.4
202203110255,354.0,0.4
202203110300,339.0,0.4
202203110310,33.0,0.9
202203110320,340.0,0.9
202203110330,348.0,0.9
202203110335,348.0,0.4
202203110340,327.0,0.4
202203110345,,0.0
202203110350,315.0,0.4
202203110355,20.0,0.4
202203110400,120.0,0.4
202203110410,23.0,0.4
202203110415,325.0,0.4
202203110420,327.0,0.4
202203110425,1.0,0.9
202203110430,26.0,0.9
202203110440,320.0,0.9
202203110445,22.0,0.9
202203110450,341.0,0.9
202203110455,56.0,0.9
202203110515,5.0,0.4
202203110520,322.0,0.4
202203110525,0.0,0.9
202203110530,352.0,0.9
202203110540,339.0,0.9
202203110545,353.0,0.9
202203110555,359.0,0.9
202203110600,3.0,0.9
202203110610,345.0,0.4
202203110620,310.0,0.9
202203110625,354.0,0.9
202203110630,334.0,0.9
202203110635,353.0,0.9
202203110640,53.0,0.9
202203110655,14.0,0.4
202203110700,339.0,0.4
202203110715,107.0,0.9
202203110720,297.0,0.9
202203110725,300.0,0.9
202203110730,211.0,0.9
202203110735,,0.0
202203110740,80.0,0.4
202203110750,356.0,0.4
202203110755,,0.0
202203110800,,0.0
202203110810,,0.0
202203110815,,0.0
202203110820,23.0,0.4
202203110825,99.0,0.4
202203110830,43.0,0.4
202203110835,34.0,0.4
202203110840,126.0,0.4
202203110845,57.0,0.4
202203110850,335.0,0.4
202203110855,,0.0
202203110910,,0.0
202203110920,86.0,0.4
202203110925,355.0,0.4
202203110930,96.0,0.4
202203110940,78.0,0.4
202203110945,358.0,0.4
202203110950,334.0,0.4
202203110955,,0.0
202203111000,16.0,0.4
202203111015,,0.0
202203111025,321.0,0.4
202203111030,15.0,0.4
202203111035,,0.0
202203111040,24.0,0.4
202203111045,351.0,0.9
202203111050,338.0,0.9
202203111055,352.0,0.9
202203111110,126.0,0.9
202203111115,,0.0
202203111120,,0.0
202203111125,,0.0
202203111130,,0.0
202203111135,,0.0
202203111140,,0.0
202203111145,,0.0
202203111150,,0.0
202203111155,,0.0
202203111200,,0.0
202203111210,,0.0
202203111215,,0.0
202203111220,7.0,0.4
202203111230,43.0,0.9
202203111240,13.0,0.9
202203111245,259.0,0.4
202203111250,356.0,0.4
202203111300,0.0,0.9
202203111310,11.0,0.9
202203111320,334.0,0.9
202203111325,10.0,0.9
202203111335,316.0,0.9
202203111340,6.0,0.9
202203111345,15.0,0.9
202203111355,52.0,0.9
202203111400,26.0,0.9
202203111410,337.0,0.9
202203111415,5.0,0.9
202203111420,97.0,0.9
202203111425,348.0,0.9
202203111430,347.0,0.9
202203111435,78.0,0.9
202203111440,18.0,0.9
202203111445,299.0,0.9
202203111450,337.0,0.9
202203111500,120.0,0.4
202203111515,337.0,0.9
202203111525,29.0,0.9
202203111530,315.0,0.9
202203111540,325.0,0.9
202203111545,89.0,0.9
202203111550,355.0,0.9
202203111555,321.0,0.4
202203111600,106.0,0.4
202203111610,14.0,0.4
202203111615,312.0,0.4
202203111620,60.0,0.4
202203111625,301.0,0.4
202203111630,20.0,0.4
202203111635,94.0,0.9
202203111645,76.0,0.9
202203111650,149.0,0.9
202203111655,91.0,0.9
202203111700,342.0,0.9
202203111710,119.0,0.9
202203111725,95.0,0.9
202203111730,95.0,0.9
202203111735,90.0,0.9
202203111740,102.0,0.9
202203111745,121.0,0.4
202203111750,75.0,0.4
202203111800,72.0,0.4
202203111815,,0.0
202203111820,4.0,0.4
202203111825,16.0,0.4
202203111830,287.0,0.4
202203111835,,0.0
202203111845,,0.0
202203111850,,0.0
202203111900,,0.0
202203111910,,0.0
202203111915,,0.0
202203111920,,0.0
202203111925,,0.0
202203111935,143.0,0.4
202203111950,,0.0
202203111955,,0.0
202203112000,,0.0
202203112025,,0.0
202203112030,,0.0
202203112035,,0.0
202203112040,91.0,0.4
202203112045,105.0,0.4
202203112055,,0.0
202203112100,,0.0
202203112110,,0.0
202203112115,,0.0
202203112120,,0.0
202203112130,,0.0
202203112140,105.0,0.4
202203112145,92.0,0.4
202203112155,,0.0
202203112210,82.0,0.9
202203112215,91.0,0.4
202203112220,96.0,0.4
202203112225,78.0,0.4
202203112230,57.0,0.4
202203112235,83.0,0.4
202203112245,89.0,0.4
202203112250,90.0,0.4
202203112300,,0.0
202203112310,,0.0
202203112315,,0.0
202203112320,124.0,0.4
202203112325,84.0,0.4
202203112330,116.0,0.4
202203112335,,0.0
202203112340,99.0,0.4
202203112345,103.0,0.9
202203112355,105.0,0.4
202203120000,93.0,0.4
202203120010,91.0,0.4
202203120015,83.0,0.4
202203120025,,0.0
202203120030,,0.0
202203120035,,0.0
202203120050,,0.0
202203120055,,0.0
202203120100,,0.0
202203120110,,0.0
202203120115,,0.0
202203120120,,0.0
202203120125,,0.0
202203120130,,0.0
202203120135,,0.0
202203120140,,0.0
202203120145,,0.0
202203120150,,0.0
202203120200,,0.0
202203120210,,0.0
202203120215,,0.0
202203120220,94.0,0.4
202203120225,103.0,0.4
202203120230,104.0,0.4
202203120235,,0.0
202203120240,,0.0
202203120245,,0.0
202203120250,,0.0
202203120255,,0.0
202203120300,129.0,0.4
202203120310,110.0,0.4
202203120315,126.0,0.4
202203120320,81.0,0.4
202203120325,112.0,0.4
202203120330,133.0,0.9
202203120335,125.0,0.9
202203120345,94.0,0.9
202203120350,170.0,0.9
202203120400,150.0,0.4
202203120410,,0.0
202203120415,,0.0
202203120420,,0.0
202203120425,,0.0
202203120430,,0.0
202203120435,,0.0
202203120440,,0.0
202203120450,104.0,0.4
202203120455,123.0,0.9
202203120500,105.0,0.9
202203120510,90.0,0.9
202203120515,178.0,0.4
202203120530,130.0,0.9
202203120535,104.0,0.4
202203120540,106.0,0.4
202203120545,115.0,0.4
202203120550,130.0,0.4
202203120555,104.0,0.9
202203120610,140.0,0.4
202203120615,133.0,0.9
202203120625,134.0,0.4
202203120630,117.0,0.4
202203120635,106.0,0.4
202203120645,133.0,0.4
202203120650,128.0,0.4
202203120700,136.0,0.9
202203120710,147.0,0.9
202203120720,129.0,0.9
202203120725,158.0,0.4
202203120730,183.0,0.4
202203120735,120.0,0.9
202203120740,134.0,0.9
202203120745,72.0,0.9
202203120750,146.0,0.9
202203120800,112.0,0.9
202203120810,182.0,1.3
202203120815,187.0,1.3
202203120820,205.0,1.3
202203120825,184.0,2.2
202203120830,172.0,2.2
202203120835,157.0,2.2
202203120840,178.0,1.8
202203120845,174.0,1.3
202203120850,204.0,1.8
202203120910,208.0,3.1
202203120915,209.0,3.1
202203120920,196.0,3.1
202203120930,208.0,3.1
202203120935,210.0,3.1
202203120940,196.0,3.1
202203120945,214.0,3.6
202203120950,228.0,3.6
202203120955,278.0,3.6
202203121000,224.0,3.1
202203121010,226.0,2.2
202203121015,218.0,3.1
202203121020,244.0,3.6
202203121025,216.0,5.4
202203121030,239.0,4.5
202203121035,230.0,3.1
202203121040,245.0,3.1
202203121045,299.0,2.7
202203121050,266.0,2.7
202203121055,298.0,2.7
202203121110,292.0,2.7
202203121115,321.0,3.1
202203121120,320.0,3.1
202203121125,321.0,3.1
202203121130,298.0,3.1
202203121135,306.0,2.7
202203121145,340.0,3.1
202203121150,329.0,3.1
202203121155,298.0,2.7
202203121200,335.0,2.7
202203121210,323.0,2.7
202203121215,305.0,2.7
202203121220,301.0,2.7
202203121225,294.0,2.2
202203121230,331.0,2.2
202203121240,324.0,2.2
202203121245,269.0,2.7
202203121250,265.0,2.7
202203121300,254.0,2.2
202203121310,300.0,2.2
202203121315,281.0,2.2
202203121320,227.0,2.2
202203121335,329.0,3.1
202203121340,266.0,3.1
202203121345,300.0,3.1
202203121355,270.0,2.7
202203121400,267.0,2.7
202203121410,306.0,2.7
202203121415,253.0,2.7
202203121425,293.0,3.1
202203121430,300.0,3.1
202203121435,293.0,3.1
202203121440,296.0,3.1
202203121450,238.0,4.0
202203121455,270.0,3.6
202203121500,280.0,3.6
202203121510,292.0,3.6
202203121515,312.0,3.6
202203121520,293.0,3.6
202203121525,286.0,3.6
202203121530,325.0,3.6
202203121535,289.0,4.0
202203121540,308.0,4.0
202203121545,289.0,3.6
202203121550,229.0,3.6
202203121555,299.0,3.6
202203121610,231.0,4.0
202203121615,294.0,4.0
202203121620,304.0,4.0
202203121625,298.0,4.0
202203121630,267.0,4.0
202203121640,272.0,3.6
202203121645,314.0,4.0
202203121655,323.0,4.0
202203121700,336.0,4.0
202203121720,303.0,4.0
202203121725,308.0,3.1
202203121745,326.0,4.5
202203121750,326.0,4.5
202203121755,242.0,4.5
202203121800,333.0,4.5
202203121815,316.0,4.0
202203121820,307.0,4.5
202203121825,321.0,4.5
202203121835,283.0,5.4
202203121840,335.0,4.9
202203121845,328.0,4.5
202203121850,260.0,4.5
202203121855,331.0,4.0
202203121900,298.0,4.5
202203121910,311.0,4.9
202203121920,308.0,4.9
202203121925,274.0,4.5
202203121930,319.0,4.5
202203121935,323.0,4.0
202203121945,318.0,5.8
202203121950,304.0,5.8
202203121955,334.0,5.8
202203122000,327.0,5.4
202203122010,325.0,5.4
202203122015,328.0,5.4
202203122020,294.0,5.4
202203122025,271.0,5.8
202203122030,299.0,5.4
202203122035,308.0,4.0
202203122040,330.0,4.5
202203122050,323.0,5.4
202203122100,325.0,4.9
202203122110,304.0,4.5
202203122115,295.0,4.0
202203122120,331.0,4.0
202203122130,324.0,4.0
202203122135,331.0,5.4
202203122140,321.0,4.9
202203122145,321.0,4.0
202203122150,340.0,4.5
202203122155,282.0,4.5
202203122200,330.0,4.9
202203122210,335.0,5.8
202203122215,336.0,5.8
202203122220,336.0,5.8
202203122225,333.0,5.8
202203122230,325.0,5.4
202203122240,332.0,4.0
202203122250,338.0,3.6
202203122255,333.0,3.6
202203122300,328.0,3.6
202203122310,315.0,3.6
202203122315,271.0,3.6
202203122320,325.0,4.0
202203122325,319.0,4.0
202203122335,328.0,4.0
202203122345,332.0,4.0
202203122355,325.0,3.1
202203130000,299.0,3.1
202203130010,329.0,3.1
202203130015,332.0,3.1
202203130020,323.0,3.1
202203130025,334.0,3.1
202203130030,319.0,3.1
202203130035,331.0,3.1
202203130045,328.0,2.2
202203130055,331.0,2.2
202203130100,328.0,2.2
202203130115,312.0,1.3
202203130120,301.0,1.3
202203130125,299.0,1.3
202203130130,322.0,1.3
202203130135,305.0,2.2
202203130145,292.0,0.9
202203130150,245.0,0.9
202203130155,311.0,0.9
202203130200,286.0,1.3
202203130215,323.0,2.7
202203130220,321.0,2.2
202203130225,319.0,1.3
202203130230,319.0,1.3
202203130235,313.0,0.4
202203130240,343.0,0.9
202203130245,341.0,0.9
202203130250,316.0,1.3
202203130255,324.0,2.2
202203130300,297.0,1.8
202203130310,325.0,1.3
202203130315,336.0,0.9
202203130320,302.0,0.9
202203130325,303.0,0.9
202203130330,327.0,0.9
202203130335,,0.0
202203130340,278.0,0.4
202203130345,299.0,0.9
202203130350,313.0,0.9
202203130355,317.0,0.4
202203130400,308.0,0.9
202203130410,307.0,0.9
202203130415,,0.0
202203130430,,0.0
202203130435,,0.0
202203130445,,0.0
202203130450,,0.0
202203130455,,0.0
202203130500,220.0,0.4
202203130510,323.0,0.4
202203130515,,0.0
202203130520,,0.0
202203130525,,0.0
202203130530,308.0,0.4
202203130535,236.0,0.4
202203130540,242.0,0.4
202203130545,,0.0
202203130550,,0.0
202203140320,,0.0
202203140323,,0.0
202203140325,,0.0
202203140330,,0.0
202203140335,,0.0
202203140345,,0.0
202203140350,,0.0
202203140355,,0.0
202203140400,,0.0
202203140410,,0.0
202203140415,,0.0
202203140420,,0.0
202203140425,,0.0
202203140435,,0.0
202203140440,,0.0
202203140445,,0.0
202203140450,,0.0
202203140515,,0.0
202203140520,,0.0
202203140525,,0.0
202203140530,,0.0
202203140535,,0.0
202203140540,,0.0
202203140550,,0.0
202203140555,,0.0
202203140600,,0.0
202203140615,,0.0
202203140625,,0.0
202203140635,,0.0
202203140640,,0.0
202203140645,,0.0
202203140650,,0.0
202203140655,,0.0
202203140700,,0.0
202203140710,,0.0
202203140715,,0.0
202203140720,,0.0
202203140730,,0.0
202203140735,,0.0
202203140740,,0.0
202203140745,,0.0
202203140750,,0.0
202203140755,,0.0
202203140800,,0.0
202203140810,,0.0
202203140815,,0.0
202203140820,,0.0
202203140825,,0.0
202203140830,,0.0
202203140835,,0.0
202203140850,,0.0
202203140855,,0.0
202203140900,,0.0
202203140910,,0.0
202203140920,,0.0
202203140930,,0.0
202203140935,,0.0
202203140940,,0.0
202203140950,,0.0
202203141000,,0.0
202203141010,,0.0
202203141020,,0.0
202203141025,,0.0
202203141030,,0.0
202203141035,,0.0
202203141040,,0.0
202203141045,,0.0
202203141050,,0.0
202203141055,,0.0
202203141100,,0.0
202203141110,,0.0
202203141115,,0.0
202203141120,,0.0
202203141125,,0.0
202203141130,,0.0
202203141135,,0.0
202203141140,,0.0
202203141145,,0.0
202203141200,,0.0
202203141215,,0.0
202203141220,,0.0
202203141225,,0.0
202203141235,,0.0
202203141250,,0.0
202203141255,,0.0
202203141300,,0.0
202203141315,,0.0
202203141325,,0.0
202203141330,,0.0
202203141335,,0.0
202203141340,,0.0
202203141345,,0.0
202203141350,,0.0
202203141355,,0.0
202203141400,,0.0
202203141410,,0.0
202203141415,,0.0
202203141420,,0.0
202203141430,,0.0
202203141435,,0.0
202203141440,,0.0
202203141445,,0.0
202203141450,,0.0
202203141455,,0.0
202203141510,140.0,0.4
202203141515,140.0,0.9
202203141520,196.0,0.9
202203141525,193.0,0.9
202203141545,,0.0
202203141550,107.0,0.4
202203141555,211.0,0.9
202203141600,128.0,0.9
202203141610,135.0,0.4
202203141615,172.0,0.9
202203141620,83.0,0.9
202203141625,,0.0
202203141640,139.0,0.9
202203141645,115.0,1.3
202203141650,126.0,1.3
202203141655,157.0,0.9
202203141700,302.0,0.9
202203141710,134.0,0.9
202203141715,70.0,0.9
202203141720,105.0,0.9
202203141725,123.0,0.4
202203141730,141.0,0.9
202203141735,59.0,0.9
202203141740,176.0,0.9
202203141750,145.0,0.9
202203141755,110.0,0.9
202203141800,100.0,0.9
202203141810,81.0,0.9
202203141815,122.0,0.9
202203141820,83.0,0.9
202203141825,245.0,0.4
202203141830,94.0,0.4
202203141835,155.0,0.9
202203141840,84.0,0.9
202203141845,124.0,0.9
202203141850,151.0,0.9
202203141900,128.0,0.9
202203141910,137.0,0.9
202203141920,99.0,0.9
202203141925,184.0,0.9
202203141930,164.0,0.9
202203141935,320.0,0.9
202203141940,107.0,0.9
202203141945,104.0,0.9
202203141955,145.0,0.9
202203142000,109.0,0.9
202203142010,207.0,0.9
202203142015,185.0,0.9
202203142020,50.0,1.3
202203142025,123.0,2.2
202203142030,209.0,1.3
202203142035,177.0,0.4
202203142040,240.0,0.9
202203142045,333.0,1.3
202203142050,106.0,1.3
202203142100,181.0,0.9
202203142110,279.0,1.3
202203142115,187.0,1.3
202203142120,111.0,1.3
202203142125,106.0,2.2
202203142130,136.0,1.8
202203142135,197.0,0.9
202203142140,191.0,0.9
202203142145,220.0,0.9
202203142150,225.0,0.9
202203142155,132.0,0.4
202203142200,119.0,0.9
202203142210,106.0,1.3
202203142215,229.0,0.4
202203142220,145.0,0.4
202203142225,,0.0
202203142235,164.0,0.4
202203142240,230.0,0.4
202203142245,,0.0
202203142250,,0.0
202203142255,,0.0
202203142300,,0.0
202203142310,,0.0
202203142315,,0.0
202203142320,,0.0
202203142325,,0.0
202203142330,,0.0
202203142345,,0.0
202203142350,,0.0
202203142355,,0.0
202203150010,,0.0
202203150015,,0.0
202203150020,,0.0
202203150025,,0.0
202203150035,,0.0
202203150040,,0.0
202203150045,,0.0
202203150050,,0.0
202203150100,,0.0
202203150110,,0.0
202203150115,,0.0
202203150120,,0.0
202203150125,,0.0
202203150130,,0.0
202203150135,,0.0
202203150200,,0.0
202203150210,,0.0
202203150215,,0.0
202203150220,,0.0
202203150225,,0.0
202203150230,,0.0
202203150235,,0.0
202203150240,,0.0
202203150245,,0.0
202203150255,,0.0
202203150310,,0.0
202203150315,,0.0
202203150320,,0.0
202203150325,,0.0
202203150330,,0.0
202203150335,,0.0
202203150340,,0.0
202203150345,,0.0
202203150350,,0.0
202203150400,,0.0
202203150420,,0.0
202203150425,,0.0
202203150440,,0.0
202203150450,,0.0
202203150455,,0.0
202203150500,,0.0
202203150510,,0.0
202203150515,,0.0
202203150520,,0.0
202203150525,,0.0
202203150530,,0.0
202203150540,,0.0
202203150545,,0.0
202203150550,,0.0
202203150555,,0.0
202203150600,,0.0
202203150610,,0.0
202203150615,,0.0
202203150620,,0.0
202203150630,,0.0
202203150640,,0.0
202203150645,,0.0
202203150650,,0.0
202203150655,,0.0
202203150700,,0.0
202203150710,,0.0
202203150715,,0.0
202203150725,,0.0
202203150735,,0.0
202203150740,,0.0
202203150745,,0.0
202203150755,,0.0
202203150800,,0.0
202203150810,,0.0
202203150815,,0.0
202203150820,,0.0
202203150830,,0.0
202203150835,,0.0
202203150840,,0.0
202203150855,,0.0
202203150900,,0.0
202203150910,,0.0
202203150915,,0.0
202203150920,,0.0
202203150925,,0.0
202203150935,,0.0
202203150940,,0.0
202203150945,,0.0
202203150950,,0.0
202203150955,,0.0
202203151000,,0.0
202203151010,,0.0
202203151020,,0.0
202203151025,,0.0
202203151035,,0.0
202203151040,,0.0
202203151045,,0.0
202203151050,,0.0
202203151055,,0.0
202203151100,,0.0
202203151110,,0.0
202203151125,,0.0
202203151130,,0.0
202203151135,,0.0
202203151145,,0.0
202203151150,,0.0
202203151155,,0.0
202203151200,,0.0
202203151210,,0.0
202203151215,,0.0
202203151220,,0.0
202203151225,,0.0
202203151230,,0.0
202203151240,,0.0
202203151245,,0.0
202203151250,,0.0
202203151300,,0.0
202203151310,,0.0
202203151315,,0.0
202203151320,,0.0
202203151330,,0.0
202203151335,,0.0
202203151340,,0.0
202203151345,,0.0
202203151355,,0.0
202203151400,,0.0
202203151410,,0.0
202203151415,,0.0
202203151420,,0.0
202203151425,,0.0
202203151430,114.0,0.4
202203151440,107.0,0.4
202203151445,129.0,0.4
202203151450,118.0,0.9
202203151455,104.0,0.9
202203151500,114.0,0.9
202203151510,92.0,0.4
202203151515,93.0,0.9
202203151520,118.0,0.9
202203151525,126.0,0.9
202203151535,112.0,0.9
202203151540,160.0,0.9
202203151545,102.0,0.9
202203151550,113.0,0.9
202203151555,90.0,1.3
202203151600,103.0,1.3
202203151610,171.0,0.9
202203151620,158.0,0.9
202203151625,,0.0
202203151630,318.0,0.4
202203151635,121.0,0.9
202203151640,115.0,0.9
202203151645,102.0,0.9
202203151650,133.0,0.9
202203151655,75.0,0.4
202203151700,73.0,0.4
202203151710,72.0,0.9
202203151715,104.0,0.9
202203151720,95.0,0.9
202203151725,74.0,0.9
202203151730,61.0,0.9
202203151735,88.0,0.9
202203151740,166.0,0.9
202203151750,217.0,0.9
202203151755,125.0,0.9
202203151800,53.0,0.9
202203151810,115.0,0.9
202203151815,,0.0
202203151820,236.0,0.4
202203151830,65.0,0.9
202203151835,145.0,0.9
202203151840,93.0,0.9
202203151845,,0.0
202203151850,103.0,0.4
202203151855,114.0,0.9
202203151900,102.0,0.9
202203151910,113.0,0.4
202203151915,,0.0
202203151920,88.0,0.4
202203151925,94.0,0.4
202203151930,90.0,0.4
202203151935,91.0,0.4
202203151940,95.0,0.4
202203151945,179.0,0.4
202203151950,349.0,0.4
202203151955,,0.0
202203152000,,0.0
202203152010,,0.0
202203152015,,0.0
202203152025,,0.0
202203152030,,0.0
202203152035,,0.0
202203152040,101.0,0.4
202203152045,115.0,0.4
202203152050,317.0,0.4
202203152055,,0.0
202203152100,,0.0
202203152115,,0.0
202203152120,,0.0
202203152125,,0.0
202203152130,,0.0
202203152135,,0.0
202203152140,,0.0
202203152145,,0.0
202203152150,,0.0
202203152155,,0.0
202203152200,,0.0
202203152210,,0.0
202203152215,,0.0
202203152220,,0.0
202203152225,,0.0
202203152230,,0.0
202203152235,,0.0
202203152240,124.0,0.4
202203152245,121.0,0.9
202203152250,123.0,0.9
202203152300,93.0,0.4
202203152310,123.0,0.4
202203152315,93.0,0.9
202203152320,351.0,0.9
202203152325,,0.0
202203152330,,0.0
202203152335,,0.0
202203152340,,0.0
202203152345,,0.0
202203152350,,0.0
202203152355,,0.0
202203160000,,0.0
202203160010,,0.0
202203160015,,0.0
202203160020,,0.0
202203160025,,0.0
202203160030,78.0,0.4
202203160035,216.0,0.4
202203160040,293.0,0.4
202203160045,,0.0
202203160050,,0.0
202203160055,,0.0
202203160110,,0.0
202203160115,,0.0
202203160120,,0.0
202203160125,,0.0
202203160130,,0.0
202203160135,,0.0
202203160140,,0.0
202203160145,,0.0
202203160150,,0.0
202203160155,,0.0
202203160200,,0.0
202203160210,,0.0
202203160215,,0.0
202203160220,,0.0
202203160225,,0.0
202203160230,,0.0
202203160235,,0.0
202203160240,,0.0
202203160245,,0.0
202203160250,,0.0
202203160255,,0.0
202203160300,,0.0
202203160310,127.0,0.4
202203160320,92.0,0.4
202203160325,117.0,0.4
202203160330,102.0,0.4
202203160335,97.0,0.4
202203160340,79.0,0.4
202203160345,,0.0
202203160350,,0.0
202203160355,,0.0
202203160400,,0.0
202203160410,,0.0
202203160415,,0.0
202203160420,,0.0
202203160425,,0.0
202203160430,,0.0
202203160435,,0.0
202203160440,,0.0
202203160445,,0.0
202203160450,110.0,0.4
202203160455,113.0,0.4
202203160500,124.0,0.4
202203160510,,0.0
202203160515,,0.0
202203160520,,0.0
202203160525,,0.0
202203160530,,0.0
202203160535,,0.0
202203160540,,0.0
202203160545,,0.0
202203160550,109.0,0.4
202203160555,118.0,0.9
202203160600,72.0,0.9
202203160610,110.0,0.4
202203160615,113.0,0.9
202203160620,116.0,0.9
202203160625,105.0,0.4
202203160630,97.0,0.4
202203160635,,0.0
202203160640,92.0,0.4
202203160645,92.0,0.9
202203160650,78.0,0.9
202203160655,,0.0
202203160700,,0.0
202203160710,102.0,0.4
202203160715,81.0,0.9
202203160720,89.0,0.9
202203160725,96.0,0.4
202203160730,82.0,0.4
202203160735,,0.0
202203160740,121.0,0.4
202203160745,107.0,0.4
202203160750,49.0,0.4
202203160755,107.0,0.4
202203160800,93.0,0.4
202203160810,,0.0
202203160815,,0.0
202203160820,,0.0
202203160825,,0.0
202203160830,,0.0
202203160835,,0.0
202203160840,,0.0
202203160845,,0.0
202203160850,,0.0
202203160855,,0.0
202203160900,,0.0
202203160910,,0.0
202203160915,,0.0
202203160920,,0.0
202203160925,,0.0
202203160930,,0.0
202203160935,,0.0
202203160940,,0.0
202203160945,,0.0
202203160950,,0.0
202203160955,,0.0
202203161000,,0.0
202203161010,,0.0
202203161015,,0.0
202203161020,,0.0
202203161025,,0.0
202203161030,,0.0
202203161035,,0.0
202203161040,,0.0
202203161045,,0.0
202203161050,,0.0
202203161100,,0.0
202203161110,,0.0
202203161115,,0.0
202203161120,,0.0
202203161130,,0.0
202203161135,,0.0
202203161140,,0.0
202203161145,,0.0
202203161150,,0.0
202203161155,,0.0
202203161200,,0.0
202203161210,,0.0
202203161215,,0.0
202203161220,,0.0
202203161225,,0.0
202203161230,,0.0
202203161235,,0.0
202203161240,,0.0
202203161245,,0.0
202203161250,,0.0
202203161255,,0.0
202203161300,,0.0
202203161310,,0.0
202203161320,,0.0
202203161325,,0.0
202203161330,,0.0
202203161335,,0.0
202203161340,,0.0
202203161345,,0.0
202203161350,,0.0
202203161355,,0.0
202203161410,,0.0
202203161415,,0.0
202203161420,,0.0
202203161425,,0.0
202203161430,,0.0
202203161435,,0.0
202203161440,,0.0
202203161445,,0.0
202203161450,,0.0
202203161455,,0.0
202203161500,,0.0
202203161510,,0.0
202203161515,,0.0
202203161520,,0.0
202203161525,,0.0
202203161530,,0.0
202203161535,,0.0
202203161540,,0.0
202203161545,,0.0
202203161555,,0.0
202203161600,,0.0
202203161610,,0.0
202203161615,,0.0
202203161625,,0.0
202203161630,,0.0
202203161635,,0.0
202203161640,,0.0
202203161645,,0.0
202203161650,,0.0
202203161655,,0.0
202203161700,,0.0
202203161710,,0.0
202203161715,,0.0
202203161720,,0.0
202203161725,,0.0
202203161730,,0.0
202203161735,,0.0
202203161740,,0.0
202203161745,,0.0
202203161750,,0.0
202203161755,,0.0
202203161800,,0.0
202203161810,,0.0
202203161815,,0.0
202203161820,,0.0
202203161825,,0.0
202203161830,,0.0
202203161835,,0.0
202203161840,286.0,0.4
202203161845,325.0,0.9
202203161850,340.0,1.3
202203161855,326.0,1.3
202203161900,333.0,1.3
202203161915,3.0,2.2
202203161920,338.0,2.2
202203161925,16.0,2.7
202203161930,12.0,2.7
202203161935,318.0,2.7
202203161940,340.0,2.7
202203161945,351.0,3.1
202203161950,4.0,3.1
202203161955,319.0,3.1
202203162000,8.0,2.7
202203162010,338.0,2.7
202203162015,311.0,2.2
202203162020,327.0,2.2
202203162025,319.0,2.2
202203162030,345.0,1.8
202203162035,347.0,1.3
202203162040,331.0,1.8
202203162045,330.0,2.2
202203162050,356.0,2.2
202203162055,14.0,2.2
202203162100,8.0,2.2
202203162110,330.0,2.2
202203162115,3.0,2.7
202203162130,3.0,3.1
202203162135,340.0,3.1
202203162140,11.0,2.7
202203162150,10.0,2.2
202203162155,16.0,2.2
202203162200,351.0,1.8
202203162210,23.0,0.9
202203162215,347.0,0.9
202203162220,14.0,0.9
202203162225,10.0,0.9
202203162230,340.0,0.9
202203162235,336.0,0.4
202203162240,23.0,0.4
202203162245,340.0,0.9
202203162250,0.0,0.9
202203162255,350.0,0.9
202203162300,333.0,0.9
202203162310,341.0,0.9
202203162315,109.0,1.3
202203162320,65.0,0.9
202203162325,,0.0
202203162330,5.0,0.4
202203162335,357.0,0.9
202203162345,7.0,0.9
202203162350,11.0,0.9
202203170000,25.0,0.9
202203170010,14.0,0.4
202203170015,6.0,0.9
202203170020,109.0,0.9
202203170025,,0.0
202203170030,,0.0
202203170035,,0.0
202203170040,316.0,0.4
202203170045,263.0,0.4
202203170050,271.0,0.4
202203170055,,0.0
202203170100,328.0,0.4
202203170110,277.0,0.9
202203170115,281.0,1.3
202203170120,291.0,1.3
202203170125,331.0,1.3
202203170130,354.0,1.3
202203170135,341.0,1.3
202203170140,25.0,1.3
202203170145,11.0,0.9
202203170150,13.0,0.9
202203170155,337.0,0.9
202203170200,355.0,0.9
202203170210,334.0,0.9
202203170215,,0.0
202203170220,,0.0
202203170225,,0.0
202203170230,,0.0
202203170235,,0.0
202203170240,,0.0
202203170250,232.0,0.4
202203170255,323.0,0.9
202203170300,327.0,1.3
202203170310,325.0,2.2
202203170315,326.0,2.7
202203170320,348.0,2.7
202203170325,338.0,2.7
202203170330,327.0,2.2
202203170335,82.0,2.2
202203170340,353.0,1.3
202203170345,26.0,0.4
202203170350,333.0,0.4
202203170355,,0.0
202203170400,,0.0
202203170410,,0.0
202203170415,,0.0
202203170420,,0.0
202203170425,,0.0
202203170430,,0.0
202203170435,,0.0
202203170440,,0.0
202203170445,,0.0
202203170450,,0.0
202203170455,,0.0
202203170500,,0.0
202203170510,,0.0
202203170515,,0.0
202203170520,,0.0
202203170525,,0.0
202203170530,,0.0
202203170535,,0.0
202203170540,,0.0
202203170545,,0.0
202203170550,,0.0
202203170555,,0.0
202203170600,,0.0
202203170610,,0.0
202203170615,,0.0
202203170620,,0.0
202203170625,,0.0
202203170630,,0.0
202203170635,,0.0
202203170640,,0.0
202203170645,,0.0
202203170650,,0.0
202203170655,,0.0
202203170700,,0.0
202203170710,,0.0
202203170720,,0.0
202203170725,,0.0
202203170730,,0.0
202203170735,,0.0
202203170745,,0.0
202203170750,,0.0
202203170755,,0.0
202203170800,,0.0
202203170810,,0.0
202203170815,,0.0
202203170820,,0.0
202203170825,,0.0
202203170830,,0.0
202203170835,,0.0
202203170840,,0.0
202203170845,,0.0
202203170850,,0.0
202203170855,,0.0
202203170900,,0.0
202203170915,,0.0
202203170920,,0.0
202203170925,,0.0
202203170930,212.0,0.4
202203170935,228.0,0.4
202203170940,245.0,0.4
202203170945,,0.0
202203170950,322.0,0.4
202203170955,311.0,0.4
202203171000,308.0,0.4
202203171010,303.0,0.4
202203171015,234.0,0.4
202203171020,325.0,0.4
202203171025,295.0,0.9
202203171030,218.0,0.9
202203171035,282.0,0.9
202203171040,300.0,0.9
202203171045,292.0,0.4
202203171050,282.0,0.4
202203171055,282.0,0.4
202203171100,293.0,0.4
202203171110,345.0,0.4
202203171115,340.0,0.4
202203171120,289.0,0.9
202203171125,310.0,1.3
202203171130,313.0,1.3
202203171135,347.0,0.9
202203171140,225.0,0.9
202203171145,114.0,0.9
202203171150,227.0,0.9
202203171155,277.0,0.4
202203171200,331.0,0.4
202203171210,289.0,0.9
202203171215,295.0,0.4
202203171220,242.0,0.4
202203171225,,0.0
202203171230,279.0,0.4
202203171235,223.0,0.4
202203171240,166.0,0.4
202203171245,290.0,0.9
202203171250,291.0,0.9
202203171300,258.0,0.4
202203171310,253.0,0.4
202203171315,285.0,0.4
202203171320,300.0,0.4
202203171325,,0.0
202203171330,306.0,0.4
202203171335,329.0,0.4
202203171340,312.0,0.4
202203171345,307.0,0.4
202203171350,274.0,0.4
202203171355,326.0,0.4
202203171400,319.0,0.4
202203171410,337.0,0.9
202203171420,321.0,0.9
202203171425,340.0,1.3
202203171435,286.0,1.3
202203171440,325.0,1.3
202203171445,334.0,2.2
202203171450,322.0,2.2
202203171455,337.0,2.2
202203171500,322.0,2.2
202203171510,262.0,1.8
202203171515,335.0,1.3
202203171520,265.0,1.3
202203171525,335.0,2.2
202203171530,326.0,1.8
202203171535,355.0,1.3
202203171540,339.0,1.3
202203171545,5.0,2.2
202203171550,358.0,2.2
202203171555,302.0,2.2
202203171600,329.0,1.8
202203171610,2.0,1.3
202203171615,345.0,1.3
202203171620,314.0,1.3
202203171625,316.0,1.3
202203171630,359.0,1.3
202203171635,268.0,0.9
202203171640,336.0,0.9
202203171645,303.0,0.9
202203171650,325.0,0.9
202203171655,348.0,0.9
202203171700,318.0,0.9
202203171715,336.0,0.9
202203171720,318.0,0.9
202203171725,334.0,0.9
202203171730,253.0,0.9
202203171740,307.0,0.9
202203171745,351.0,0.4
202203171750,333.0,0.9
202203171755,323.0,1.3
202203171800,332.0,1.3
202203171810,309.0,0.9
202203171815,343.0,0.9
202203171820,323.0,1.3
202203171825,4.0,2.2
202203171830,339.0,2.2
202203171835,33.0,2.2
202203171840,71.0,1.8
202203171845,36.0,1.3
202203171850,253.0,1.3
202203171855,258.0,0.9
202203171900,274.0,0.9
202203171910,4.0,0.9
202203171915,339.0,0.9
202203171920,192.0,1.3
202203171925,235.0,1.3
202203171930,251.0,1.3
202203171935,224.0,0.9
202203171940,241.0,0.9
202203171945,222.0,0.9
202203171950,330.0,0.9
202203171955,261.0,0.9
202203172000,237.0,0.9
202203172010,148.0,1.3
202203172020,242.0,0.9
202203172025,9.0,0.9
202203172030,202.0,0.9
202203172035,353.0,0.9
202203172040,340.0,1.3
202203172045,4.0,1.3
202203172050,13.0,1.3
202203172055,324.0,2.2
202203172100,198.0,1.8
202203172110,312.0,0.9
202203172115,342.0,0.9
202203172120,320.0,1.3
202203172125,334.0,2.2
202203172130,324.0,1.8
202203172135,313.0,1.3
202203172140,315.0,1.3
202203172145,227.0,1.3
202203172150,5.0,1.3
202203172200,253.0,0.9
202203172210,,0.0
202203172220,2.0,0.4
202203172230,273.0,0.9
202203172235,120.0,0.9
202203172240,120.0,0.9
202203172245,,0.0
202203172250,,0.0
202203172255,,0.0
202203172300,,0.0
202203172310,,0.0
202203172315,,0.0
202203172320,,0.0
202203172325,,0.0
202203172330,,0.0
202203172335,,0.0
202203172340,,0.0
202203172345,,0.0
202203172350,,0.0
202203172355,,0.0
202203180000,,0.0
202203180010,,0.0
202203180015,,0.0
202203180020,,0.0
202203180025,,0.0
202203180030,,0.0
202203180035,,0.0
202203180040,,0.0
202203180045,,0.0
202203180050,,0.0
202203180055,,0.0
202203180100,,0.0
202203180110,,0.0
202203180115,,0.0
202203180120,,0.0
202203180125,,0.0
202203180130,,0.0
202203180135,,0.0
202203180140,,0.0
202203180145,,0.0
202203180150,,0.0
202203180155,,0.0
202203180200,,0.0
202203180210,,0.0
202203180215,,0.0
202203180220,,0.0
202203180225,,0.0
202203180230,,0.0
202203180235,,0.0
202203180240,,0.0
202203180245,,0.0
202203180250,,0.0
202203180255,,0.0
202203180300,,0.0
202203180310,,0.0
202203180315,,0.0
202203180320,,0.0
202203180325,,0.0
202203180330,,0.0
202203180335,,0.0
202203180345,,0.0
202203180350,,0.0
202203180355,,0.0
202203180400,,0.0
202203180410,,0.0
202203180415,,0.0
202203180420,,0.0
202203180430,,0.0
202203180435,,0.0
202203180440,,0.0
202203180445,,0.0
202203180450,,0.0
202203180455,,0.0
202203180500,,0.0
202203180510,,0.0
202203180515,,0.0
202203180520,,0.0
202203180525,,0.0
202203180530,,0.0
202203180535,,0.0
202203180540,,0.0
202203180545,,0.0
202203180550,,0.0
202203180555,,0.0
202203180600,,0.0
202203180610,,0.0
202203180615,,0.0
202203180620,,0.0
202203180625,,0.0
202203180630,,0.0
202203180635,,0.0
202203180640,,0.0
202203180645,,0.0
202203180650,,0.0
202203180655,,0.0
202203180700,,0.0
202203180715,,0.0
202203180720,,0.0
202203180730,,0.0
202203180735,,0.0
202203180740,,0.0
202203180745,,0.0
202203180750,,0.0
202203180755,,0.0
202203180800,,0.0
202203180810,,0.0
202203180815,,0.0
202203180820,,0.0
202203180825,,0.0
202203180830,,0.0
202203180835,,0.0
202203180840,,0.0
202203180845,,0.0
202203180850,,0.0
202203180855,,0.0
202203180900,,0.0
202203180910,,0.0
202203180915,,0.0
202203180920,,0.0
202203180930,,0.0
202203180935,,0.0
202203180940,,0.0
202203180945,,0.0
202203180955,,0.0
202203181000,,0.0
202203181015,,0.0
202203181020,,0.0
202203181025,,0.0
202203181030,,0.0
202203181035,,0.0
202203181040,,0.0
202203181045,,0.0
202203181050,,0.0
202203181055,,0.0
202203181100,,0.0
202203181110,,0.0
202203181115,,0.0
202203181120,,0.0
202203181125,,0.0
202203181130,,0.0
202203181135,,0.0
202203181140,,0.0
202203181145,,0.0
202203181150,,0.0
202203181155,,0.0
202203181200,,0.0
202203181210,,0.0
202203181215,,0.0
202203181220,,0.0
202203181225,,0.0
202203181230,,0.0
202203181235,,0.0
202203181240,,0.0
202203181245,,0.0
202203181250,,0.0
202203181255,,0.0
202203181300,,0.0
202203181320,,0.0
202203181325,,0.0
202203181330,,0.0
202203181335,,0.0
202203181340,,0.0
202203181345,,0.0
202203181350,,0.0
202203181355,,0.0
202203181400,,0.0
202203181410,,0.0
202203181415,,0.0
202203181420,,0.0
202203181425,,0.0
202203181430,,0.0
202203181435,,0.0
202203181440,,0.0
202203181445,,0.0
202203181450,,0.0
202203181455,,0.0
202203181500,,0.0
202203181510,,0.0
202203181515,,0.0
202203181520,,0.0
202203181525,,0.0
202203181530,,0.0
202203181535,,0.0
202203181540,,0.0
202203181545,,0.0
202203181550,,0.0
202203181555,,0.0
202203181600,,0.0
202203181610,,0.0
202203181615,,0.0
202203181620,93.0,0.4
202203181625,120.0,0.9
202203181630,78.0,0.9
202203181635,149.0,0.9
202203181640,98.0,0.9
202203181645,142.0,0.9
202203181650,112.0,0.9
202203181655,105.0,0.9
202203181710,151.0,0.9
202203181715,92.0,0.9
202203181720,104.0,0.9
202203181725,107.0,0.4
202203181730,86.0,0.4
202203181735,134.0,0.9
202203181740,293.0,0.9
202203181745,293.0,0.9
202203181750,285.0,1.3
202203181755,282.0,2.2
202203181800,277.0,2.2
202203181810,296.0,2.7
202203181815,303.0,3.1
202203181820,344.0,2.7
202203181825,330.0,2.2
202203181830,238.0,2.2
202203181835,276.0,2.2
202203181840,279.0,1.8
202203181845,232.0,0.9
202203181850,280.0,1.3
202203181855,349.0,1.3
202203181900,295.0,1.3
202203181910,301.0,2.2
202203181915,272.0,2.2
202203181920,296.0,1.8
202203181925,249.0,1.3
202203181930,231.0,1.3
202203181940,189.0,0.9
202203181945,180.0,0.9
202203181955,,0.0
202203182000,,0.0
202203182010,,0.0
202203182020,,0.0
202203182025,,0.0
202203182030,,0.0
202203182035,,0.0
202203182040,,0.0
202203182045,,0.0
202203182050,117.0,0.4
202203182055,114.0,0.9
202203182110,108.0,1.3
202203182115,105.0,1.3
202203182120,112.0,1.3
202203182125,115.0,1.3
202203182130,103.0,1.3
202203182140,132.0,1.3
202203182145,142.0,1.3
202203182150,163.0,1.3
202203182200,112.0,1.3
202203182210,132.0,2.2
202203182220,119.0,2.2
202203182225,196.0,2.2
202203182230,166.0,2.2
202203182235,135.0,2.2
202203182240,118.0,2.2
202203182245,196.0,2.2
202203182255,287.0,1.3
202203182300,60.0,1.3
202203182310,97.0,0.9
202203182315,158.0,0.9
202203182320,149.0,0.9
202203182325,131.0,0.9
202203182330,211.0,0.9
202203182335,,0.0
202203182340,,0.0
202203182345,,0.0
202203182350,,0.0
202203182355,,0.0
202203190000,,0.0
202203190010,,0.0
202203190015,,0.0
202203190020,,0.0
202203190025,,0.0
202203190030,,0.0
202203190035,,0.0
202203190040,,0.0
202203190045,,0.0
202203190050,,0.0
202203190055,,0.0
202203190100,,0.0
202203190110,,0.0
202203190115,,0.0
202203190120,,0.0
202203190125,,0.0
202203190130,,0.0
202203190135,,0.0
202203190140,,0.0
202203190145,,0.0
202203190150,,0.0
202203190155,,0.0
202203190200,184.0,0.4
202203190210,198.0,0.9
202203190215,173.0,0.9
202203190220,195.0,0.9
202203190225,206.0,0.9
202203190230,177.0,0.9
202203190235,185.0,0.9
202203190240,187.0,0.9
202203190245,167.0,0.9
202203190250,192.0,0.9
202203190255,185.0,0.9
202203190300,214.0,0.9
202203190310,202.0,0.9
202203190320,207.0,1.3
202203190325,202.0,1.3
202203190330,204.0,1.3
202203190335,189.0,0.9
202203190340,209.0,0.9
202203190345,212.0,1.3
202203190350,206.0,1.3
202203190355,213.0,0.9
202203190400,228.0,0.9
202203190410,216.0,0.9
202203190415,226.0,0.9
202203190425,235.0,0.9
202203190430,172.0,0.9
202203190440,204.0,0.9
202203190445,120.0,0.9
202203190450,180.0,0.9
202203190455,,0.0
202203190500,,0.0
202203190510,,0.0
202203190515,,0.0
202203190520,233.0,0.4
202203190525,261.0,0.4
202203190530,288.0,0.4
202203190535,,0.0
202203190540,216.0,0.4
202203190545,175.0,0.4
202203190550,218.0,0.4
202203190555,206.0,0.9
202203190600,190.0,0.9
202203190610,114.0,0.4
202203190615,154.0,0.9
202203190620,141.0,0.9
202203190625,,0.0
202203190630,,0.0
202203190635,,0.0
202203190640,160.0,0.4
202203190645,161.0,0.9
202203190650,185.0,0.9
202203190655,201.0,0.9
202203190700,180.0,1.3
202203190710,210.0,2.2
202203190720,123.0,2.2
202203190725,192.0,1.3
202203190730,171.0,1.3
202203190735,204.0,1.3
202203190740,203.0,1.3
202203190745,206.0,2.2
202203190750,199.0,2.2
202203190755,195.0,2.7
202203190800,210.0,2.2
202203190810,214.0,2.2
202203190815,196.0,2.7
202203190820,219.0,2.2
202203190825,211.0,2.2
202203190830,190.0,2.2
202203190835,219.0,2.7
202203190840,197.0,2.7
202203190845,212.0,2.2
202203190850,234.0,2.2
202203190855,161.0,2.7
202203190900,203.0,2.2
202203190910,156.0,1.3
202203190915,195.0,2.2
202203190920,195.0,1.8
202203190925,215.0,1.3
202203190930,214.0,1.3
202203190935,171.0,0.9
202203190940,172.0,1.3
202203190945,195.0,1.3
202203190950,194.0,1.3
202203190955,208.0,2.2
202203191000,153.0,1.8
202203191010,194.0,1.3
202203191015,207.0,2.2
202203191020,183.0,2.2
202203191025,203.0,2.2
202203191030,194.0,2.2
202203191035,222.0,2.7
202203191040,209.0,2.2
202203191045,207.0,2.2
202203191050,222.0,2.2
202203191055,205.0,2.2
202203191100,213.0,2.2
202203191110,211.0,2.2
202203191115,206.0,2.2
202203191120,214.0,2.2
202203191125,212.0,1.3
202203191130,207.0,1.3
202203191135,234.0,2.2
202203191140,201.0,1.8
202203191145,182.0,1.3
202203191150,213.0,1.3
202203191155,205.0,2.2
202203191200,208.0,1.8
202203191210,221.0,1.3
202203191215,202.0,2.2
202203191220,220.0,1.8
202203191225,209.0,1.3
202203191230,210.0,1.3
202203191235,204.0,1.3
202203191240,227.0,1.3
202203191245,232.0,2.2
202203191250,209.0,1.8
202203191255,213.0,1.3
202203191300,202.0,1.8
202203191310,202.0,2.2
202203191315,195.0,2.2
202203191320,210.0,2.2
202203191330,213.0,2.2
202203191335,198.0,2.2
202203191340,200.0,2.2
202203191345,203.0,3.1
202203191350,226.0,3.1
202203191355,212.0,2.7
202203191400,211.0,2.7
202203191410,227.0,2.7
202203191415,218.0,2.7
202203191420,183.0,2.7
202203191425,210.0,2.2
202203191430,187.0,2.2
202203191435,232.0,2.2
202203191440,216.0,2.2
202203191445,172.0,2.7
202203191450,231.0,2.7
202203191455,224.0,2.7
202203191500,193.0,2.7
202203191510,221.0,2.7
202203191515,202.0,2.7
202203191520,197.0,2.2
202203191525,217.0,2.2
202203191530,213.0,2.2
202203191535,203.0,2.7
202203191540,217.0,2.7
202203191545,216.0,2.7
202203191550,228.0,2.7
202203191555,203.0,2.2
202203191600,167.0,2.2
202203191610,196.0,2.2
202203191615,199.0,2.2
202203191620,200.0,2.2
202203191625,212.0,2.7
202203191630,198.0,2.7
202203191635,201.0,2.7
202203191640,196.0,2.7
202203191645,184.0,2.7
202203191650,213.0,2.7
202203191655,202.0,2.7
202203191700,205.0,2.7
202203191710,208.0,3.1
202203191725,203.0,3.1
202203191730,229.0,3.1
202203191735,194.0,3.1
202203191740,217.0,3.1
202203191745,195.0,3.1
202203191750,222.0,3.1
202203191800,245.0,2.7
202203191810,190.0,3.1
202203191815,188.0,3.1
202203191820,255.0,3.1
202203191825,204.0,3.1
202203191830,212.0,3.1
202203191835,168.0,3.6
202203191840,238.0,3.6
202203191845,199.0,3.6
202203191850,212.0,3.6
202203191855,212.0,3.6
202203191900,209.0,3.6
202203191910,205.0,3.6
202203191915,208.0,3.6
202203191920,197.0,3.1
202203191925,246.0,2.7
202203191930,222.0,2.7
202203191935,214.0,2.7
202203191940,209.0,2.7
202203191945,227.0,3.1
202203191950,227.0,3.1
202203191955,209.0,3.1
202203192000,222.0,3.1
202203192010,229.0,2.7
202203192015,211.0,3.6
202203192020,233.0,3.6
202203192025,220.0,3.6
202203192030,224.0,3.6
202203192035,240.0,3.1
202203192040,225.0,3.1
202203192045,249.0,3.6
202203192050,255.0,3.1
202203192055,221.0,3.1
202203192100,221.0,2.7
202203192110,225.0,2.2
202203192115,212.0,3.1
202203192120,227.0,3.1
202203192125,224.0,3.1
202203192130,214.0,3.1
202203192135,225.0,3.1
202203192140,218.0,2.7
202203192145,224.0,2.2
202203192150,238.0,2.2
202203192155,309.0,2.7
202203192200,226.0,2.2
202203192210,276.0,1.3
202203192215,274.0,2.2
202203192225,221.0,2.2
202203192230,245.0,2.2
202203192235,233.0,2.2
202203192240,224.0,2.2
202203192250,218.0,2.2
202203192255,245.0,2.2
202203192300,226.0,2.2
202203192310,299.0,1.8
202203192315,270.0,2.2
202203192320,231.0,1.8
202203192325,222.0,0.9
202203192330,225.0,0.9
202203192335,225.0,1.3
202203192340,223.0,1.3
202203192345,295.0,1.3
202203192350,319.0,1.3
202203192355,272.0,0.4
202203200000,287.0,0.4
202203200015,,0.0
202203200020,,0.0
202203200025,,0.0
202203200030,,0.0
202203200035,,0.0
202203200040,286.0,0.4
202203200045,301.0,0.9
202203200050,279.0,0.9
202203200055,308.0,0.9
202203200100,258.0,0.9
202203200110,279.0,0.4
202203200115,,0.0
202203200120,304.0,0.4
202203200125,299.0,0.9
202203200130,314.0,0.9
202203200135,290.0,0.9
202203200140,287.0,0.9
202203200145,298.0,0.4
202203200150,324.0,0.4
202203200155,,0.0
202203200200,323.0,0.4
202203200210,327.0,0.4
202203200215,299.0,0.9
202203200220,318.0,1.3
202203200225,326.0,2.7
202203200230,325.0,2.7
202203200235,297.0,2.7
202203200240,334.0,2.7
202203200245,321.0,2.7
202203200250,305.0,2.7
202203200255,306.0,3.6
202203200300,334.0,3.6
202203200310,291.0,2.7
202203200315,337.0,2.2
202203200320,331.0,2.2
202203200325,324.0,2.7
202203200330,312.0,2.7
202203200335,324.0,2.2
202203200340,318.0,1.8
202203200345,309.0,1.3
202203200350,317.0,1.3
202203200355,325.0,2.2
202203200400,305.0,1.8
202203200410,321.0,0.9
202203200415,328.0,0.9
202203200420,316.0,0.9
202203200425,309.0,0.4
202203200435,269.0,0.9
202203200440,322.0,0.9
202203200445,275.0,0.9
202203200450,297.0,0.9
202203200455,284.0,0.9
202203200500,328.0,0.9
202203200510,329.0,1.3
202203200515,304.0,2.2
202203200520,312.0,2.2
202203200525,321.0,2.2
202203200530,339.0,1.8
202203200535,296.0,0.9
202203200540,325.0,0.9
202203200545,322.0,0.9
202203200550,279.0,0.9
202203200555,245.0,1.3
202203200600,227.0,1.3
202203200610,283.0,0.4
202203200615,,0.0
202203200620,321.0,0.4
202203200630,328.0,0.9
202203200635,312.0,0.9
202203200640,317.0,0.9
202203200645,336.0,0.9
202203200650,339.0,0.9
202203200655,321.0,1.3
202203200700,322.0,1.3
202203200710,335.0,1.3
202203200715,319.0,0.9
202203200720,289.0,1.3
202203200725,285.0,2.2
202203200730,312.0,2.2
202203200735,309.0,2.2
202203200740,326.0,1.8
202203200745,288.0,0.9
202203200750,318.0,0.9
202203200755,322.0,0.9
202203200800,332.0,0.9
202203200810,287.0,1.3
202203200815,316.0,0.9
202203200820,287.0,1.3
202203200825,258.0,1.3
202203200830,300.0,1.3
202203200835,286.0,2.2
202203200840,291.0,1.8
202203200845,295.0,1.3
202203200850,285.0,1.3
202203200855,304.0,1.3
202203200900,311.0,1.3
202203200910,313.0,2.2
202203200915,313.0,2.2
202203200925,321.0,2.2
202203200935,315.0,2.2
202203200940,325.0,1.8
202203200945,329.0,1.3
202203200955,293.0,1.3
202203201000,300.0,1.3
202203201010,319.0,0.9
202203201015,300.0,0.9
202203201025,332.0,1.3
202203201030,323.0,1.3
202203201035,295.0,0.9
202203201040,289.0,0.9
202203201045,320.0,0.4
202203201050,293.0,0.4
202203201055,,0.0
202203201100,,0.0
202203201110,,0.0
202203201115,,0.0
202203201120,,0.0
202203201125,,0.0
202203201130,,0.0
202203201135,,0.0
202203201140,,0.0
202203201145,,0.0
202203201150,,0.0
202203201155,,0.0
202203201200,,0.0
202203201210,,0.0
202203201215,,0.0
202203201220,304.0,0.4
202203201225,291.0,0.4
202203201230,303.0,0.4
202203201235,278.0,0.4
202203201240,300.0,0.4
202203201245,330.0,0.9
202203201255,330.0,0.9
202203201310,294.0,1.3
202203201320,337.0,2.2
202203201325,329.0,2.2
202203201330,320.0,2.2
202203201335,329.0,2.2
202203201340,321.0,2.2
202203201345,334.0,2.2
202203201350,308.0,1.8
202203201355,326.0,1.3
202203201400,350.0,1.8
202203201410,308.0,2.2
202203201415,336.0,2.2
202203201420,317.0,2.2
202203201425,350.0,2.2
202203201430,333.0,2.2
202203201435,345.0,2.2
202203201440,348.0,2.2
202203201445,296.0,2.7
202203201450,335.0,2.2
202203201455,347.0,1.3
202203201500,321.0,1.8
202203201515,17.0,2.7
202203201520,318.0,2.7
202203201525,334.0,2.7
202203201530,338.0,2.7
202203201535,292.0,2.7
202203201540,313.0,2.2
202203201545,329.0,1.3
202203201550,318.0,1.8
202203201555,335.0,2.2
202203201600,220.0,2.2
202203201610,332.0,2.2
202203201615,337.0,2.2
202203201620,339.0,2.2
202203201625,331.0,2.2
202203201630,325.0,2.2
202203201635,319.0,2.2
202203201640,301.0,2.2
202203201645,303.0,2.2
202203201650,318.0,2.2
202203201655,338.0,2.2
202203201700,340.0,2.2
202203201710,319.0,3.1
202203201715,324.0,3.1
202203201720,332.0,3.1
202203201725,334.0,3.1
202203201730,318.0,2.7
202203201745,305.0,2.2
202203201750,349.0,2.2
202203201755,328.0,2.2
202203201800,304.0,2.2
202203201810,333.0,2.2
202203201815,327.0,2.7
202203201820,335.0,2.7
202203201825,321.0,2.7
202203201830,5.0,2.7
202203201835,322.0,3.6
202203201840,318.0,3.6
202203201845,327.0,3.1
202203201850,326.0,3.1
202203201855,309.0,3.1
202203201900,344.0,3.1
202203201910,282.0,3.6
202203201915,324.0,3.1
202203201920,316.0,3.1
202203201925,306.0,3.6
202203201930,339.0,3.1
202203201935,339.0,3.1
202203201940,328.0,3.1
202203201945,343.0,3.1
202203201950,254.0,3.1
202203202000,9.0,2.7
202203202015,270.0,2.2
202203202020,307.0,2.2
202203202025,297.0,2.2
202203202030,350.0,2.2
202203202035,306.0,2.2
202203202040,331.0,2.2
202203202045,308.0,2.2
202203202050,267.0,2.2
202203202055,323.0,2.7
202203202100,312.0,2.7
202203202110,341.0,2.7
202203202115,289.0,2.2
202203202120,299.0,2.2
202203202125,288.0,2.2
202203202130,331.0,2.2
202203202135,340.0,2.7
202203202140,305.0,2.7
202203202145,323.0,2.7
202203202150,286.0,2.7
202203202155,296.0,2.7
202203202200,324.0,2.7
202203202210,324.0,3.1
202203202215,296.0,2.7
202203202220,332.0,2.7
202203202225,333.0,2.2
202203202230,298.0,2.2
202203202235,333.0,2.2
202203202240,319.0,2.2
202203202245,314.0,2.2
202203202250,325.0,2.2
202203202255,276.0,2.2
202203202300,305.0,1.8
202203202310,328.0,0.9
202203202315,340.0,0.9
202203202320,337.0,1.3
202203202325,319.0,2.2
202203202330,323.0,1.8
202203202335,329.0,0.9
202203202340,325.0,0.9
202203202345,305.0,0.4
202203202350,297.0,0.4
202203202355,,0.0
202203210000,,0.0
202203210010,,0.0
202203210015,,0.0
202203210020,,0.0
202203210025,,0.0
202203210030,,0.0
202203210035,,0.0
202203210040,,0.0
202203210045,,0.0
202203210050,,0.0
202203210055,,0.0
202203210100,,0.0
202203210110,,0.0
202203210115,,0.0
202203210120,,0.0
202203210125,,0.0
202203210130,,0.0
202203210135,,0.0
202203210140,,0.0
202203210145,,0.0
202203210150,,0.0
202203210155,,0.0
202203210200,,0.0
202203210210,,0.0
202203210215,,0.0
202203210220,,0.0
202203210225,,0.0
202203210230,,0.0
202203210235,,0.0
202203210240,,0.0
202203210245,,0.0
202203210255,,0.0
202203210300,,0.0
202203210310,336.0,0.4
202203210315,353.0,0.4
202203210320,358.0,0.4
202203210325,,0.0
202203210330,,0.0
202203210335,,0.0
202203210340,,0.0
202203210345,,0.0
202203210350,,0.0
202203210355,,0.0
202203210400,,0.0
202203210410,,0.0
202203210415,,0.0
202203210420,,0.0
202203210425,,0.0
202203210430,,0.0
202203210435,,0.0
202203210440,,0.0
202203210445,,0.0
202203210450,,0.0
202203210455,,0.0
202203210500,,0.0
202203210510,,0.0
202203210515,,0.0
202203210520,,0.0
202203210525,,0.0
202203210530,,0.0
202203210535,,0.0
202203210540,,0.0
202203210545,,0.0
202203210550,,0.0
202203210555,,0.0
202203210600,,0.0
202203210610,,0.0
202203210615,,0.0
202203210620,,0.0
202203210625,,0.0
202203210630,,0.0
202203210635,,0.0
202203210640,,0.0
202203210645,,0.0
202203210650,,0.0
202203210655,,0.0
202203210700,,0.0
202203210710,,0.0
202203210715,,0.0
202203210720,,0.0
202203210725,,0.0
202203210730,,0.0
202203210745,,0.0
202203210750,,0.0
202203210755,,0.0
202203210800,,0.0
202203210810,,0.0
202203210815,,0.0
202203210820,,0.0
202203210825,,0.0
202203210830,,0.0
202203210835,,0.0
202203210840,,0.0
202203210845,,0.0
202203210850,,0.0
202203210855,,0.0
202203210900,,0.0
202203210910,,0.0
202203210915,,0.0
202203210920,,0.0
202203210925,,0.0
202203210930,,0.0
202203210935,,0.0
202203210940,,0.0
202203210945,,0.0
202203210955,,0.0
202203211000,,0.0
202203211010,,0.0
202203211015,,0.0
202203211020,,0.0
202203211025,,0.0
202203211030,,0.0
202203211035,,0.0
202203211040,,0.0
202203211045,,0.0
202203211050,,0.0
202203211055,,0.0
202203211100,,0.0
202203211110,,0.0
202203211115,,0.0
202203211120,,0.0
202203211125,,0.0
202203211130,,0.0
202203211135,,0.0
202203211140,,0.0
202203211145,,0.0
202203211150,,0.0
202203211155,,0.0
202203211200,,0.0
202203211210,,0.0
202203211215,,0.0
202203211220,,0.0
202203211225,,0.0
202203211230,,0.0
202203211235,,0.0
202203211240,,0.0
202203211245,,0.0
202203211255,,0.0
202203211300,,0.0
202203211310,,0.0
202203211315,,0.0
202203211320,,0.0
202203211325,,0.0
202203211330,,0.0
202203211335,,0.0
202203211340,,0.0
202203211345,,0.0
202203211350,,0.0
202203211355,,0.0
202203211400,138.0,0.4
202203211410,74.0,0.4
202203211415,96.0,0.9
202203211420,112.0,0.9
202203211425,95.0,0.9
202203211430,95.0,0.9
202203211435,104.0,0.4
202203211440,95.0,0.4
202203211445,67.0,0.9
202203211450,68.0,0.9
202203211455,107.0,0.9
202203211500,135.0,0.9
202203211510,256.0,0.9
202203211515,,0.0
202203211520,102.0,0.4
202203211525,91.0,0.4
202203211530,342.0,0.4
202203211535,113.0,0.9
202203211540,38.0,0.9
202203211545,121.0,0.9
202203211550,85.0,0.9
202203211555,92.0,0.9
202203211600,91.0,0.9
202203211610,111.0,0.9
202203211615,139.0,0.9
202203211620,122.0,0.9
202203211625,75.0,0.9
202203211630,86.0,0.9
202203211635,67.0,0.9
202203211640,72.0,0.9
202203211645,98.0,0.4
202203211650,59.0,0.9
202203211655,132.0,0.9
202203211700,117.0,0.9
202203211710,158.0,0.9
202203211715,89.0,0.9
202203211720,27.0,0.9
202203211725,166.0,0.9
202203211730,105.0,0.9
202203211735,224.0,0.9
202203211740,118.0,0.9
202203211745,100.0,0.9
202203211750,323.0,0.9
202203211755,70.0,0.4
202203211800,314.0,0.4
202203211815,19.0,0.9
202203211825,9.0,0.9
202203211830,15.0,0.9
202203211835,286.0,0.4
202203211840,130.0,0.4
202203211845,120.0,0.9
202203211850,0.0,0.9
202203211855,100.0,0.9
202203211900,127.0,0.9
202203211910,149.0,0.9
202203211915,6.0,0.4
202203211920,135.0,0.4
202203211925,140.0,0.9
202203211930,137.0,0.9
202203211935,176.0,0.9
202203211940,208.0,0.9
202203211945,,0.0
202203211950,193.0,0.4
202203211955,40.0,0.9
202203212000,35.0,0.9
202203212010,245.0,0.9
202203212015,186.0,0.9
202203212020,76.0,0.9
202203212030,23.0,0.9
202203212035,65.0,0.9
202203212040,173.0,0.9
202203212045,86.0,0.9
202203212050,288.0,0.9
202203212100,284.0,0.9
202203212110,223.0,0.4
202203212115,86.0,0.9
202203212125,97.0,0.4
202203212130,81.0,0.4
202203212135,119.0,0.9
202203212140,239.0,0.9
202203212145,,0.0
202203212150,103.0,0.4
202203212200,74.0,0.9
202203212210,,0.0
202203212215,,0.0
202203212220,,0.0
202203212225,,0.0
202203212230,,0.0
202203212235,,0.0
202203212240,,0.0
202203212245,,0.0
202203212250,,0.0
202203212255,,0.0
202203212300,,0.0
202203212310,,0.0
202203212315,,0.0
202203212320,,0.0
202203212325,,0.0
202203212330,,0.0
202203212335,,0.0
202203212340,,0.0
202203212345,,0.0
202203212350,,0.0
202203212355,,0.0
202203220000,,0.0
202203220010,,0.0
202203220015,,0.0
202203220020,,0.0
202203220025,,0.0
202203220030,,0.0
202203220045,,0.0
202203220050,,0.0
202203220055,,0.0
202203220100,,0.0
202203220110,,0.0
202203220115,,0.0
202203220120,,0.0
202203220125,,0.0
202203220130,,0.0
202203220140,,0.0
202203220145,,0.0
202203220150,,0.0
202203220155,,0.0
202203220200,,0.0
202203220210,,0.0
202203220215,,0.0
202203220220,,0.0
202203220225,,0.0
202203220230,,0.0
202203220235,,0.0
202203220240,,0.0
202203220245,,0.0
202203220250,145.0,0.4
202203220255,146.0,0.4
202203220300,138.0,0.4
202203220310,138.0,0.4
202203220315,,0.0
202203220320,,0.0
202203220325,,0.0
202203220330,,0.0
202203220335,,0.0
202203220340,,0.0
202203220345,,0.0
202203220350,,0.0
202203220355,,0.0
202203220400,,0.0
202203220410,,0.0
202203220415,,0.0
202203220420,,0.0
202203220425,,0.0
202203220435,,0.0
202203220440,,0.0
202203220445,,0.0
202203220450,,0.0
202203220455,,0.0
202203220500,,0.0
202203220510,,0.0
202203220515,,0.0
202203220520,,0.0
202203220525,,0.0
202203220530,,0.0
202203220535,,0.0
202203220540,,0.0
202203220545,,0.0
202203220550,,0.0
202203220555,,0.0
202203220600,,0.0
202203220610,,0.0
202203220615,,0.0
202203220620,,0.0
202203220625,,0.0
202203220630,,0.0
202203220635,,0.0
202203220640,,0.0
202203220645,,0.0
202203220650,,0.0
202203220655,,0.0
202203220700,,0.0
202203220710,,0.0
202203220715,,0.0
202203220720,,0.0
202203220725,,0.0
202203220730,,0.0
202203220735,,0.0
202203220740,,0.0
202203220745,,0.0
202203220750,,0.0
202203220755,,0.0
202203220800,,0.0
202203220810,,0.0
202203220815,,0.0
202203220820,,0.0
202203220825,,0.0
202203220830,,0.0
202203220835,,0.0
202203220840,,0.0
202203220845,,0.0
202203220850,,0.0
202203220855,,0.0
202203220900,,0.0
202203220910,,0.0
202203220915,,0.0
202203220920,,0.0
202203220925,,0.0
202203220930,,0.0
202203220935,,0.0
202203220940,,0.0
202203220945,,0.0
202203220950,,0.0
202203220955,,0.0
202203221000,,0.0
202203221010,,0.0
202203221015,,0.0
202203221020,,0.0
202203221025,,0.0
202203221030,,0.0
202203221035,,0.0
202203221040,,0.0
202203221045,,0.0
202203221050,,0.0
202203221055,,0.0
202203221100,,0.0
202203221110,,0.0
202203221115,,0.0
202203221120,,0.0
202203221125,,0.0
202203221130,,0.0
202203221135,,0.0
202203221140,,0.0
202203221145,,0.0
202203221150,,0.0
202203221155,,0.0
202203221200,,0.0
202203221210,,0.0
202203221215,,0.0
202203221220,,0.0
202203221225,,0.0
202203221230,,0.0
202203221235,,0.0
202203221240,,0.0
202203221250,,0.0
202203221255,,0.0
202203221300,,0.0
202203221310,,0.0
202203221315,,0.0
202203221320,,0.0
202203221330,,0.0
202203221335,,0.0
202203221340,,0.0
202203221345,,0.0
202203221350,,0.0
202203221355,,0.0
202203221400,,0.0
202203221410,108.0,0.4
202203221415,135.0,0.4
202203221420,133.0,0.4
202203221425,,0.0
202203221430,132.0,0.4
202203221435,223.0,0.4
202203221440,171.0,0.4
202203221445,,0.0
202203221450,,0.0
202203221455,,0.0
202203221500,162.0,0.4
202203221510,38.0,0.4
202203221515,147.0,0.9
202203221520,82.0,0.9
202203221530,121.0,0.4
202203221535,74.0,0.9
202203221540,112.0,0.9
202203221545,174.0,0.9
202203221550,183.0,0.9
202203221555,226.0,0.9
202203221600,143.0,0.9
202203221610,133.0,1.3
202203221615,167.0,1.3
202203221620,179.0,1.3
202203221625,218.0,0.9
202203221630,121.0,1.3
202203221640,170.0,1.8
202203221650,80.0,0.9
202203221655,156.0,1.3
202203221700,179.0,1.3
202203221710,150.0,1.3
202203221720,167.0,2.2
202203221725,220.0,2.2
202203221730,216.0,2.2
202203221735,181.0,2.2
202203221740,138.0,1.8
202203221745,154.0,0.9
202203221750,155.0,0.9
202203221755,209.0,0.9
202203221800,173.0,0.9
202203221810,181.0,1.3
202203221820,123.0,0.9
202203221825,116.0,0.9
202203221830,194.0,1.3
202203221835,239.0,2.2
202203221840,163.0,2.2
202203221845,100.0,2.2
202203221850,5.0,1.3
202203221855,,0.0
202203221900,,0.0
202203221910,163.0,0.4
202203221915,51.0,0.9
202203221920,163.0,0.9
202203221925,97.0,0.4
202203221930,190.0,0.4
202203221935,56.0,0.9
202203221940,95.0,0.9
202203221945,178.0,0.9
202203221950,201.0,0.9
202203221955,192.0,0.9
202203222000,274.0,0.9
202203222010,139.0,0.9
202203222015,100.0,0.9
202203222020,162.0,0.9
202203222025,146.0,0.9
202203222030,176.0,0.9
202203222035,144.0,0.9
202203222040,138.0,0.9
202203222045,148.0,0.9
202203222050,181.0,0.9
202203222055,108.0,0.9
202203222100,156.0,0.9
202203222110,61.0,1.8
202203222115,110.0,0.9
202203222120,83.0,0.9
202203222125,167.0,0.9
202203222130,132.0,0.9
202203222135,101.0,0.9
202203222140,98.0,0.9
202203222145,91.0,0.9
202203222150,109.0,0.9
202203222155,129.0,0.9
202203222200,175.0,0.9
202203222210,154.0,0.9
202203222220,114.0,0.9
202203222225,105.0,0.9
202203222230,117.0,0.9
202203222235,93.0,1.3
202203222240,107.0,1.3
202203222245,165.0,0.9
202203222255,128.0,0.4
202203222300,106.0,0.4
202203222310,144.0,0.9
202203222315,117.0,0.9
202203222320,126.0,0.9
202203222325,,0.0
202203222330,74.0,0.4
202203222335,130.0,0.9
202203222340,123.0,0.9
202203222345,,0.0
202203222350,,0.0
202203222355,,0.0
202203230000,,0.0
202203230010,,0.0
202203230015,,0.0
202203230020,,0.0
202203230025,,0.0
202203230030,,0.0
202203230035,,0.0
202203230040,,0.0
202203230045,,0.0
202203230050,104.0,0.4
202203230055,103.0,0.9
202203230100,86.0,0.9
202203230110,99.0,0.9
202203230115,51.0,0.9
202203230120,116.0,0.9
202203230125,97.0,0.9
202203230130,101.0,0.9
202203230135,108.0,0.9
202203230140,137.0,0.9
202203230145,124.0,0.4
202203230150,130.0,0.9
202203230155,128.0,0.9
202203230200,134.0,0.9
202203230210,139.0,0.9
202203230215,123.0,0.9
202203230220,86.0,0.9
202203230225,183.0,0.9
202203230230,111.0,0.9
202203230235,108.0,0.9
202203230240,143.0,0.9
202203230245,143.0,0.9
202203230250,126.0,0.9
202203230255,135.0,0.9
202203230300,90.0,0.9
202203230310,104.0,0.9
202203230315,122.0,0.4
202203230320,128.0,0.4
202203230325,132.0,0.4
202203230330,109.0,0.4
202203230335,89.0,0.9
202203230345,111.0,0.4
202203230355,129.0,0.4
202203230400,115.0,0.4
202203230410,112.0,0.4
202203230415,,0.0
202203230420,100.0,0.4
202203230425,108.0,0.4
202203230430,101.0,0.4
202203230435,126.0,0.4
202203230440,115.0,0.4
202203230445,,0.0
202203230450,,0.0
202203230455,,0.0
202203230500,,0.0
202203230510,,0.0
202203230515,,0.0
202203230520,,0.0
202203230525,,0.0
202203230530,,0.0
202203230535,,0.0
202203230540,,0.0
202203230545,,0.0
202203230550,,0.0
202203230555,,0.0
202203230600,,0.0
202203230610,110.0,0.4
202203230615,143.0,0.9
202203230620,124.0,0.9
202203230625,110.0,0.4
202203230630,103.0,0.4
202203230635,110.0,0.9
202203230640,135.0,0.9
202203230645,109.0,0.4
202203230650,116.0,0.9
202203230655,128.0,0.9
202203230700,123.0,0.9
202203230710,113.0,0.9
202203230715,92.0,0.9
202203230720,107.0,0.9
202203230725,116.0,0.9
202203230730,122.0,0.9
202203230735,109.0,0.9
202203230740,110.0,0.9
202203230745,112.0,0.9
202203230755,,0.0
202203230800,128.0,0.4
202203230810,107.0,0.9
202203230815,142.0,0.9
202203230820,134.0,0.9
202203230825,113.0,0.9
202203230830,120.0,0.9
202203230835,117.0,0.9
202203230845,144.0,0.9
202203230850,102.0,0.9
202203230855,132.0,0.9
202203230900,127.0,0.9
202203230910,119.0,0.9
202203230915,155.0,0.9
202203230920,112.0,0.9
202203230925,179.0,0.9
202203230935,145.0,0.9
202203230940,147.0,0.9
202203230945,95.0,0.9
202203230950,129.0,0.9
202203230955,124.0,0.9
202203231000,112.0,0.9
202203231010,143.0,0.9
202203231015,107.0,0.9
202203231020,249.0,0.9
202203231025,150.0,0.9
202203231035,111.0,0.9
202203231040,175.0,0.9
202203231045,146.0,0.9
202203231050,119.0,0.9
202203231055,103.0,0.4
202203231100,141.0,0.4
202203231110,130.0,0.9
202203231115,115.0,0.9
202203231120,90.0,0.9
202203231125,100.0,0.9
202203231130,145.0,0.9
202203231135,105.0,0.9
202203231140,146.0,0.9
202203231145,60.0,0.9
202203231150,103.0,0.9
202203231155,110.0,0.9
202203231200,149.0,0.9
202203231210,108.0,0.9
202203231215,120.0,0.9
202203231220,132.0,0.9
202203231225,143.0,0.9
202203231230,121.0,0.9
202203231235,154.0,0.9
202203231240,126.0,0.9
202203231245,141.0,0.9
202203231250,123.0,0.9
202203231255,156.0,0.9
202203231300,95.0,0.9
202203231310,138.0,0.9
202203231315,138.0,0.9
202203231320,155.0,0.9
202203231325,158.0,0.9
202203231330,110.0,0.9
202203231335,114.0,0.9
202203231340,67.0,0.9
202203231345,71.0,0.9
202203231350,116.0,0.9
202203231355,149.0,0.9
202203231400,188.0,0.9
202203231410,139.0,0.9
202203231415,143.0,0.9
202203231420,120.0,0.9
202203231425,165.0,0.9
202203231430,102.0,0.9
202203231435,188.0,0.9
202203231440,124.0,0.9
202203231445,126.0,0.4
202203231450,122.0,0.4
202203231455,131.0,0.9
202203231500,127.0,0.9
202203231510,104.0,0.4
202203231515,132.0,0.9
202203231520,127.0,0.9
202203231525,145.0,0.4
202203231530,129.0,0.4
202203231535,131.0,0.9
202203231540,197.0,0.9
202203231545,176.0,0.9
202203231550,172.0,0.9
202203231555,152.0,0.9
202203231600,150.0,0.9
202203231610,176.0,1.3
202203231615,184.0,2.2
202203231620,153.0,1.8
202203231625,164.0,1.3
202203231630,193.0,1.3
202203231635,170.0,2.2
202203231640,199.0,2.2
202203231645,209.0,2.2
202203231650,181.0,2.2
202203231655,198.0,2.7
202203231700,182.0,2.7
202203231710,172.0,2.2
202203231715,205.0,1.3
202203231725,170.0,2.2
202203231730,162.0,2.2
202203231735,167.0,2.2
202203231740,139.0,2.2
202203231750,162.0,2.2
202203231755,184.0,2.2
202203231800,177.0,2.2
202203231810,175.0,2.2
202203231815,104.0,2.2
202203231820,137.0,1.8
202203231825,196.0,1.3
202203231830,130.0,1.8
202203231835,175.0,2.2
202203231840,190.0,2.2
202203231845,215.0,2.7
202203231850,198.0,2.7
202203231855,167.0,2.7
202203231900,166.0,2.2
202203231910,135.0,1.8
202203231915,197.0,1.3
202203231920,173.0,1.3
202203231925,171.0,1.3
202203231930,188.0,1.3
202203231940,163.0,2.2
202203231945,172.0,3.1
202203231950,161.0,3.1
202203231955,206.0,2.7
202203232000,190.0,2.7
202203232010,191.0,2.7
202203232015,150.0,2.2
202203232020,223.0,2.2
202203232025,193.0,2.7
202203232030,201.0,2.2
202203232035,193.0,2.2
202203232040,204.0,2.2
202203232045,198.0,2.7
202203232050,199.0,2.7
202203232100,221.0,2.2
202203232110,185.0,2.2
202203232115,209.0,2.2
202203232120,225.0,2.2
202203232125,205.0,3.1
202203232130,159.0,2.7
202203232135,187.0,2.2
202203232140,187.0,2.2
202203232145,197.0,2.2
202203232150,170.0,2.2
202203232155,181.0,2.2
202203232200,142.0,2.2
202203232210,166.0,1.8
202203232215,179.0,1.3
202203232220,121.0,1.3
202203232225,143.0,1.3
202203232230,169.0,1.3
202203232235,159.0,1.3
202203232240,190.0,1.3
202203232245,162.0,2.2
202203232250,159.0,2.2
202203232255,164.0,2.2
202203232300,170.0,2.2
202203232315,166.0,0.9
202203232320,186.0,0.9
202203232330,175.0,0.9
202203232335,163.0,0.9
202203232340,155.0,1.3
202203232345,87.0,1.3
202203232350,177.0,1.3
202203232355,150.0,0.9
202203240000,181.0,0.9
202203240010,114.0,0.9
202203240015,153.0,0.9
202203240020,202.0,0.9
202203240025,185.0,0.9
202203240035,201.0,0.9
202203240040,156.0,0.9
202203240045,160.0,0.9
202203240050,108.0,0.9
202203240055,155.0,0.9
202203240100,165.0,0.9
202203240110,190.0,0.9
202203240115,182.0,1.3
202203240120,134.0,1.3
202203240125,47.0,0.9
202203240130,251.0,0.9
202203240135,129.0,0.9
202203240140,142.0,0.9
202203240145,187.0,0.9
202203240150,112.0,0.9
202203240155,158.0,0.9
202203240200,185.0,0.9
202203240210,187.0,0.9
202203240215,161.0,0.9
202203240220,204.0,0.9
202203240225,214.0,0.9
202203240230,173.0,0.9
202203240235,173.0,0.9
202203240240,157.0,0.9
202203240245,202.0,0.9
202203240250,160.0,0.9
202203240255,191.0,0.9
202203240300,171.0,0.9
202203240310,172.0,0.9
202203240315,185.0,1.3
202203240320,213.0,1.3
202203240325,193.0,2.2
202203240330,193.0,2.2
202203240335,212.0,2.2
202203240340,201.0,1.8
202203240345,217.0,1.3
202203240350,193.0,1.3
202203240400,183.0,0.9
202203240410,191.0,0.9
202203240415,155.0,0.9
202203240420,204.0,0.9
202203240425,206.0,0.9
202203240430,157.0,0.9
202203240435,204.0,0.9
202203240440,205.0,0.9
202203240445,192.0,0.9
202203240455,219.0,2.2
202203240500,197.0,1.8
202203240510,189.0,0.9
202203240515,205.0,0.9
202203240520,195.0,1.3
202203240525,154.0,1.3
202203240530,224.0,1.3
202203240535,194.0,1.3
202203240540,233.0,1.3
202203240545,213.0,1.3
202203240550,199.0,1.3
202203240555,201.0,1.3
202203240600,162.0,1.3
202203240610,200.0,0.9
202203240615,195.0,0.9
202203240620,181.0,0.9
202203240630,170.0,0.9
202203240635,,0.0
202203240640,,0.0
202203240645,,0.0
202203240650,207.0,0.4
202203240655,222.0,0.9
202203240700,182.0,1.3
202203240710,244.0,1.8
202203240715,218.0,0.9
202203240720,212.0,0.9
202203240725,201.0,0.9
202203240730,209.0,0.9
202203240735,268.0,0.9
202203240740,184.0,0.9
202203240745,209.0,0.4
202203240750,222.0,0.4
202203240755,,0.0
202203240800,214.0,0.4
202203240810,205.0,0.9
202203240815,244.0,0.9
202203240820,223.0,0.9
202203240825,218.0,0.4
202203240830,176.0,0.4
202203240835,,0.0
202203240840,227.0,0.4
202203240845,211.0,0.9
202203240850,214.0,1.3
202203240900,214.0,1.8
202203240910,204.0,2.2
202203240915,215.0,0.9
202203240920,238.0,0.9
202203240925,211.0,0.9
202203240930,219.0,0.9
202203240940,225.0,0.9
202203240945,231.0,0.9
202203240955,,0.0
202203241000,224.0,0.4
202203241010,222.0,0.4
202203241015,,0.0
202203241020,207.0,0.4
202203241025,242.0,0.4
202203241030,230.0,0.4
202203241035,220.0,0.4
202203241040,249.0,0.4
202203241045,238.0,0.4
202203241050,273.0,0.4
202203241055,,0.0
202203241100,319.0,0.4
202203241110,335.0,0.9
202203241115,312.0,0.9
202203241120,336.0,0.9
202203241125,325.0,0.9
202203241130,329.0,0.9
202203241135,,0.0
202203241140,,0.0
202203241145,,0.0
202203241150,299.0,0.4
202203241155,291.0,0.9
202203241200,231.0,0.9
202203241210,271.0,0.9
202203241215,,0.0
202203241220,19.0,0.4
202203241225,259.0,0.9
202203241230,311.0,0.9
202203241235,290.0,0.9
202203241240,216.0,0.9
202203241245,,0.0
202203241250,,0.0
202203241255,,0.0
202203241300,286.0,0.4
202203241310,300.0,0.9
202203241315,299.0,0.4
202203241320,306.0,0.4
202203241325,231.0,0.9
202203241330,304.0,0.9
202203241335,297.0,0.9
202203241345,295.0,1.3
202203241350,282.0,1.3
202203241355,224.0,1.3
202203241400,317.0,1.3
202203241415,300.0,0.9
202203241420,293.0,0.9
202203241425,298.0,0.9
202203241430,286.0,0.9
202203241435,289.0,0.9
202203241440,310.0,0.9
202203241445,280.0,0.9
202203241450,304.0,0.9
202203241455,325.0,0.9
202203241500,339.0,1.3
202203241510,280.0,1.3
202203241515,226.0,0.9
202203241520,333.0,0.9
202203241525,220.0,0.9
202203241530,215.0,0.9
202203241535,238.0,0.9
202203241540,311.0,0.9
202203241545,265.0,0.4
202203241550,242.0,0.4
202203241555,,0.0
202203241600,315.0,0.4
202203241610,300.0,0.9
202203241615,306.0,0.4
202203241620,328.0,0.4
202203241625,319.0,0.9
202203241635,319.0,0.9
202203241640,328.0,1.3
202203241645,223.0,2.2
202203241650,282.0,1.8
202203241655,250.0,0.9
202203241700,276.0,0.9
202203241710,324.0,0.9
202203241715,352.0,0.9
202203241720,330.0,0.9
202203241725,207.0,0.9
202203241730,212.0,1.3
202203241735,274.0,1.3
202203241740,252.0,1.3
202203241745,269.0,1.3
202203241755,326.0,0.9
202203241810,344.0,1.3
202203241815,330.0,1.3
202203241820,237.0,1.3
202203241825,283.0,0.9
202203241830,256.0,0.9
202203241835,326.0,0.9
202203241840,317.0,0.9
202203241845,247.0,0.9
202203241850,246.0,0.9
202203241855,246.0,0.9
202203241900,230.0,0.9
202203241910,306.0,0.9
202203241915,230.0,0.9
202203241920,297.0,0.9
202203241930,226.0,1.3
202203241935,338.0,1.3
202203241940,258.0,1.3
202203241945,237.0,0.9
202203241950,235.0,0.9
202203241955,230.0,0.9
202203242000,292.0,1.3
202203242010,218.0,1.3
202203242015,171.0,1.3
202203242020,196.0,1.3
202203242025,243.0,1.3
202203242030,226.0,1.3
202203242035,251.0,0.9
202203242040,223.0,0.9
202203242045,214.0,0.9
202203242050,214.0,1.3
202203242055,212.0,1.3
202203242100,197.0,1.3
202203242110,241.0,1.3
202203242115,251.0,1.3
202203242120,217.0,1.3
202203242125,207.0,0.9
202203242130,217.0,1.3
202203242135,235.0,2.2
202203242140,214.0,1.8
202203242145,226.0,1.3
202203242150,257.0,1.3
202203242155,,0.0
202203242200,223.0,0.4
202203242210,227.0,0.9
202203242215,204.0,0.9
202203242220,191.0,0.9
202203242225,181.0,0.9
202203242230,124.0,0.9
202203242235,237.0,0.9
202203242240,209.0,0.9
202203242245,178.0,0.9
202203242250,191.0,0.9
202203242255,189.0,0.4
202203242300,126.0,0.4
202203242310,,0.0
202203242315,,0.0
202203242320,,0.0
202203242325,204.0,0.4
202203242330,214.0,0.4
202203242335,202.0,0.4
202203242340,153.0,0.4
202203242345,,0.0
202203250000,225.0,0.4
202203250010,212.0,0.9
202203250015,147.0,0.9
202203250020,179.0,0.9
202203250025,181.0,0.9
202203250030,136.0,0.9
202203250035,194.0,0.4
202203250040,233.0,0.4
202203250045,,0.0
202203250050,,0.0
202203250055,,0.0
202203250100,204.0,0.4
202203250110,89.0,1.3
202203250115,199.0,1.3
202203250120,186.0,1.3
202203250125,187.0,0.9
202203250130,183.0,0.9
202203250135,,0.0
202203250140,,0.0
202203250145,,0.0
202203250150,221.0,0.4
202203250155,219.0,0.9
202203250200,223.0,0.9
202203250210,200.0,0.9
202203250215,209.0,0.9
202203250220,226.0,0.9
202203250225,210.0,0.9
202203250230,189.0,0.9
202203250235,208.0,0.9
202203250240,217.0,0.9
202203250245,,0.0
202203250250,,0.0
202203250255,,0.0
202203250300,,0.0
202203250310,,0.0
202203250315,,0.0
202203250320,209.0,0.4
202203250325,230.0,0.9
202203250330,208.0,0.9
202203250335,236.0,0.9
202203250340,227.0,0.9
202203250345,204.0,0.9
202203250355,237.0,0.9
202203250400,282.0,0.9
202203250410,313.0,0.9
202203250415,,0.0
202203250420,270.0,0.4
202203250425,230.0,0.9
202203250430,214.0,0.9
202203250435,228.0,0.9
202203250445,231.0,0.9
202203250450,214.0,0.9
202203250455,217.0,0.9
202203250500,240.0,1.3
202203250510,211.0,1.3
202203250515,234.0,1.3
202203250520,227.0,1.3
202203250535,216.0,0.9
202203250545,227.0,0.9
202203250550,227.0,1.3
202203250555,229.0,1.3
202203250600,239.0,1.3
202203250610,223.0,0.9
202203250615,215.0,0.9
202203250620,226.0,0.9
202203250625,218.0,0.9
202203250630,225.0,0.9
202203250635,218.0,0.9
202203250640,214.0,0.9
202203250645,214.0,0.9
202203250650,220.0,0.9
202203250710,229.0,0.9
202203250715,206.0,0.9
202203250720,203.0,0.9
202203250725,205.0,0.9
202203250730,212.0,0.9
202203250735,217.0,0.4
202203250740,200.0,0.9
202203250745,198.0,0.9
202203250750,206.0,0.9
202203250755,218.0,0.9
202203250800,205.0,0.9
202203250810,200.0,0.9
202203250815,197.0,0.4
202203250820,197.0,0.4
202203250825,,0.0
202203250830,,0.0
202203250835,,0.0
202203250840,,0.0
202203250845,,0.0
202203250850,,0.0
202203250855,,0.0
202203250900,,0.0
202203250910,,0.0
202203250915,,0.0
202203250925,,0.0
202203250930,,0.0
202203250935,,0.0
202203250940,,0.0
202203250945,,0.0
202203250950,,0.0
202203250955,,0.0
202203251000,,0.0
202203251010,,0.0
202203251015,,0.0
202203251020,,0.0
202203251025,,0.0
202203251030,229.0,0.4
202203251035,222.0,0.9
202203251040,220.0,0.9
202203251045,226.0,0.9
202203251050,239.0,1.3
202203251055,214.0,2.2
202203251100,230.0,1.8
202203251110,220.0,1.3
202203251115,214.0,1.3
202203251120,218.0,1.3
202203251125,228.0,0.9
202203251130,226.0,0.9
202203251135,,0.0
202203251140,203.0,0.4
202203251145,219.0,0.4
202203251150,201.0,0.4
202203251155,,0.0
202203251200,,0.0
202203251210,,0.0
202203251220,,0.0
202203251225,,0.0
202203251230,202.0,0.4
202203251235,202.0,0.4
202203251240,211.0,0.9
202203251245,208.0,0.9
202203251250,210.0,0.9
202203251255,219.0,0.9
202203251300,231.0,1.3
202203251315,229.0,0.9
202203251320,221.0,0.9
202203251325,227.0,0.9
202203251330,254.0,0.9
202203251335,224.0,0.9
202203251340,215.0,0.9
202203251345,209.0,0.9
202203251350,208.0,1.3
202203251355,189.0,2.2
202203251410,211.0,0.9
202203251415,182.0,1.3
202203251420,226.0,1.3
202203251425,164.0,0.9
202203251430,263.0,0.9
202203251435,164.0,0.9
202203251440,198.0,1.3
202203251445,198.0,2.2
202203251450,189.0,1.8
202203251455,172.0,1.3
202203251500,194.0,1.3
202203251510,221.0,1.3
202203251515,218.0,1.3
202203251520,197.0,1.3
202203251525,215.0,0.9
202203251530,209.0,1.3
202203251535,209.0,2.2
202203251540,194.0,2.2
202203251545,247.0,2.2
202203251550,313.0,2.2
202203251555,218.0,2.2
202203251600,213.0,1.8
202203251610,279.0,1.3
202203251615,218.0,1.3
202203251620,238.0,1.8
202203251625,241.0,2.7
202203251630,238.0,2.2
202203251635,220.0,2.2
202203251645,242.0,2.7
202203251650,280.0,2.7
202203251655,287.0,3.1
202203251700,212.0,3.1
202203251710,267.0,2.7
202203251715,253.0,3.1
202203251720,213.0,3.1
202203251730,285.0,3.1
202203251735,221.0,2.7
202203251740,288.0,2.2
202203251745,328.0,2.2
202203251750,326.0,2.2
202203251755,263.0,2.7
202203251800,232.0,2.7
202203251810,244.0,2.7
202203251815,267.0,2.2
202203251820,296.0,2.2
202203251825,295.0,3.1
202203251830,237.0,3.1
202203251835,236.0,3.1
202203251840,337.0,2.7
202203251845,226.0,2.7
202203251850,278.0,2.7
202203251855,264.0,3.1
202203251900,320.0,2.7
202203251910,246.0,2.2
202203251915,286.0,3.1
202203251920,300.0,3.1
202203251925,325.0,3.1
202203251930,235.0,3.1
202203251935,315.0,3.1
202203251940,283.0,3.1
202203251945,284.0,3.1
202203251950,327.0,3.1
202203251955,309.0,3.1
202203252000,289.0,3.1
202203252010,263.0,3.1
202203252015,311.0,2.7
202203252020,335.0,2.7
202203252025,223.0,3.1
202203252030,337.0,3.1
202203252035,285.0,2.7
202203252040,318.0,2.7
202203252045,285.0,2.7
202203252050,296.0,2.7
202203252055,305.0,3.6
202203252100,288.0,3.6
202203252110,286.0,3.1
202203252115,280.0,2.7
202203252120,262.0,2.7
202203252125,230.0,2.2
202203252130,242.0,2.2
202203252135,261.0,2.7
202203252140,322.0,2.7
202203252145,224.0,2.7
202203252150,276.0,2.7
202203252155,289.0,2.7
202203252210,323.0,3.1
202203252215,250.0,4.0
202203252220,323.0,4.0
202203252225,294.0,3.1
202203252230,313.0,3.1
202203252235,334.0,2.7
202203252240,321.0,2.7
202203252245,264.0,2.7
202203252250,288.0,2.7
202203252255,285.0,2.7
202203252300,329.0,2.7
202203252310,315.0,2.7
202203252315,299.0,2.7
202203252320,319.0,2.7
202203252325,316.0,2.2
202203252330,327.0,2.2
202203252335,305.0,1.3
202203252340,315.0,1.8
202203252345,326.0,2.7
202203252350,318.0,2.7
202203252355,308.0,2.2
202203260000,307.0,2.2
202203260010,310.0,2.2
202203260015,316.0,1.3
202203260020,328.0,1.3
202203260025,304.0,1.3
202203260035,321.0,0.9
202203260040,300.0,0.9
202203260045,312.0,0.9
202203260050,316.0,0.9
202203260055,331.0,0.4
202203260100,326.0,0.4
202203260110,277.0,0.4
202203260115,282.0,0.9
202203260120,311.0,0.9
202203260125,289.0,0.4
202203260130,305.0,0.4
202203260135,305.0,0.4
202203260140,322.0,0.4
202203260145,317.0,0.4
202203260150,284.0,0.4
202203260155,344.0,0.4
202203260200,326.0,0.4
202203260210,333.0,0.9
202203260215,318.0,0.9
202203260220,311.0,0.9
202203260225,312.0,0.9
202203260230,328.0,0.9
202203260235,315.0,0.9
202203260240,325.0,0.9
202203260245,328.0,0.9
202203260250,329.0,0.9
202203260255,310.0,0.9
202203260300,293.0,0.9
202203260315,330.0,1.3
202203260320,317.0,1.3
202203260325,311.0,1.3
202203260330,311.0,1.3
202203260335,337.0,0.9
202203260340,305.0,0.9
202203260345,327.0,0.9
202203260350,298.0,0.9
202203260355,286.0,0.9
202203260400,318.0,0.9
202203260410,271.0,0.9
202203260415,284.0,0.4
202203260420,307.0,0.4
202203260425,280.0,0.4
202203260430,299.0,0.4
202203260435,322.0,0.4
202203260440,267.0,0.4
202203260450,303.0,0.4
202203260455,,0.0
202203260500,,0.0
202203260510,,0.0
202203260515,,0.0
202203260520,,0.0
202203260525,,0.0
202203260530,,0.0
202203260535,,0.0
202203260540,,0.0
202203260545,,0.0
202203260550,,0.0
202203260555,,0.0
202203260600,,0.0
202203260610,,0.0
202203260615,,0.0
202203260620,,0.0
202203260625,,0.0
202203260630,,0.0
202203260635,,0.0
202203260640,295.0,0.4
202203260645,299.0,0.9
202203260650,282.0,0.9
202203260655,267.0,0.9
202203260700,254.0,0.9
202203260710,300.0,0.9
202203260715,317.0,0.9
202203260720,307.0,0.9
202203260725,321.0,1.3
202203260730,298.0,1.3
202203260735,305.0,2.2
202203260740,308.0,1.8
202203260745,317.0,1.3
202203260750,316.0,1.3
202203260755,296.0,0.9
202203260800,293.0,0.9
202203260810,288.0,0.9
202203260815,294.0,0.9
202203260820,290.0,0.9
202203260825,300.0,0.9
202203260830,272.0,0.9
202203260835,283.0,0.9
202203260840,258.0,0.9
202203260845,318.0,0.4
202203260850,252.0,0.4
202203260855,,0.0
202203260900,,0.0
202203260910,270.0,0.4
202203260915,,0.0
202203260920,,0.0
202203260925,,0.0
202203260930,,0.0
202203260935,273.0,0.4
202203260940,249.0,0.4
202203260945,,0.0
202203260950,,0.0
202203260955,,0.0
202203261000,,0.0
202203261015,207.0,0.9
202203261020,219.0,0.9
202203261025,211.0,0.9
202203261035,223.0,0.9
202203261040,214.0,0.9
202203261045,215.0,0.4
202203261050,232.0,0.4
202203261055,215.0,0.9
202203261100,216.0,0.9
202203261110,212.0,0.4
202203261115,225.0,0.9
202203261120,231.0,0.9
202203261125,212.0,0.9
202203261130,231.0,0.9
202203261135,222.0,0.9
202203261140,234.0,0.9
202203261145,214.0,0.9
202203261150,225.0,1.3
202203261155,210.0,1.3
202203261200,220.0,1.3
202203261210,217.0,1.3
202203261215,239.0,1.3
202203261220,229.0,1.3
202203261225,204.0,1.3
202203261230,231.0,1.3
202203261235,272.0,1.3
202203261240,211.0,1.3
202203261245,249.0,1.3
202203261250,235.0,1.3
202203261255,218.0,2.2
202203261300,244.0,1.8
202203261310,281.0,1.3
202203261320,283.0,1.8
202203261325,294.0,1.3
202203261330,300.0,1.8
202203261335,295.0,2.2
202203261340,243.0,2.2
202203261345,257.0,2.2
202203261350,306.0,2.2
202203261355,329.0,2.2
202203261400,333.0,2.2
202203261410,259.0,2.2
202203261415,320.0,2.2
202203261420,321.0,2.2
202203261425,322.0,2.2
202203261430,323.0,2.2
202203261435,286.0,3.1
202203261440,308.0,3.1
202203261445,266.0,3.1
202203261450,310.0,2.7
202203261455,336.0,2.7
202203261500,318.0,2.7
202203261510,319.0,3.1
202203261520,210.0,2.2
202203261525,315.0,3.1
202203261530,288.0,3.1
202203261535,289.0,2.7
202203261540,330.0,2.7
202203261545,279.0,2.7
202203261555,318.0,2.7
202203261600,283.0,2.7
202203261610,322.0,2.7
202203261615,221.0,2.7
202203261620,273.0,2.7
202203261625,224.0,3.1
202203261630,221.0,2.7
202203261635,328.0,2.7
202203261640,330.0,2.7
202203261645,308.0,2.7
202203261650,324.0,2.7
202203261700,334.0,2.7
202203261710,332.0,3.6
202203261715,321.0,3.6
202203261720,270.0,3.1
202203261725,324.0,3.1
202203261730,295.0,3.1
202203261735,320.0,3.6
202203261740,328.0,3.6
202203261745,294.0,4.0
202203261750,224.0,4.0
202203261755,332.0,3.1
202203261800,320.0,3.1
202203261810,237.0,3.1
202203261815,235.0,3.1
202203261820,292.0,2.7
202203261825,330.0,2.2
202203261830,280.0,2.2
202203261835,253.0,3.1
202203261840,197.0,2.7
202203261855,324.0,3.1
202203261900,210.0,2.7
202203261910,253.0,2.7
202203261915,316.0,2.7
202203261920,277.0,2.7
202203261925,284.0,3.6
202203261930,296.0,3.1
202203261935,268.0,3.1
202203261940,330.0,3.1
202203261945,320.0,3.1
202203262000,261.0,3.1
202203262010,246.0,2.2
202203262015,337.0,3.6
202203262020,338.0,3.6
202203262025,317.0,3.1
202203262030,252.0,3.1
202203262035,276.0,2.7
202203262040,305.0,2.7
202203262045,237.0,2.7
202203262050,235.0,2.7
202203262055,304.0,3.1
202203262100,298.0,3.1
202203262110,297.0,3.1
202203262115,312.0,2.7
202203262120,244.0,2.7
202203262125,320.0,2.7
202203262130,323.0,2.7
202203262135,311.0,3.1
202203262140,300.0,3.1
202203262145,257.0,3.1
202203262150,338.0,3.1
202203262155,234.0,2.7
202203262200,327.0,2.7
202203262210,211.0,2.7
202203262215,324.0,2.7
202203262220,321.0,2.7
202203262225,308.0,3.6
202203262230,338.0,3.6
202203262235,319.0,4.0
202203262240,306.0,3.6
202203262245,283.0,2.7
202203262250,326.0,2.7
202203262255,331.0,2.7
202203262300,237.0,2.7
202203262310,293.0,2.7
202203262315,324.0,2.7
202203262320,287.0,2.2
202203262325,234.0,1.3
202203262330,283.0,1.3
202203262335,295.0,2.2
202203262340,291.0,2.2
202203262345,305.0,2.2
202203262350,260.0,2.2
202203262355,294.0,2.2
202203270000,291.0,2.2
202203270010,253.0,1.8
202203270015,189.0,1.3
202203270020,305.0,1.3
202203270025,313.0,1.3
202203270030,326.0,1.3
202203270035,305.0,0.9
202203270040,288.0,1.3
202203270045,302.0,1.3
202203270050,299.0,1.3
202203270055,243.0,0.9
202203270100,260.0,0.9
202203270110,274.0,1.3
202203270115,279.0,1.3
202203270120,299.0,1.3
202203270125,231.0,1.3
202203270130,305.0,1.3
202203270135,316.0,0.9
202203270140,235.0,0.9
202203270145,310.0,0.9
202203270150,266.0,0.9
202203270155,312.0,0.9
202203270200,306.0,0.9
202203270210,233.0,0.9
202203270215,292.0,0.9
202203270225,277.0,0.9
202203270230,247.0,0.9
202203270235,234.0,1.3
202203270240,270.0,1.3
202203270245,253.0,1.3
202203270250,311.0,1.3
202203270255,279.0,0.9
202203270300,251.0,0.9
202203270310,281.0,0.9
202203270315,279.0,0.9
202203270320,305.0,0.9
202203270325,240.0,0.9
202203270330,260.0,0.9
202203270335,299.0,1.3
202203270340,299.0,1.3
202203270345,301.0,0.9
202203270355,282.0,0.9
202203270400,292.0,0.9
202203270415,260.0,1.3
202203270420,332.0,1.3
202203270425,299.0,1.3
202203270430,290.0,1.3
202203270435,297.0,1.3
202203270440,291.0,1.3
202203270445,300.0,1.3
202203270455,282.0,1.3
202203270500,320.0,1.3
202203270510,339.0,1.8
202203270515,324.0,1.3
202203270520,312.0,1.3
202203270525,326.0,2.2
202203270530,304.0,2.2
202203270535,327.0,2.2
202203270540,331.0,2.2
202203270545,335.0,2.2
202203270550,325.0,2.2
202203270555,332.0,2.7
202203270600,318.0,2.7
202203270610,338.0,3.1
202203270615,319.0,2.2
202203270625,313.0,0.9
202203270630,305.0,0.9
202203270635,297.0,0.4
202203270640,290.0,0.4
202203270645,,0.0
202203270650,290.0,0.4
202203270655,320.0,0.9
202203270700,299.0,0.9
202203270710,289.0,0.9
202203270715,,0.0
202203270720,,0.0
202203270725,328.0,0.4
202203270730,196.0,0.4
202203270735,,0.0
202203270745,,0.0
202203270750,,0.0
202203270755,,0.0
202203270800,,0.0
202203270810,,0.0
202203270815,,0.0
202203270820,,0.0
202203270825,,0.0
202203270830,,0.0
202203270835,,0.0
202203270840,,0.0
202203270845,,0.0
202203270850,,0.0
202203270855,,0.0
202203270900,,0.0
202203270910,,0.0
202203270915,247.0,0.4
202203270920,230.0,0.4
202203270925,216.0,0.4
202203270930,230.0,0.4
202203270935,,0.0
202203270940,,0.0
202203270945,228.0,0.4
202203270950,220.0,0.4
202203270955,221.0,0.4
202203271000,222.0,0.9
202203271015,227.0,0.4
202203271020,224.0,0.4
202203271025,,0.0
202203271030,,0.0
202203271035,,0.0
202203271040,,0.0
202203271045,,0.0
202203271050,,0.0
202203271055,,0.0
202203271100,,0.0
202203271110,,0.0
202203271115,,0.0
202203271120,,0.0
202203271125,,0.0
202203271130,,0.0
202203271135,,0.0
202203271140,,0.0
202203271145,,0.0
202203271150,,0.0
202203271155,255.0,0.4
202203271200,229.0,0.4
202203271210,208.0,0.9
202203271215,255.0,0.4
202203271220,251.0,0.4
202203271225,292.0,0.9
202203271230,307.0,0.9
202203271235,225.0,0.9
202203271240,293.0,0.9
202203271245,295.0,0.9
202203271250,236.0,0.9
202203271255,248.0,1.3
202203271300,292.0,1.3
202203271310,236.0,1.3
202203271315,279.0,0.9
202203271320,294.0,1.3
202203271325,293.0,1.3
202203271330,313.0,1.3
202203271335,263.0,2.2
202203271340,335.0,2.2
202203271345,300.0,2.2
202203271350,310.0,2.2
202203271355,324.0,2.2
202203271400,308.0,2.2
202203271410,298.0,2.7
202203271415,271.0,2.7
202203271420,288.0,2.7
202203271425,224.0,2.2
202203271430,263.0,2.2
202203271440,321.0,2.2
202203271445,342.0,2.2
202203271450,332.0,2.2
202203271455,319.0,2.7
202203271500,328.0,2.7
202203271510,342.0,3.1
202203271515,306.0,3.1
202203271520,285.0,2.7
202203271525,324.0,2.2
202203271530,283.0,2.2
202203271535,329.0,2.7
202203271540,330.0,2.7
202203271545,324.0,3.1
202203271550,297.0,2.7
202203271555,316.0,2.7
202203271600,245.0,2.7
202203271610,310.0,2.7
202203271615,321.0,2.7
202203271620,300.0,2.7
202203271625,248.0,2.2
202203271630,304.0,2.2
202203271635,309.0,2.2
202203271640,335.0,2.2
202203271645,326.0,3.1
202203271650,345.0,3.1
202203271655,336.0,4.0
202203271710,323.0,4.0
202203271715,326.0,3.1
202203271720,345.0,3.1
202203271725,295.0,4.5
202203271730,296.0,4.0
202203271735,296.0,2.7
202203271740,293.0,2.7
202203271745,333.0,2.7
202203271750,292.0,2.7
202203271755,278.0,3.1
202203271800,285.0,2.7
202203271810,295.0,2.7
202203271815,333.0,3.1
202203271820,303.0,3.1
202203271825,228.0,2.7
202203271830,290.0,2.7
202203271835,234.0,2.7
202203271840,294.0,2.7
202203271845,300.0,3.1
202203271850,263.0,3.1
202203271855,304.0,3.1
202203271900,314.0,3.1
202203271910,329.0,3.1
202203271915,319.0,3.1
202203271920,275.0,3.1
202203271925,305.0,3.1
202203271935,299.0,3.1
202203271940,293.0,3.1
202203271945,316.0,2.7
202203271950,325.0,2.7
202203271955,315.0,3.1
202203272000,326.0,3.1
202203272010,319.0,3.6
202203272015,317.0,3.1
202203272020,333.0,3.1
202203272025,323.0,3.1
202203272030,259.0,3.1
202203272035,290.0,3.6
202203272040,331.0,3.1
202203272045,293.0,2.7
202203272050,316.0,2.7
202203272055,329.0,3.1
202203272100,288.0,3.1
202203272110,244.0,2.7
202203272115,258.0,2.2
202203272120,275.0,2.2
202203272125,331.0,2.7
202203272130,289.0,2.7
202203272135,319.0,3.6
202203272140,315.0,3.1
202203272145,303.0,2.2
202203272150,297.0,2.2
202203272155,226.0,2.7
202203272210,323.0,2.2
202203272215,295.0,2.2
202203272220,283.0,2.2
202203272225,275.0,2.2
202203272230,316.0,2.2
202203272235,312.0,2.7
202203272240,241.0,2.2
202203272245,300.0,2.2
202203272250,336.0,2.2
202203272255,301.0,2.2
202203272300,279.0,2.2
202203272310,315.0,2.2
202203272315,304.0,1.3
202203272320,335.0,1.8
202203272325,300.0,2.2
202203272330,307.0,2.2
202203272335,272.0,1.3
202203272340,272.0,1.3
202203272345,322.0,1.3
202203272350,274.0,1.3
202203272355,319.0,2.2
202203280000,313.0,2.2
202203280010,290.0,2.2
202203280015,285.0,1.3
202203280020,282.0,1.3
202203280025,310.0,2.2
202203280030,290.0,1.8
202203280035,321.0,1.3
202203280040,322.0,1.3
202203280045,310.0,0.9
202203280050,310.0,0.9
202203280055,294.0,0.9
202203280100,306.0,0.9
202203280110,304.0,0.9
202203280115,311.0,0.9
202203280120,305.0,0.9
202203280125,267.0,0.9
202203280130,296.0,0.9
202203280135,289.0,0.9
202203280140,298.0,0.9
202203280145,290.0,0.4
202203280150,286.0,0.4
202203280155,317.0,0.9
202203280200,271.0,0.9
202203280210,292.0,0.9
202203280215,311.0,0.4
202203280220,300.0,0.4
202203280225,,0.0
202203280230,293.0,0.4
202203280235,295.0,0.4
202203280240,294.0,0.4
202203280245,263.0,0.9
202203280250,322.0,0.9
202203280255,299.0,0.9
202203280300,294.0,0.9
202203280310,307.0,0.9
202203280315,312.0,0.4
202203280320,310.0,0.4
202203280325,287.0,0.9
202203280330,290.0,0.9
202203280335,293.0,0.9
202203280340,298.0,0.9
202203280345,300.0,0.4
202203280350,288.0,0.4
202203280355,281.0,0.4
202203280400,288.0,0.4
202203280410,301.0,0.9
202203280415,,0.0
202203280420,321.0,0.4
202203280425,321.0,0.9
202203280430,319.0,0.9
202203280435,305.0,0.9
202203280440,321.0,0.9
202203280445,316.0,0.4
202203280450,286.0,0.4
202203280455,,0.0
202203280500,,0.0
202203280510,294.0,0.4
202203280515,293.0,0.9
202203280520,304.0,0.9
202203280525,304.0,0.9
202203280530,282.0,0.9
202203280535,325.0,0.9
202203280540,310.0,0.9
202203280545,302.0,0.9
202203280550,297.0,0.9
202203280555,335.0,0.9
202203280600,337.0,1.3
202203280610,314.0,1.8
202203280615,332.0,1.3
202203280620,302.0,1.3
202203280625,334.0,0.9
202203280630,325.0,0.9
202203280635,312.0,0.9
202203280640,317.0,0.9
202203280645,299.0,0.9
202203280650,314.0,0.9
202203280655,304.0,0.4
202203280700,292.0,0.4
202203280710,,0.0
202203280715,290.0,0.4
202203280720,282.0,0.4
202203280725,297.0,0.4
202203280730,307.0,0.4
202203280735,296.0,0.9
202203280740,311.0,0.9
202203280745,,0.0
202203280750,,0.0
202203280755,282.0,0.4
202203280800,314.0,0.4
202203280810,,0.0
202203280815,,0.0
202203280820,,0.0
202203280825,321.0,0.4
202203280830,317.0,0.4
202203280835,305.0,0.4
202203280840,342.0,0.4
202203280845,314.0,0.9
202203280850,313.0,0.9
202203280855,302.0,0.9
202203280900,331.0,0.9
202203280910,321.0,0.4
202203280915,314.0,1.3
202203280920,321.0,1.3
202203280930,324.0,0.4
202203280935,316.0,0.9
202203280940,318.0,0.9
202203280945,320.0,0.9
202203280950,293.0,0.9
202203280955,225.0,0.4
202203281000,288.0,0.4
202203281010,,0.0
202203281015,,0.0
202203281020,,0.0
202203281025,,0.0
202203281035,,0.0
202203281040,,0.0
202203281045,,0.0
202203281050,,0.0
202203281055,,0.0
202203281100,,0.0
202203281110,264.0,0.4
202203281115,,0.0
202203281120,,0.0
202203281125,,0.0
202203281130,,0.0
202203281135,,0.0
202203281140,,0.0
202203281145,,0.0
202203281150,,0.0
202203281155,,0.0
202203281200,,0.0
202203281210,,0.0
202203281215,,0.0
202203281220,,0.0
202203281225,,0.0
202203281230,,0.0
202203281235,,0.0
202203281240,,0.0
202203281245,,0.0
202203281250,283.0,0.4
202203281255,239.0,0.9
202203281300,262.0,0.9
202203281310,,0.0
202203281315,315.0,0.4
202203281320,341.0,0.4
202203281325,302.0,0.4
202203281330,332.0,0.4
202203281335,350.0,0.9
202203281340,322.0,0.9
202203281345,319.0,1.3
202203281350,327.0,1.3
202203281355,311.0,2.2
202203281400,321.0,1.8
202203281410,352.0,0.9
202203281415,334.0,0.9
202203281420,318.0,1.3
202203281425,335.0,1.3
202203281435,356.0,1.3
202203281440,275.0,1.3
202203281445,242.0,0.9
202203281450,307.0,0.9
202203281455,334.0,0.9
202203281500,324.0,0.9
202203281510,269.0,0.9
202203281515,290.0,1.3
202203281520,304.0,1.3
202203281525,264.0,0.9
202203281530,224.0,0.9
202203281540,350.0,0.9
202203281545,244.0,2.2
202203281550,237.0,1.8
202203281555,265.0,1.3
202203281600,257.0,1.3
202203281610,321.0,0.9
202203281615,303.0,0.9
202203281620,195.0,0.9
202203281625,293.0,0.9
202203281630,338.0,0.9
202203281635,17.0,0.9
202203281640,174.0,0.9
202203281645,231.0,0.9
202203281650,291.0,0.9
202203281655,255.0,1.3
202203281700,298.0,1.3
202203281710,33.0,1.3
202203281715,310.0,1.3
202203281720,240.0,1.3
202203281725,116.0,1.3
202203281730,335.0,1.3
202203281735,330.0,1.3
202203281740,310.0,1.8
202203281745,286.0,2.7
202203281750,313.0,2.7
202203281755,341.0,1.3
202203281800,332.0,1.3
202203281810,331.0,1.3
202203281815,325.0,2.2
202203281820,339.0,2.2
202203281825,339.0,2.7
202203281830,218.0,2.2
202203281835,312.0,1.3
202203281840,328.0,1.3
202203281845,306.0,1.3
202203281850,326.0,1.3
202203281855,322.0,1.3
202203281900,231.0,1.3
202203281910,284.0,2.2
202203281915,222.0,1.3
202203281920,281.0,1.3
202203281925,330.0,2.7
202203281930,330.0,2.7
202203281935,326.0,3.1
202203281940,337.0,2.7
202203281945,325.0,2.7
202203281950,337.0,2.7
202203281955,331.0,2.7
202203282000,278.0,2.7
202203282010,290.0,2.2
202203282015,296.0,1.3
202203282020,264.0,1.3
202203282025,301.0,2.2
202203282030,322.0,2.2
202203282035,19.0,2.2
202203282040,315.0,2.2
202203282045,336.0,2.2
202203282050,336.0,2.2
202203282055,323.0,2.7
202203282110,315.0,1.3
202203282115,295.0,2.2
202203282120,330.0,2.2
202203282125,295.0,2.2
202203282130,220.0,2.2
202203282135,278.0,2.2
202203282140,328.0,2.2
202203282145,338.0,2.2
202203282150,343.0,2.2
202203282155,297.0,2.2
202203282200,271.0,2.2
202203282210,321.0,2.2
202203282215,286.0,2.2
202203282220,284.0,2.2
202203282225,325.0,2.2
202203282230,278.0,1.8
202203282235,281.0,1.3
202203282240,311.0,1.3
202203282245,255.0,1.3
202203282250,296.0,1.3
202203282255,244.0,0.9
202203282300,322.0,0.9
202203282310,284.0,1.3
202203282315,235.0,0.9
202203282320,295.0,0.9
202203282325,316.0,1.3
202203282330,291.0,1.3
202203282335,298.0,1.3
202203282345,246.0,0.9
202203282350,272.0,0.9
202203282355,,0.0
202203290000,,0.0
202203290010,,0.0
202203290015,,0.0
202203290020,,0.0
202203290025,,0.0
202203290030,,0.0
202203290035,312.0,0.4
202203290040,227.0,0.4
202203290045,289.0,0.4
202203290050,232.0,0.4
202203290055,294.0,0.4
202203290100,268.0,0.4
202203290110,285.0,0.4
202203290115,,0.0
202203290120,,0.0
202203290125,,0.0
202203290130,,0.0
202203290135,,0.0
202203290140,,0.0
202203290145,288.0,0.4
202203290150,263.0,0.4
202203290155,,0.0
202203290200,,0.0
202203290210,287.0,0.4
202203290215,294.0,0.9
202203290220,302.0,0.9
202203290225,295.0,0.9
202203290230,307.0,0.9
202203290235,293.0,0.9
202203290240,289.0,0.9
202203290245,310.0,0.9
202203290255,287.0,0.9
202203290300,294.0,0.9
202203290310,,0.0
202203290315,,0.0
202203290320,,0.0
202203290325,,0.0
202203290330,,0.0
202203290335,294.0,0.4
202203290340,326.0,0.4
202203290345,336.0,0.4
202203290355,,0.0
202203290400,,0.0
202203290410,,0.0
202203290415,,0.0
202203290420,,0.0
202203290425,323.0,0.4
202203290430,294.0,0.4
202203290435,,0.0
202203290440,,0.0
202203290445,,0.0
202203290450,,0.0
202203290455,,0.0
202203290500,,0.0
202203290510,,0.0
202203290515,,0.0
202203290520,,0.0
202203290525,,0.0
202203290530,,0.0
202203290535,,0.0
202203290540,,0.0
202203290545,,0.0
202203290550,,0.0
202203290555,,0.0
202203290600,,0.0
202203290610,,0.0
202203290615,,0.0
202203290620,,0.0
202203290625,,0.0
202203290630,,0.0
202203290635,,0.0
202203290640,,0.0
202203290645,,0.0
202203290650,,0.0
202203290655,,0.0
202203290700,,0.0
202203290715,,0.0
202203290720,,0.0
202203290725,,0.0
202203290730,,0.0
202203290735,,0.0
202203290740,,0.0
202203290745,,0.0
202203290750,,0.0
202203290755,,0.0
202203290800,,0.0
202203290810,,0.0
202203290820,,0.0
202203290825,,0.0
202203290830,,0.0
202203290835,,0.0
202203290840,,0.0
202203290845,,0.0
202203290850,,0.0
202203290855,,0.0
202203290900,,0.0
202203290910,,0.0
202203290915,,0.0
202203290920,,0.0
202203290925,,0.0
202203290930,,0.0
202203290935,,0.0
202203290940,,0.0
202203290945,,0.0
202203290950,,0.0
202203290955,,0.0
202203291000,,0.0
202203291010,,0.0
202203291020,,0.0
202203291025,,0.0
202203291030,,0.0
202203291035,,0.0
202203291040,,0.0
202203291045,,0.0
202203291050,,0.0
202203291055,,0.0
202203291100,,0.0
202203291110,,0.0
202203291115,,0.0
202203291120,,0.0
202203291125,,0.0
202203291130,,0.0
202203291135,,0.0
202203291140,,0.0
202203291145,,0.0
202203291150,,0.0
202203291155,,0.0
202203291200,,0.0
202203291210,66.0,0.4
202203291215,,0.0
202203291220,,0.0
202203291230,,0.0
202203291235,112.0,0.4
202203291240,117.0,0.4
202203291245,,0.0
202203291255,92.0,0.9
202203291310,92.0,0.4
202203291315,98.0,0.4
202203291320,58.0,0.4
202203291325,82.0,0.4
202203291330,83.0,0.4
202203291335,87.0,0.4
202203291340,13.0,0.4
202203291345,97.0,0.9
202203291350,97.0,0.9
202203291400,106.0,0.9
202203291415,68.0,0.4
202203291420,91.0,0.4
202203291425,114.0,0.4
202203291430,101.0,0.4
202203291435,104.0,0.9
202203291440,95.0,0.9
202203291445,,0.0
202203291455,,0.0
202203291510,134.0,0.9
202203291515,58.0,0.9
202203291520,107.0,0.9
202203291525,,0.0
202203291530,,0.0
202203291535,,0.0
202203291545,136.0,0.9
202203291550,119.0,0.9
202203291555,,0.0
202203291600,,0.0
202203291610,,0.0
202203291615,,0.0
202203291620,,0.0
202203291625,,0.0
202203291630,,0.0
202203291635,,0.0
202203291640,,0.0
202203291645,,0.0
202203291650,,0.0
202203291655,122.0,0.4
202203291700,73.0,0.4
202203291710,64.0,0.9
202203291715,226.0,0.9
202203291725,,0.0
202203291730,165.0,0.4
202203291735,28.0,0.9
202203291740,168.0,0.9
202203291745,334.0,0.9
202203291750,323.0,0.9
202203291755,85.0,0.9
202203291800,101.0,0.9
202203291810,284.0,0.9
202203291815,,0.0
202203291820,,0.0
202203291825,91.0,0.4
202203291830,127.0,0.4
202203291835,118.0,0.9
202203291845,97.0,0.9
202203291850,71.0,0.9
202203291855,121.0,0.9
202203291900,79.0,0.9
202203291910,113.0,0.9
202203291915,117.0,0.9
202203291920,163.0,0.9
202203291925,137.0,0.4
202203291930,118.0,0.9
202203291935,325.0,0.9
202203291940,114.0,0.9
202203291945,49.0,0.4
202203291950,55.0,0.4
202203291955,89.0,0.4
202203292000,94.0,0.4
202203292010,251.0,0.9
202203292015,65.0,0.9
202203292020,326.0,0.9
202203292025,79.0,0.9
202203292030,96.0,0.9
202203292035,105.0,0.4
202203292040,134.0,0.4
202203292045,70.0,0.9
202203292050,117.0,0.9
202203292055,354.0,0.4
202203292100,240.0,0.4
202203292110,109.0,0.9
202203292115,154.0,0.9
202203292120,79.0,0.9
202203292125,146.0,0.4
202203292130,116.0,0.4
202203292135,128.0,0.4
202203292140,56.0,0.4
202203292145,90.0,0.4
202203292150,87.0,0.4
202203292155,,0.0
202203292200,,0.0
202203292210,,0.0
202203292215,,0.0
202203292220,,0.0
202203292225,128.0,0.4
202203292230,231.0,0.4
202203292235,,0.0
202203292240,,0.0
202203292245,,0.0
202203292250,,0.0
202203292255,,0.0
202203292300,,0.0
202203292310,,0.0
202203292315,,0.0
202203292320,,0.0
202203292325,,0.0
202203292330,,0.0
202203292335,,0.0
202203292340,,0.0
202203292345,,0.0
202203292350,,0.0
202203292355,,0.0
202203300000,,0.0
202203300010,,0.0
202203300015,,0.0
202203300020,,0.0
202203300025,,0.0
202203300030,,0.0
202203300035,,0.0
202203300040,,0.0
202203300045,,0.0
202203300050,,0.0
202203300055,,0.0
202203300100,,0.0
202203300110,,0.0
202203300115,,0.0
202203300120,,0.0
202203300125,,0.0
202203300130,,0.0
202203300135,,0.0
202203300140,,0.0
202203300145,,0.0
202203300150,,0.0
202203300155,,0.0
202203300200,,0.0
202203300210,,0.0
202203300215,,0.0
202203300220,,0.0
202203300225,,0.0
202203300230,,0.0
202203300235,123.0,0.4
202203300240,104.0,0.4
202203300245,,0.0
202203300250,,0.0
202203300255,,0.0
202203300300,,0.0
202203300310,,0.0
202203300315,,0.0
202203300320,,0.0
202203300325,,0.0
202203300330,,0.0
202203300335,,0.0
202203300340,,0.0
202203300345,147.0,0.4
202203300350,109.0,0.4
202203300355,76.0,0.4
202203300400,116.0,0.4
202203300410,,0.0
202203300415,,0.0
202203300420,,0.0
202203300425,,0.0
202203300430,,0.0
202203300435,,0.0
202203300440,,0.0
202203300445,131.0,0.4
202203300450,102.0,0.4
202203300455,117.0,0.4
202203300500,95.0,0.4
202203300510,121.0,0.4
202203300515,,0.0
202203300520,,0.0
202203300525,,0.0
202203300530,,0.0
202203300535,,0.0
202203300540,,0.0
202203300550,,0.0
202203300555,,0.0
202203300600,,0.0
202203300615,,0.0
202203300620,,0.0
202203300625,,0.0
202203300630,,0.0
202203300635,117.0,0.4
202203300640,108.0,0.4
202203300645,,0.0
202203300650,,0.0
202203300655,,0.0
202203300700,,0.0
202203300710,,0.0
202203300715,77.0,0.4
202203300720,10.0,0.4
202203300725,,0.0
202203300730,,0.0
202203300735,,0.0
202203300740,,0.0
202203300745,,0.0
202203300750,,0.0
202203300755,,0.0
202203300800,,0.0
202203300810,,0.0
202203300815,,0.0
202203300820,,0.0
202203300825,,0.0
202203300835,,0.0
202203300840,,0.0
202203300845,,0.0
202203300850,,0.0
202203300855,,0.0
202203300900,,0.0
202203300910,,0.0
202203300915,,0.0
202203300920,,0.0
202203300925,,0.0
202203300930,,0.0
202203300935,,0.0
202203300940,,0.0
202203300945,,0.0
202203300950,,0.0
202203300955,,0.0
202203301000,,0.0
202203301010,,0.0
202203301015,,0.0
202203301030,,0.0
202203301040,,0.0
202203301045,,0.0
202203301050,,0.0
202203301055,,0.0
202203301100,,0.0
202203301110,,0.0
202203301115,,0.0
202203301120,,0.0
202203301125,,0.0
202203301130,,0.0
202203301135,,0.0
202203301140,,0.0
202203301145,,0.0
202203301150,,0.0
202203301155,,0.0
202203301210,,0.0
202203301215,,0.0
202203301220,,0.0
202203301225,,0.0
202203301230,,0.0
202203301235,,0.0
202203301240,,0.0
202203301245,,0.0
202203301250,,0.0
202203301255,,0.0
202203301300,,0.0
202203301310,,0.0
202203301315,,0.0
202203301320,,0.0
202203301325,,0.0
202203301330,,0.0
202203301335,,0.0
202203301340,,0.0
202203301345,,0.0
202203301350,,0.0
202203301355,,0.0
202203301400,,0.0
202203301410,,0.0
202203301415,,0.0
202203301420,,0.0
202203301425,,0.0
202203301440,,0.0
202203301450,,0.0
202203301455,,0.0
202203301500,,0.0
202203301510,,0.0
202203301515,,0.0
202203301520,,0.0
202203301525,,0.0
202203301530,,0.0
202203301535,,0.0
202203301540,,0.0
202203301545,,0.0
202203301550,215.0,0.4
202203301555,200.0,0.9
202203301600,172.0,0.9
202203301610,206.0,0.4
202203301615,78.0,0.9
202203301620,212.0,0.9
202203301625,139.0,0.9
202203301630,123.0,0.9
202203301635,117.0,0.4
202203301640,123.0,0.4
202203301645,101.0,0.9
202203301650,78.0,0.9
202203301655,127.0,0.9
202203301700,131.0,0.9
202203301710,200.0,0.9
202203301715,159.0,1.3
202203301720,155.0,1.3
202203301725,149.0,2.2
202203301735,193.0,0.9
202203301740,118.0,0.9
202203301745,160.0,1.3
202203301750,93.0,1.3
202203301755,100.0,0.9
202203301800,112.0,0.9
202203301810,108.0,0.9
202203301815,140.0,0.9
202203301825,190.0,0.9
202203301830,177.0,1.3
202203301835,153.0,2.2
202203301840,175.0,2.2
202203301845,196.0,2.2
202203301850,136.0,1.8
202203301855,109.0,1.3
202203301900,121.0,1.3
202203301910,130.0,2.2
202203301915,150.0,2.2
202203301920,135.0,1.8
202203301925,93.0,1.3
202203301930,176.0,1.3
202203301935,135.0,2.2
202203301940,112.0,2.2
202203301945,175.0,2.2
202203301950,169.0,2.2
202203301955,149.0,2.2
202203302000,107.0,2.2
202203302010,189.0,2.2
202203302015,167.0,2.2
202203302020,102.0,2.2
202203302025,168.0,2.7
202203302030,169.0,2.7
202203302035,159.0,2.7
202203302040,148.0,2.7
202203302045,202.0,2.2
202203302050,122.0,2.2
202203302055,141.0,2.2
202203302100,159.0,2.2
202203302110,134.0,2.2
202203302115,145.0,2.2
202203302120,153.0,1.8
202203302125,105.0,1.3
202203302130,138.0,1.3
202203302135,146.0,2.2
202203302140,152.0,1.8
202203302145,136.0,1.3
202203302150,138.0,1.3
202203302155,169.0,2.2
202203302200,80.0,1.8
202203302210,130.0,1.3
202203302215,151.0,1.3
202203302220,147.0,1.3
202203302225,72.0,1.3
202203302230,114.0,1.3
202203302240,158.0,0.9
202203302245,126.0,1.3
202203302250,139.0,1.3
202203302255,138.0,1.3
202203302300,104.0,1.3
202203302310,114.0,1.3
202203302315,113.0,2.2
202203302320,137.0,1.8
202203302325,131.0,1.3
202203302330,170.0,1.3
202203302335,101.0,1.3
202203302340,121.0,1.3
202203302345,135.0,0.9
202203302350,103.0,0.9
202203302355,96.0,0.9
202203310000,125.0,0.9
202203310010,65.0,0.9
202203310015,124.0,0.9
202203310025,72.0,0.9
202203310030,126.0,0.9
202203310035,144.0,1.3
202203310040,143.0,1.3
202203310045,108.0,1.3
202203310050,130.0,1.3
202203310055,122.0,1.3
202203310100,143.0,1.3
202203310110,112.0,1.3
202203310115,110.0,0.9
202203310120,125.0,0.9
202203310125,130.0,1.3
202203310130,162.0,1.3
202203310135,105.0,0.9
202203310140,112.0,1.3
202203310145,142.0,1.3
202203310150,74.0,1.3
202203310155,135.0,0.9
202203310200,102.0,0.9
202203310215,134.0,0.9
202203310220,115.0,0.9
202203310225,132.0,1.3
202203310230,184.0,1.3
202203310235,150.0,0.9
202203310240,136.0,0.9
202203310245,159.0,0.9
202203310250,156.0,1.3
202203310255,116.0,1.3
202203310300,132.0,1.3
202203310310,158.0,0.9
202203310315,81.0,0.9
202203310320,111.0,0.9
202203310325,167.0,0.9
202203310330,126.0,0.9
202203310335,125.0,0.9
202203310340,137.0,0.9
202203310345,84.0,0.9
202203310350,118.0,0.9
202203310355,115.0,0.9
202203310410,105.0,1.3
202203310415,105.0,1.3
202203310420,84.0,0.9
202203310425,159.0,0.9
202203310430,172.0,0.9
202203310440,143.0,0.9
202203310445,112.0,0.9
202203310450,151.0,0.9
202203310455,94.0,0.9
202203310500,177.0,0.9
202203310510,128.0,0.9
202203310520,154.0,0.9
202203310525,117.0,0.9
202203310530,150.0,0.9
202203310535,181.0,0.9
202203310540,156.0,0.9
202203310545,158.0,0.9
202203310550,146.0,0.9
202203310555,142.0,0.9
202203310600,136.0,0.9
202203310610,165.0,0.9
202203310615,148.0,1.3
202203310620,190.0,1.3
202203310625,142.0,1.3
202203310630,111.0,1.3
202203310635,146.0,0.9
202203310640,116.0,0.9
202203310650,118.0,0.9
202203310655,144.0,0.9
202203310700,197.0,0.9
202203310710,167.0,0.9
202203310715,138.0,0.9
202203310720,129.0,1.3
202203310725,107.0,1.3
202203310730,161.0,1.3
202203310740,118.0,0.9
202203310745,136.0,0.9
202203310750,116.0,0.9
202203310755,149.0,0.9
202203310800,164.0,1.3
202203310810,131.0,1.3
202203310815,161.0,1.3
202203310820,108.0,1.3
202203310825,152.0,0.9
202203310830,131.0,0.9
202203310835,196.0,0.9
202203310840,157.0,1.3
202203310845,185.0,1.3
202203310850,178.0,1.3
202203310855,200.0,2.2
202203310900,184.0,1.8
202203310910,147.0,1.3
202203310915,144.0,2.2
202203310920,159.0,2.2
202203310925,187.0,2.2
202203310930,113.0,2.2
202203310935,164.0,2.2
202203310945,148.0,2.2
202203310950,102.0,2.2
202203310955,168.0,2.2
202203311015,159.0,1.3
202203311020,148.0,1.3
202203311025,74.0,1.3
202203311030,132.0,1.3
202203311035,26.0,0.9
202203311040,139.0,0.9
202203311045,117.0,0.9
202203311050,161.0,0.9
202203311055,147.0,0.9
202203311100,93.0,0.9
202203311110,100.0,0.9
202203311115,83.0,0.9
202203311120,228.0,0.9
202203311125,198.0,0.9
202203311130,157.0,0.9
202203311135,150.0,0.9
202203311140,146.0,1.3
202203311145,171.0,2.2
202203311150,132.0,1.8
202203311155,118.0,0.9
202203311200,156.0,0.9
202203311210,113.0,0.9
202203311215,149.0,0.9
202203311220,113.0,0.9
202203311225,151.0,0.9
202203311230,41.0,0.9
202203311235,238.0,0.4
202203311240,135.0,0.4
202203311245,105.0,0.9
202203311250,209.0,0.9
202203311255,162.0,0.4
202203311300,156.0,0.4
202203311310,161.0,0.9
202203311315,134.0,0.9
202203311320,116.0,0.9
202203311330,105.0,0.9
202203311340,146.0,0.9
202203311345,134.0,1.3
202203311350,112.0,1.3
202203311355,178.0,1.3
202203311400,108.0,1.3
202203311410,182.0,1.3
202203311415,143.0,0.9
202203311420,136.0,0.9
202203311425,189.0,0.9
202203311430,156.0,0.9
202203311445,87.0,1.3
202203311450,168.0,1.3
202203311455,182.0,1.3
202203311500,211.0,1.3
202203311510,223.0,2.2
202203311515,216.0,0.9
202203311520,225.0,1.3
202203311525,208.0,2.2
202203311530,212.0,2.2
202203311535,248.0,2.2
202203311540,301.0,1.8
202203311545,311.0,1.3
202203311550,264.0,1.3
202203311555,245.0,1.3
202203311600,261.0,1.3
202203311610,222.0,1.3
202203311615,197.0,2.2
202203311620,223.0,2.2
202203311625,199.0,2.2
202203311630,207.0,1.8
202203311635,197.0,1.3
202203311640,216.0,1.3
202203311645,217.0,2.7
202203311650,222.0,2.2
202203311655,224.0,2.2
202203311700,214.0,1.8
202203311710,237.0,1.3
202203311715,236.0,1.3
202203311720,236.0,1.3
202203311730,200.0,1.3
202203311735,186.0,2.2
202203311740,203.0,2.2
202203311745,179.0,2.2
202203311750,221.0,2.2
202203311755,193.0,2.2
202203311800,196.0,2.2
202203311810,232.0,2.2
202203311815,226.0,2.2
202203311820,221.0,2.2
202203311825,230.0,2.2
202203311830,209.0,2.2
202203311835,232.0,2.2
202203311840,250.0,2.2
202203311845,222.0,1.3
202203311855,211.0,2.7
202203311900,203.0,2.7
202203311910,198.0,2.7
202203311915,268.0,3.6
202203311920,213.0,3.1
202203311925,264.0,2.7
202203311930,215.0,2.7
202203311935,208.0,2.7
202203311940,202.0,2.7
202203311945,234.0,3.6
202203311950,201.0,3.6
202203311955,207.0,3.1
202203312000,277.0,3.1
202203312010,242.0,2.7
202203312015,272.0,2.7
202203312020,290.0,2.7
202203312025,225.0,2.2
202203312030,224.0,2.2
202203312035,251.0,2.7
202203312040,226.0,2.7
202203312045,236.0,2.2
202203312050,202.0,2.2
202203312055,185.0,2.7
202203312100,209.0,2.7
202203312110,220.0,3.1
202203312115,250.0,2.7
202203312120,185.0,2.7
202203312125,245.0,2.7
202203312130,208.0,2.7
202203312135,211.0,3.1
202203312140,220.0,3.1
202203312145,240.0,3.1
202203312150,207.0,3.1
202203312155,208.0,2.7
202203312200,216.0,2.7
202203312210,225.0,2.7
202203312215,218.0,3.1
202203312220,208.0,3.1
202203312225,225.0,3.1
202203312230,202.0,3.1
202203312235,211.0,2.7
202203312240,233.0,2.7
202203312245,228.0,2.7
202203312250,202.0,2.7
202203312255,237.0,2.2
202203312300,218.0,2.2
202203312310,219.0,2.2
202203312315,190.0,2.2
202203312320,214.0,2.2
202203312325,209.0,2.2
202203312330,233.0,2.2
202203312335,213.0,2.7
202203312340,216.0,2.7
202203312345,250.0,2.2
202203312350,223.0,1.8
202203312355,206.0,1.3
202204010000,204.0,1.3
202204010010,240.0,1.3
202204010015,228.0,0.9
202204010020,208.0,0.9
202204010025,,0.0
202204010030,,0.0
202204010035,,0.0
202204010040,,0.0
202204010045,,0.0
202204010050,,0.0
202204010055,,0.0
202204010100,,0.0
202204010110,248.0,0.4
202204010115,,0.0
202204010120,205.0,0.4
202204010125,230.0,0.9
202204010130,204.0,0.9
202204010135,196.0,0.9
202204010140,200.0,0.9
202204010145,184.0,0.9
202204010150,171.0,0.9
202204010155,211.0,0.9
202204010200,209.0,0.9
202204010215,205.0,0.4
202204010220,185.0,0.4
202204010225,,0.0
202204010235,183.0,0.4
202204010240,200.0,0.4
202204010245,231.0,0.9
202204010250,220.0,0.9
202204010255,208.0,0.4
202204010300,207.0,0.4
202204010310,207.0,0.9
202204010315,219.0,0.9
202204010320,219.0,0.9
202204010325,234.0,0.9
202204010335,224.0,0.9
202204010345,232.0,0.4
202204010350,220.0,0.4
202204010355,225.0,0.9
202204010400,206.0,0.9
202204010410,231.0,0.9
202204010415,222.0,0.9
202204010420,260.0,0.9
202204010425,228.0,0.4
202204010430,271.0,0.4
202204010435,,0.0
202204010440,,0.0
202204010445,,0.0
202204010450,,0.0
202204010455,274.0,0.4
202204010500,255.0,0.4
202204010510,269.0,0.4
202204010515,237.0,0.4
202204010520,222.0,0.4
202204010525,297.0,0.4
202204010530,301.0,0.4
202204010535,159.0,0.9
202204010540,305.0,0.9
202204010545,345.0,0.4
202204010550,290.0,0.4
202204010610,318.0,0.9
202204010615,323.0,0.9
202204010625,327.0,2.2
202204010635,316.0,2.2
202204010640,333.0,1.8
202204010645,339.0,1.3
202204010650,321.0,1.3
202204010655,322.0,2.2
202204010700,333.0,2.2
202204010710,308.0,2.7
202204010715,321.0,2.2
202204010720,306.0,2.2
202204010725,332.0,1.3
202204010730,292.0,1.3
202204010735,330.0,1.3
202204010740,321.0,1.3
202204010745,291.0,2.2
202204010750,297.0,1.8
202204010755,309.0,1.3
202204010800,336.0,1.3
202204010810,309.0,0.9
202204010815,302.0,0.9
202204010820,331.0,1.3
202204010825,320.0,1.3
202204010830,328.0,1.3
202204010835,308.0,0.9
202204010840,315.0,0.9
202204010845,317.0,0.9
202204010850,307.0,0.9
202204010855,326.0,0.9
202204010900,323.0,0.9
202204010910,317.0,0.9
202204010915,314.0,0.9
202204010920,314.0,0.9
202204010925,302.0,0.9
202204010930,313.0,0.9
202204010935,333.0,0.9
202204010940,323.0,0.9
202204010945,295.0,0.9
202204010950,317.0,0.9
202204010955,316.0,0.9
202204011000,313.0,0.9
202204011010,346.0,0.9
202204011015,292.0,0.4
202204011020,332.0,0.4
202204011025,313.0,0.9
202204011030,310.0,0.9
202204011035,286.0,0.9
202204011040,310.0,0.9
202204011045,292.0,0.4
202204011050,315.0,0.4
202204011055,300.0,0.9
202204011100,314.0,0.9
202204011110,280.0,0.9
202204011115,,0.0
202204011120,,0.0
202204011125,296.0,0.4
202204011130,309.0,0.4
202204011135,298.0,0.4
202204011140,299.0,0.4
202204011145,,0.0
202204011150,,0.0
202204011200,298.0,0.4
202204011210,284.0,0.9
202204011215,303.0,0.4
202204011220,290.0,0.4
202204011230,246.0,0.9
202204011235,331.0,0.9
202204011240,305.0,1.3
202204011245,279.0,1.3
202204011250,283.0,1.3
202204011255,297.0,2.2
202204011300,330.0,2.2
202204011315,321.0,2.2
202204011320,331.0,2.2
202204011325,334.0,2.2
202204011330,318.0,2.2
202204011335,325.0,2.2
202204011340,313.0,2.2
202204011345,277.0,2.7
202204011350,289.0,2.7
202204011355,335.0,2.2
202204011400,277.0,2.2
202204011410,258.0,2.7
202204011415,212.0,2.7
202204011420,307.0,2.7
202204011425,333.0,3.1
202204011430,292.0,3.1
202204011435,328.0,3.1
202204011440,279.0,2.7
202204011445,292.0,2.2
202204011450,303.0,2.2
202204011455,302.0,2.2
202204011500,225.0,2.2
202204011510,297.0,2.7
202204011515,341.0,2.7
202204011520,334.0,2.7
202204011525,321.0,2.7
202204011530,338.0,2.7
202204011535,319.0,2.7
202204011540,323.0,2.7
202204011545,322.0,2.7
202204011550,330.0,2.7
202204011555,312.0,2.7
202204011600,213.0,2.7
202204011610,228.0,2.2
202204011615,318.0,2.7
202204011620,316.0,2.7
202204011625,297.0,2.2
202204011635,320.0,2.2
202204011640,300.0,2.2
202204011645,292.0,2.2
202204011655,334.0,2.2
202204011700,303.0,2.2
202204011710,279.0,2.2
202204011720,265.0,2.7
202204011725,287.0,2.7
202204011730,272.0,2.7
202204011735,216.0,2.2
202204011740,294.0,2.2
202204011745,275.0,2.2
202204011750,213.0,2.2
202204011755,289.0,2.2
202204011800,315.0,2.2
202204011810,268.0,2.2
202204011815,238.0,2.2
202204011820,244.0,2.2
202204011825,212.0,2.7
202204011830,211.0,2.7
202204011835,301.0,2.7
202204011840,291.0,2.2
202204011845,244.0,2.2
202204011850,219.0,2.2
202204011855,305.0,2.2
202204011900,328.0,1.8
202204011910,237.0,1.3
202204011915,206.0,2.2
202204011920,309.0,2.2
202204011925,287.0,2.7
202204011930,343.0,2.2
202204011935,306.0,2.2
202204011940,334.0,2.2
202204011945,324.0,2.2
202204011950,332.0,2.2
202204011955,239.0,2.2
202204012000,232.0,2.2
202204012010,272.0,2.2
202204012015,309.0,2.2
202204012020,329.0,2.2
202204012025,327.0,2.2
202204012030,242.0,2.2
202204012035,296.0,2.2
202204012040,210.0,2.2
202204012045,326.0,1.3
202204012050,347.0,1.3
202204012055,301.0,2.2
202204012100,331.0,2.2
202204012110,0.0,2.2
202204012115,249.0,2.2
202204012120,321.0,2.2
202204012125,325.0,2.2
202204012130,260.0,1.8
202204012135,298.0,1.3
202204012140,331.0,1.3
202204012145,336.0,2.2
202204012150,228.0,2.2
202204012155,283.0,2.2
202204012200,340.0,1.8
202204012210,311.0,1.3
202204012215,317.0,0.9
202204012220,337.0,0.9
202204012225,314.0,0.9
202204012230,337.0,1.3
202204012235,288.0,2.2
202204012245,335.0,0.9
202204012250,217.0,0.9
202204012255,277.0,0.9
202204012310,329.0,0.4
202204012315,325.0,0.4
202204012320,284.0,0.4
202204012325,,0.0
202204012330,,0.0
202204012335,,0.0
202204012340,,0.0
202204012345,,0.0
202204012350,,0.0
202204012355,,0.0
202204020000,,0.0
202204020010,,0.0
202204020015,,0.0
202204020020,,0.0
202204020025,,0.0
202204020030,,0.0
202204020035,,0.0
202204020040,,0.0
202204020045,,0.0
202204020055,,0.0
202204020100,,0.0
202204020110,,0.0
202204020115,,0.0
202204020120,,0.0
202204020125,,0.0
202204020130,,0.0
202204020135,,0.0
202204020140,,0.0
202204020145,,0.0
202204020150,,0.0
202204020155,,0.0
202204020200,,0.0
202204020210,,0.0
202204020215,,0.0
202204020225,,0.0
202204020235,,0.0
202204020240,,0.0
202204020245,,0.0
202204020250,,0.0
202204020255,,0.0
202204020300,,0.0
202204020310,,0.0
202204020315,,0.0
202204020320,,0.0
202204020325,,0.0
202204020330,,0.0
202204020335,,0.0
202204020340,,0.0
202204020350,,0.0
202204020400,,0.0
202204020410,,0.0
202204020415,,0.0
202204020420,,0.0
202204020425,,0.0
202204020430,,0.0
202204020435,,0.0
202204020440,,0.0
202204020445,,0.0
202204020450,,0.0
202204020455,,0.0
202204020500,,0.0
202204020510,,0.0
202204020515,,0.0
202204020520,,0.0
202204020525,,0.0
202204020530,,0.0
202204020535,,0.0
202204020540,,0.0
202204020545,,0.0
202204020550,,0.0
202204020555,,0.0
202204020600,,0.0
202204020610,,0.0
202204020615,,0.0
202204020620,,0.0
202204020625,,0.0
202204020630,,0.0
202204020635,,0.0
202204020640,,0.0
202204020645,,0.0
202204020650,,0.0
202204020655,,0.0
202204020700,,0.0
202204020710,,0.0
202204020715,,0.0
202204020720,,0.0
202204020725,,0.0
202204020730,,0.0
202204020740,,0.0
202204020745,,0.0
202204020750,,0.0
202204020755,,0.0
202204020800,,0.0
202204020810,,0.0
202204020815,,0.0
202204020820,,0.0
202204020825,,0.0
202204020830,,0.0
202204020835,,0.0
202204020840,,0.0
202204020845,,0.0
202204020850,,0.0
202204020855,,0.0
202204020900,,0.0
202204020910,,0.0
202204020915,,0.0
202204020920,,0.0
202204020925,,0.0
202204020930,,0.0
202204020935,,0.0
202204020940,,0.0
202204020945,,0.0
202204020950,,0.0
202204020955,,0.0
202204021000,,0.0
202204021010,,0.0
202204021015,,0.0
202204021020,,0.0
202204021025,,0.0
202204021030,,0.0
202204021035,,0.0
202204021040,,0.0
202204021045,,0.0
202204021050,,0.0
202204021055,,0.0
202204021100,,0.0
202204021110,,0.0
202204021115,,0.0
202204021120,,0.0
202204021125,,0.0
202204021130,,0.0
202204021135,,0.0
202204021140,,0.0
202204021145,,0.0
202204021150,,0.0
202204021155,68.0,0.4
202204021200,120.0,0.4
202204021210,79.0,0.4
202204021215,,0.0
202204021220,54.0,0.4
202204021225,352.0,0.9
202204021230,52.0,0.9
202204021235,,0.0
202204021240,,0.0
202204021245,105.0,0.4
202204021250,79.0,0.4
202204021255,74.0,0.4
202204021300,74.0,0.4
202204021310,73.0,0.9
202204021315,106.0,0.4
202204021320,62.0,0.4
202204021325,40.0,0.4
202204021330,87.0,0.4
202204021335,108.0,0.4
202204021340,22.0,0.4
202204021345,47.0,0.4
202204021350,155.0,0.4
202204021355,94.0,0.4
202204021400,116.0,0.4
202204021410,38.0,0.4
202204021415,347.0,0.4
202204021420,304.0,0.4
202204021425,102.0,0.4
202204021430,33.0,0.4
202204021440,127.0,0.4
202204021445,119.0,0.9
202204021450,105.0,0.9
202204021455,121.0,0.9
202204021500,357.0,0.9
202204021510,,0.0
202204021515,103.0,0.4
202204021520,73.0,0.4
202204021525,66.0,0.9
202204021530,345.0,0.9
202204021535,96.0,0.9
202204021540,68.0,0.9
202204021545,,0.0
202204021550,61.0,0.4
202204021555,44.0,0.9
202204021610,,0.0
202204021615,,0.0
202204021620,,0.0
202204021625,,0.0
202204021630,,0.0
202204021635,111.0,0.4
202204021640,52.0,0.4
202204021645,,0.0
202204021650,,0.0
202204021655,321.0,0.4
202204021700,6.0,0.4
202204021710,,0.0
202204021715,,0.0
202204021720,,0.0
202204021725,155.0,0.4
202204021730,166.0,0.4
202204021735,297.0,0.4
202204021740,117.0,0.4
202204021745,241.0,0.4
202204021750,227.0,0.4
202204021755,73.0,0.9
202204021800,143.0,0.9
202204021810,281.0,0.9
202204021815,316.0,0.9
202204021825,47.0,0.9
202204021830,337.0,0.9
202204021835,317.0,0.9
202204021840,21.0,0.9
202204021845,347.0,0.9
202204021850,297.0,1.3
202204021855,41.0,1.3
202204021900,346.0,1.3
202204021910,228.0,0.9
202204021915,279.0,1.3
202204021920,9.0,1.3
202204021925,290.0,0.9
202204021930,99.0,0.9
202204021935,284.0,0.9
202204021940,1.0,0.9
202204021945,331.0,0.9
202204021950,14.0,0.9
202204021955,345.0,1.3
202204022000,332.0,1.3
202204022010,320.0,2.2
202204022015,318.0,2.2
202204022020,330.0,2.2
202204022025,353.0,2.2
202204022030,17.0,1.8
202204022035,326.0,1.3
202204022040,341.0,1.3
202204022045,318.0,1.3
202204022050,343.0,1.3
202204022055,,0.0
202204022100,,0.0
202204022110,332.0,0.4
202204022115,311.0,0.9
202204022120,333.0,0.9
202204022125,318.0,0.9
202204022130,321.0,0.9
202204022135,7.0,0.4
202204022140,0.0,0.4
202204022145,3.0,0.9
202204022150,15.0,0.9
202204022155,351.0,0.9
202204022200,93.0,0.9
202204022210,,0.0
202204022215,,0.0
202204022220,,0.0
202204022225,,0.0
202204022230,,0.0
202204022235,,0.0
202204022240,,0.0
202204022245,,0.0
202204022250,,0.0
202204022255,,0.0
202204022300,,0.0
202204022310,,0.0
202204022315,,0.0
202204022320,,0.0
202204022325,,0.0
202204022330,,0.0
202204022335,,0.0
202204022340,,0.0
202204022345,,0.0
202204022350,,0.0
202204022355,,0.0
202204030000,,0.0
202204030010,,0.0
202204030015,,0.0
202204030030,,0.0
202204030035,,0.0
202204030040,,0.0
202204030045,,0.0
202204030050,,0.0
202204030055,,0.0
202204030100,,0.0
202204030110,,0.0
202204030115,,0.0
202204030120,,0.0
202204030125,,0.0
202204030130,,0.0
202204030135,,0.0
202204030140,,0.0
202204030145,,0.0
202204030150,,0.0
202204030155,,0.0
202204030200,,0.0
202204030210,,0.0
202204030215,,0.0
202204030220,,0.0
202204030225,,0.0
202204030230,,0.0
202204030235,,0.0
202204030245,,0.0
202204030250,,0.0
202204030255,,0.0
202204030300,,0.0
202204030315,,0.0
202204030320,,0.0
202204030325,,0.0
202204030330,,0.0
202204030335,,0.0
202204030340,,0.0
202204030345,,0.0
202204030350,,0.0
202204030355,,0.0
202204030400,,0.0
202204030410,,0.0
202204030415,,0.0
202204030420,,0.0
202204030425,,0.0
202204030430,,0.0
202204030435,,0.0
202204030440,,0.0
202204030445,,0.0
202204030450,,0.0
202204030455,,0.0
202204030500,,0.0
202204030510,,0.0
202204030515,,0.0
202204030525,,0.0
202204030530,,0.0
202204030535,,0.0
202204030540,,0.0
202204030545,,0.0
202204030550,,0.0
202204030555,,0.0
202204030600,,0.0
202204030610,,0.0
202204030615,,0.0
202204030620,,0.0
202204030625,,0.0
202204030630,,0.0
202204030635,,0.0
202204030640,,0.0
202204030645,,0.0
202204030650,,0.0
202204030655,,0.0
202204030700,,0.0
202204030710,,0.0
202204030715,,0.0
202204030720,,0.0
202204030725,,0.0
202204030730,,0.0
202204030735,,0.0
202204030740,,0.0
202204030745,,0.0
202204030750,,0.0
202204030755,,0.0
202204030800,,0.0
202204030810,,0.0
202204030815,,0.0
202204030825,,0.0
202204030830,,0.0
202204030835,,0.0
202204030840,,0.0
202204030845,,0.0
202204030850,,0.0
202204030855,,0.0
202204030900,,0.0
202204030910,,0.0
202204030915,,0.0
202204030920,,0.0
202204030925,,0.0
202204030930,,0.0
202204030935,,0.0
202204030940,,0.0
202204030945,311.0,0.4
202204030950,307.0,0.4
202204030955,290.0,0.4
202204031000,305.0,0.4
202204031010,,0.0
202204031015,,0.0
202204031020,,0.0
202204031025,291.0,0.4
202204031030,294.0,0.4
202204031035,288.0,0.4
202204031040,305.0,0.4
202204031045,286.0,0.4
202204031050,292.0,0.4
202204031055,291.0,0.4
202204031100,309.0,0.4
202204031110,260.0,0.4
202204031115,,0.0
202204031120,,0.0
202204031125,,0.0
202204031130,,0.0
202204031135,,0.0
202204031140,,0.0
202204031145,,0.0
202204031150,,0.0
202204031155,,0.0
202204031200,,0.0
202204031210,,0.0
202204031215,,0.0
202204031220,,0.0
202204031225,,0.0
202204031230,,0.0
202204031235,,0.0
202204031240,,0.0
202204031245,,0.0
202204031250,,0.0
202204031255,,0.0
202204031300,,0.0
202204031310,325.0,0.4
202204031315,273.0,0.9
202204031320,305.0,0.9
202204031325,311.0,0.9
202204031330,310.0,0.9
202204031335,333.0,0.9
202204031340,274.0,0.9
202204031345,317.0,0.9
202204031350,334.0,0.9
202204031355,332.0,2.2
202204031410,356.0,2.2
202204031415,337.0,1.3
202204031420,321.0,1.3
202204031425,314.0,2.2
202204031430,335.0,1.8
202204031435,343.0,1.3
202204031440,20.0,1.8
202204031445,308.0,2.7
202204031450,303.0,2.2
202204031455,355.0,2.2
202204031500,11.0,2.2
202204031510,331.0,2.2
202204031515,315.0,2.7
202204031525,338.0,2.7
202204031535,3.0,2.2
202204031545,332.0,2.7
202204031550,301.0,2.7
202204031555,321.0,2.7
202204031600,289.0,2.7
202204031615,2.0,2.7
202204031620,341.0,2.2
202204031625,334.0,2.2
202204031630,332.0,2.2
202204031635,329.0,2.7
202204031640,341.0,2.7
202204031645,335.0,2.7
202204031650,328.0,2.7
202204031655,352.0,2.7
202204031700,330.0,2.7
202204031710,305.0,2.7
202204031715,338.0,2.2
202204031720,340.0,2.2
202204031725,359.0,2.7
202204031730,353.0,2.7
202204031735,337.0,2.7
202204031740,356.0,2.7
202204031745,10.0,2.2
202204031750,353.0,2.2
202204031755,10.0,2.7
202204031800,346.0,2.7
202204031810,5.0,3.1
202204031815,331.0,2.7
202204031820,295.0,2.7
202204031825,337.0,2.7
202204031835,5.0,2.7
202204031840,343.0,2.7
202204031845,329.0,2.7
202204031850,332.0,2.7
202204031855,9.0,2.2
202204031900,327.0,2.2
202204031910,300.0,1.3
202204031915,333.0,2.2
202204031920,342.0,2.2
202204031925,333.0,2.2
202204031930,328.0,2.2
202204031935,322.0,2.7
202204031940,311.0,2.7
202204031950,335.0,2.7
202204032000,277.0,2.7
202204032010,346.0,2.2
202204032015,345.0,2.2
202204032020,232.0,2.2
202204032025,339.0,2.2
202204032030,343.0,1.8
202204032035,319.0,0.9
202204032040,348.0,0.9
202204032045,340.0,2.2
202204032050,39.0,2.2
202204032055,333.0,2.2
202204032100,95.0,2.2
202204032110,292.0,2.2
202204032115,296.0,1.3
202204032120,245.0,1.3
202204032125,296.0,0.9
202204032130,342.0,0.9
202204032135,323.0,1.3
202204032140,332.0,1.3
202204032145,341.0,2.2
202204032150,344.0,1.8
202204032155,335.0,1.3
202204032200,336.0,1.3
202204032210,347.0,1.8
202204032215,5.0,0.9
202204032220,302.0,1.3
202204032225,331.0,2.2
202204032230,345.0,1.8
202204032235,324.0,1.3
202204032240,338.0,1.3
202204032245,259.0,0.9
202204032250,288.0,0.9
202204032255,312.0,0.9
202204032300,328.0,0.9
202204032310,312.0,0.9
202204032315,320.0,0.9
202204032320,323.0,0.9
202204032325,,0.0
202204032330,,0.0
202204032335,,0.0
202204032340,,0.0
202204032345,,0.0
202204032350,,0.0
202204032355,,0.0
202204040000,,0.0
202204040010,,0.0
202204040015,,0.0
202204040020,,0.0
202204040025,,0.0
202204040030,,0.0
202204040035,,0.0
202204040040,,0.0
202204040045,,0.0
202204040050,,0.0
202204040055,,0.0
202204040100,,0.0
202204040110,,0.0
202204040115,,0.0
202204040120,,0.0
202204040125,,0.0
202204040130,,0.0
202204040135,,0.0
202204040140,,0.0
202204040145,,0.0
202204040150,,0.0
202204040155,,0.0
202204040200,,0.0
202204040215,,0.0
202204040220,,0.0
202204040225,,0.0
202204040230,,0.0
202204040235,,0.0
202204040240,,0.0
202204040245,,0.0
202204040250,,0.0
202204040255,,0.0
202204040300,,0.0
202204040310,,0.0
202204040315,,0.0
202204040320,,0.0
202204040325,,0.0
202204040330,,0.0
202204040335,,0.0
202204040340,,0.0
202204040345,,0.0
202204040350,,0.0
202204040355,,0.0
202204040400,,0.0
202204040410,,0.0
202204040415,,0.0
202204040420,,0.0
202204040425,,0.0
202204040430,,0.0
202204040435,,0.0
202204040440,,0.0
202204040445,,0.0
202204040450,,0.0
202204040455,,0.0
202204040500,,0.0
202204040510,,0.0
202204040515,,0.0
202204040520,,0.0
202204040525,,0.0
202204040530,,0.0
202204040535,,0.0
202204040540,,0.0
202204040545,,0.0
202204040550,,0.0
202204040555,,0.0
202204040600,,0.0
202204040610,,0.0
202204040615,,0.0
202204040620,,0.0
202204040625,,0.0
202204040630,,0.0
202204040635,,0.0
202204040640,,0.0
202204040645,,0.0
202204040650,,0.0
202204040655,,0.0
202204040700,,0.0
202204040710,,0.0
202204040715,,0.0
202204040720,,0.0
202204040725,,0.0
202204040730,,0.0
202204040735,,0.0
202204040740,,0.0
202204040745,,0.0
202204040750,,0.0
202204040755,,0.0
202204040800,,0.0
202204040810,,0.0
202204040815,,0.0
202204040820,,0.0
202204040825,,0.0
202204040830,,0.0
202204040835,,0.0
202204040840,,0.0
202204040845,,0.0
202204040850,,0.0
202204040855,,0.0
202204040900,,0.0
202204040910,,0.0
202204040915,,0.0
202204040920,,0.0
202204040925,,0.0
202204040935,,0.0
202204040940,,0.0
202204040945,,0.0
202204040950,,0.0
202204040955,,0.0
202204041000,,0.0
202204041010,,0.0
202204041015,,0.0
202204041020,,0.0
202204041025,,0.0
202204041030,,0.0
202204041035,,0.0
202204041040,,0.0
202204041045,,0.0
202204041050,,0.0
202204041055,,0.0
202204041100,,0.0
202204041110,,0.0
202204041115,85.0,0.4
202204041120,62.0,0.4
202204041125,,0.0
202204041130,,0.0
202204041135,,0.0
202204041140,,0.0
202204041145,,0.0
202204041150,,0.0
202204041155,,0.0
202204041200,,0.0
202204041210,,0.0
202204041215,,0.0
202204041220,,0.0
202204041225,51.0,0.4
202204041230,102.0,0.4
202204041235,71.0,0.4
202204041240,119.0,0.4
202204041245,94.0,0.9
202204041250,83.0,0.9
202204041255,73.0,0.4
202204041300,84.0,0.4
202204041310,91.0,0.4
202204041315,75.0,0.9
202204041320,98.0,0.9
202204041325,66.0,0.9
202204041330,359.0,0.9
202204041335,76.0,0.9
202204041340,63.0,0.9
202204041345,73.0,0.4
202204041350,63.0,0.4
202204041355,55.0,0.9
202204041410,100.0,0.4
202204041415,92.0,0.9
202204041420,84.0,0.9
202204041425,99.0,0.4
202204041430,27.0,0.4
202204041435,94.0,0.4
202204041440,116.0,0.4
202204041450,121.0,0.4
202204041455,148.0,0.9
202204041500,107.0,0.9
202204041510,106.0,0.9
202204041515,87.0,0.9
202204041520,115.0,0.9
202204041525,72.0,0.9
202204041530,50.0,0.9
202204041535,71.0,0.4
202204041540,109.0,0.4
202204041550,72.0,0.9
202204041555,54.0,0.4
202204041600,112.0,0.4
202204041610,113.0,0.4
202204041615,310.0,0.4
202204041620,214.0,0.4
202204041625,100.0,0.9
202204041630,269.0,0.9
202204041635,128.0,0.4
202204041640,112.0,0.4
202204041645,98.0,0.9
202204041650,105.0,0.9
202204041655,115.0,0.4
202204041700,89.0,0.4
202204041710,149.0,0.4
202204041715,135.0,0.4
202204041720,190.0,0.4
202204041725,198.0,0.9
202204041730,336.0,0.9
202204041735,335.0,0.9
202204041740,232.0,0.9
202204041745,207.0,0.9
202204041750,193.0,0.9
202204041755,206.0,2.2
202204041810,109.0,1.3
202204041815,306.0,0.9
202204041820,286.0,0.9
202204041825,292.0,0.9
202204041830,244.0,0.9
202204041835,302.0,0.9
202204041840,153.0,0.9
202204041845,310.0,1.3
202204041850,170.0,1.3
202204041855,210.0,0.9
202204041900,209.0,1.3
202204041910,264.0,2.2
202204041915,342.0,2.2
202204041920,112.0,1.8
202204041925,230.0,1.3
202204041930,188.0,1.3
202204041935,199.0,0.9
202204041940,342.0,1.3
202204041945,207.0,1.3
202204041950,307.0,1.3
202204041955,177.0,0.9
202204042000,307.0,0.9
202204042010,242.0,1.3
202204042015,286.0,2.2
202204042020,331.0,2.2
202204042030,239.0,1.3
202204042035,293.0,0.9
202204042040,245.0,0.9
202204042045,322.0,0.4
202204042050,208.0,0.4
202204042100,243.0,0.4
202204042110,203.0,1.3
202204042120,242.0,1.8
202204042125,195.0,1.3
202204042130,269.0,1.3
202204042135,217.0,0.9
202204042140,114.0,0.9
202204042145,154.0,0.9
202204042150,146.0,0.9
202204042155,237.0,0.9
202204042200,156.0,0.9
202204042210,228.0,0.9
202204042215,193.0,1.3
202204042220,187.0,1.3
202204042225,217.0,0.9
202204042230,241.0,0.9
202204042235,233.0,0.9
202204042240,215.0,0.9
202204042245,157.0,0.9
202204042250,238.0,0.9
202204042255,214.0,0.9
202204042300,229.0,0.9
202204042310,,0.0
202204042315,,0.0
202204042320,,0.0
202204042325,,0.0
202204042330,,0.0
202204042335,,0.0
202204042340,,0.0
202204042345,,0.0
202204042350,,0.0
202204042355,,0.0
202204050000,,0.0
202204050010,,0.0
202204050015,,0.0
202204050020,,0.0
202204050025,,0.0
202204050030,,0.0
202204050035,,0.0
202204050040,,0.0
202204050045,,0.0
202204050050,,0.0
202204050055,,0.0
202204050100,,0.0
202204050110,,0.0
202204050115,,0.0
202204050120,,0.0
202204050125,,0.0
202204050130,,0.0
202204050135,,0.0
202204050150,,0.0
202204050155,,0.0
202204050200,,0.0
202204050215,,0.0
202204050225,,0.0
202204050230,,0.0
202204050235,,0.0
202204050240,,0.0
202204050245,,0.0
202204050250,,0.0
202204050255,,0.0
202204050300,,0.0
202204050310,,0.0
202204050315,,0.0
202204050320,,0.0
202204050325,,0.0
202204050330,,0.0
202204050335,,0.0
202204050340,,0.0
202204050345,,0.0
202204050350,,0.0
202204050355,,0.0
202204050400,,0.0
202204050410,,0.0
202204050415,,0.0
202204050420,,0.0
202204050425,,0.0
202204050430,,0.0
202204050440,,0.0
202204050445,,0.0
202204050450,,0.0
202204050455,,0.0
202204050515,,0.0
202204050520,,0.0
202204050525,,0.0
202204050530,,0.0
202204050535,,0.0
202204050540,,0.0
202204050545,,0.0
202204050550,,0.0
202204050555,,0.0
202204050600,,0.0
202204050610,,0.0
202204050615,,0.0
202204050620,,0.0
202204050625,,0.0
202204050635,,0.0
202204050640,,0.0
202204050645,,0.0
202204050650,,0.0
202204050655,,0.0
202204050700,,0.0
202204050710,,0.0
202204050715,,0.0
202204050720,,0.0
202204050725,,0.0
202204050730,,0.0
202204050735,,0.0
202204050740,,0.0
202204050745,,0.0
202204050750,,0.0
202204050755,,0.0
202204050800,,0.0
202204050810,,0.0
202204050815,,0.0
202204050820,,0.0
202204050825,,0.0
202204050830,,0.0
202204050835,,0.0
202204050840,,0.0
202204050845,,0.0
202204050850,,0.0
202204050855,,0.0
202204050900,,0.0
202204050910,,0.0
202204050915,,0.0
202204050925,,0.0
202204050930,,0.0
202204050935,,0.0
202204050940,,0.0
202204050945,,0.0
202204050950,,0.0
202204050955,,0.0
202204051000,,0.0
202204051010,,0.0
202204051015,,0.0
202204051020,,0.0
202204051030,,0.0
202204051035,,0.0
202204051040,,0.0
202204051045,,0.0
202204051050,,0.0
202204051055,,0.0
202204051100,,0.0
202204051110,,0.0
202204051120,,0.0
202204051125,,0.0
202204051130,,0.0
202204051135,,0.0
202204051140,,0.0
202204051145,,0.0
202204051150,,0.0
202204051155,,0.0
202204051200,,0.0
202204051210,,0.0
202204051215,,0.0
202204051220,,0.0
202204051225,,0.0
202204051230,,0.0
202204051235,137.0,0.4
202204051240,119.0,0.4
202204051245,170.0,0.4
202204051250,126.0,0.4
202204051255,,0.0
202204051300,,0.0
202204051310,135.0,0.4
202204051320,125.0,0.4
202204051325,,0.0
202204051330,,0.0
202204051335,,0.0
202204051340,,0.0
202204051345,,0.0
202204051350,,0.0
202204051355,,0.0
202204051400,,0.0
202204051410,,0.0
202204051415,,0.0
202204051420,,0.0
202204051425,,0.0
202204051430,,0.0
202204051435,,0.0
202204051440,,0.0
202204051445,,0.0
202204051450,,0.0
202204051455,,0.0
202204051500,,0.0
202204051510,,0.0
202204051515,,0.0
202204051520,,0.0
202204051525,,0.0
202204051530,,0.0
202204051535,,0.0
202204051540,,0.0
202204051545,,0.0
202204051550,,0.0
202204051555,,0.0
202204051600,,0.0
202204051610,,0.0
202204051615,,0.0
202204051620,,0.0
202204051625,,0.0
202204051635,,0.0
202204051640,,0.0
202204051645,,0.0
202204051650,,0.0
202204051655,,0.0
202204051700,,0.0
202204051715,,0.0
202204051725,,0.0
202204051730,,0.0
202204051735,,0.0
202204051740,,0.0
202204051745,,0.0
202204051755,,0.0
202204051800,,0.0
202204051810,,0.0
202204051815,227.0,0.4
202204051820,150.0,0.4
202204051825,145.0,0.9
202204051830,159.0,0.9
202204051835,184.0,0.9
202204051840,143.0,0.9
202204051845,202.0,0.9
202204051850,195.0,0.9
202204051855,180.0,0.9
202204051900,157.0,0.9
202204051910,220.0,0.9
202204051915,234.0,0.4
202204051920,162.0,0.4
202204051925,,0.0
202204051930,,0.0
202204051935,,0.0
202204051940,,0.0
202204051945,,0.0
202204051950,,0.0
202204051955,,0.0
202204052000,,0.0
202204052010,,0.0
202204052015,,0.0
202204052020,,0.0
202204052025,,0.0
202204052030,,0.0
202204052035,,0.0
202204052040,,0.0
202204052045,,0.0
202204052050,138.0,0.4
202204052055,206.0,3.1
202204052100,186.0,2.7
202204052110,214.0,1.3
202204052115,198.0,2.7
202204052120,230.0,2.7
202204052125,206.0,3.1
202204052135,212.0,4.0
202204052140,223.0,4.0
202204052145,177.0,2.7
202204052150,158.0,2.7
202204052155,190.0,1.3
202204052200,130.0,1.3
202204052210,146.0,2.2
202204052215,145.0,0.9
202204052220,140.0,1.3
202204052225,125.0,2.2
202204052230,183.0,2.2
202204052235,326.0,2.2
202204052240,309.0,2.2
202204052245,181.0,2.2
202204052250,222.0,2.2
202204052255,205.0,2.2
202204052300,211.0,1.8
202204052310,233.0,1.3
202204052315,201.0,1.3
202204052320,202.0,1.3
202204052325,240.0,0.9
202204052330,207.0,0.9
202204052335,241.0,0.4
202204052340,229.0,0.4
202204052345,218.0,0.9
202204052350,220.0,0.9
202204052355,214.0,0.9
202204060000,213.0,1.3
202204060010,199.0,2.2
202204060015,225.0,2.2
202204060020,210.0,2.2
202204060025,217.0,2.7
202204060030,213.0,2.7
202204060035,222.0,2.2
202204060040,224.0,2.2
202204060045,225.0,3.1
202204060050,242.0,3.1
202204060055,231.0,3.1
202204060100,230.0,2.7
202204060110,275.0,2.7
202204060115,197.0,2.2
202204060120,232.0,2.2
202204060125,218.0,2.2
202204060130,232.0,2.2
202204060135,205.0,2.7
202204060140,227.0,2.7
202204060145,239.0,3.1
202204060150,216.0,3.1
202204060155,229.0,2.7
202204060200,214.0,2.7
202204060210,204.0,2.2
202204060215,226.0,2.2
202204060220,218.0,2.2
202204060225,220.0,2.7
202204060230,203.0,2.7
202204060235,227.0,2.2
202204060240,195.0,2.2
202204060245,252.0,2.2
202204060255,220.0,2.2
202204060300,208.0,2.2
202204060310,213.0,2.2
202204060315,227.0,3.1
202204060320,216.0,2.7
202204060325,209.0,2.2
202204060330,240.0,2.2
202204060335,220.0,2.7
202204060340,224.0,2.7
202204060345,217.0,2.7
202204060350,212.0,2.2
202204060355,228.0,2.2
202204060400,242.0,2.2
202204060410,229.0,2.2
202204060415,245.0,2.7
202204060420,225.0,2.7
202204060425,258.0,2.7
202204060430,216.0,2.7
202204060435,229.0,2.2
202204060440,228.0,2.2
202204060445,222.0,2.2
202204060450,252.0,2.2
202204060455,192.0,2.2
202204060500,229.0,2.2
202204060510,227.0,2.2
202204060515,212.0,2.2
202204060520,234.0,2.2
202204060525,235.0,2.2
202204060530,211.0,2.2
202204060535,243.0,0.9
202204060540,209.0,1.3
202204060545,231.0,1.3
202204060550,223.0,1.3
202204060555,220.0,0.9
202204060600,220.0,0.9
202204060610,247.0,2.2
202204060620,223.0,2.2
202204060625,247.0,2.2
202204060635,179.0,1.3
202204060640,232.0,1.3
202204060645,221.0,1.3
202204060650,222.0,1.3
202204060655,250.0,1.3
202204060710,227.0,0.9
202204060715,247.0,0.9
202204060720,234.0,0.9
202204060725,222.0,0.9
202204060730,229.0,0.9
202204060735,214.0,0.9
202204060740,241.0,0.9
202204060745,322.0,0.9
202204060750,307.0,0.9
202204060755,,0.0
202204060800,,0.0
202204060810,,0.0
202204060815,,0.0
202204060820,,0.0
202204060825,252.0,0.4
202204060830,218.0,0.4
202204060835,301.0,0.4
202204060840,218.0,0.4
202204060845,,0.0
202204060850,,0.0
202204060855,,0.0
202204060900,,0.0
202204060910,,0.0
202204060915,,0.0
202204060920,,0.0
202204060925,,0.0
202204060935,,0.0
202204060940,,0.0
202204060945,,0.0
202204060955,,0.0
202204061000,,0.0
202204061010,,0.0
202204061015,,0.0
202204061020,,0.0
202204061025,,0.0
202204061030,,0.0
202204061035,,0.0
202204061040,,0.0
202204061045,,0.0
202204061050,,0.0
202204061055,,0.0
202204061100,,0.0
202204061110,,0.0
202204061115,,0.0
202204061130,,0.0
202204061135,,0.0
202204061140,,0.0
202204061145,,0.0
202204061150,,0.0
202204061155,,0.0
202204061200,,0.0
202204061210,,0.0
202204061215,,0.0
202204061220,,0.0
202204061225,,0.0
202204061230,,0.0
202204061235,,0.0
202204061240,,0.0
202204061245,,0.0
202204061250,,0.0
202204061255,,0.0
202204061300,,0.0
202204061310,,0.0
202204061315,,0.0
202204061320,,0.0
202204061325,,0.0
202204061330,,0.0
202204061335,,0.0
202204061340,,0.0
202204061345,171.0,0.4
202204061350,179.0,0.4
202204061355,,0.0
202204061400,,0.0
202204061410,181.0,0.9
202204061415,232.0,0.4
202204061420,202.0,0.4
202204061425,227.0,0.9
202204061430,173.0,0.9
202204061435,223.0,0.9
202204061440,233.0,0.9
202204061445,,0.0
202204061450,,0.0
202204061455,196.0,0.9
202204061500,206.0,0.9
202204061510,218.0,0.9
202204061515,,0.0
202204061520,,0.0
202204061525,173.0,0.4
202204061530,126.0,0.4
202204061535,199.0,0.9
202204061540,199.0,0.9
202204061545,175.0,1.3
202204061550,201.0,1.3
202204061555,154.0,0.9
202204061600,198.0,0.9
202204061610,207.0,0.9
202204061615,212.0,0.9
202204061620,184.0,0.9
202204061625,154.0,0.9
202204061630,204.0,0.9
202204061635,166.0,0.9
202204061640,255.0,0.9
202204061655,,0.0
202204061700,,0.0
202204061710,206.0,0.4
202204061715,214.0,0.9
202204061720,139.0,0.9
202204061725,181.0,0.9
202204061730,153.0,0.9
202204061735,201.0,0.9
202204061740,209.0,0.9
202204061745,225.0,0.9
202204061750,200.0,0.9
202204061755,215.0,0.9
202204061800,188.0,0.9
202204061810,238.0,0.4
202204061815,213.0,0.9
202204061820,200.0,0.9
202204061825,175.0,1.3
202204061830,197.0,1.3
202204061835,203.0,0.9
202204061840,200.0,0.9
202204061845,202.0,0.9
202204061850,132.0,0.9
202204061855,236.0,0.9
202204061900,217.0,0.9
202204061910,76.0,0.9
202204061915,190.0,0.4
202204061920,215.0,0.9
202204061925,179.0,0.9
202204061930,183.0,0.9
202204061935,223.0,0.4
202204061940,204.0,0.4
202204061945,177.0,0.9
202204061950,142.0,0.9
202204061955,123.0,1.3
202204062000,212.0,1.3
202204062010,,0.0
202204062015,,0.0
202204062020,,0.0
202204062025,128.0,0.4
202204062030,137.0,0.4
202204062035,,0.0
202204062045,,0.0
202204062050,,0.0
202204062055,,0.0
202204062100,,0.0
202204062110,,0.0
202204062115,120.0,0.4
202204062120,222.0,0.4
202204062125,105.0,0.9
202204062135,207.0,0.4
202204062140,136.0,0.4
202204062145,,0.0
202204062155,,0.0
202204062200,,0.0
202204062210,,0.0
202204062215,,0.0
202204062220,,0.0
202204062225,,0.0
202204062230,,0.0
202204062235,,0.0
202204062240,,0.0
202204062245,,0.0
202204062250,,0.0
202204062255,,0.0
202204062300,,0.0
202204062315,,0.0
202204062320,315.0,0.4
202204062325,292.0,2.2
202204062330,286.0,2.2
202204062335,223.0,2.7
202204062340,284.0,2.2
202204062345,199.0,0.9
202204062350,162.0,0.9
202204062355,185.0,2.2
202204070000,168.0,2.2
202204070010,206.0,2.2
202204070015,173.0,0.9
202204070020,135.0,0.9
202204070025,191.0,0.9
202204070030,217.0,0.9
202204070035,,0.0
202204070040,,0.0
202204070045,198.0,0.9
202204070050,168.0,0.9
202204070055,170.0,0.9
202204070100,129.0,1.3
202204070110,158.0,1.3
202204070115,155.0,2.7
202204070120,217.0,2.7
202204070125,197.0,2.7
202204070130,200.0,2.7
202204070135,199.0,3.6
202204070140,194.0,3.1
202204070145,205.0,2.7
202204070150,184.0,2.7
202204070155,153.0,2.7
202204070200,155.0,2.2
202204070210,125.0,1.3
202204070215,96.0,0.9
202204070220,101.0,0.9
202204070225,114.0,0.9
202204070230,144.0,0.9
202204070235,142.0,1.3
202204070240,161.0,1.3
202204070245,150.0,0.9
202204070250,204.0,0.9
202204070255,,0.0
202204070300,,0.0
202204070310,,0.0
202204070315,131.0,0.9
202204070320,44.0,0.9
202204070325,,0.0
202204070330,,0.0
202204070340,,0.0
202204070345,183.0,0.9
202204070350,249.0,0.9
202204070355,,0.0
202204070400,,0.0
202204070410,,0.0
202204070415,,0.0
202204070420,,0.0
202204070425,,0.0
202204070430,,0.0
202204070435,,0.0
202204070440,,0.0
202204070445,147.0,0.9
202204070450,181.0,0.9
202204070455,211.0,0.4
202204070500,212.0,0.9
202204070515,275.0,2.2
202204070525,215.0,0.9
202204070530,228.0,0.9
202204070535,150.0,0.9
202204070540,137.0,0.9
202204070545,,0.0
202204070550,,0.0
202204070555,,0.0
202204070600,,0.0
202204070610,,0.0
202204070615,,0.0
202204070620,,0.0
202204070625,,0.0
202204070630,352.0,0.4
202204070635,343.0,3.6
202204070640,345.0,3.1
202204070645,348.0,2.7
202204070650,334.0,2.2
202204070655,351.0,0.9
202204070700,135.0,0.9
202204070710,131.0,0.9
202204070715,,0.0
202204070720,,0.0
202204070725,199.0,0.4
202204070730,151.0,0.4
202204070735,,0.0
202204070740,,0.0
202204070745,,0.0
202204070750,,0.0
202204070755,,0.0
202204070800,,0.0
202204070810,,0.0
202204070815,,0.0
202204070820,,0.0
202204070825,214.0,0.4
202204070830,155.0,0.9
202204070835,115.0,0.9
202204070840,144.0,1.3
202204070845,140.0,1.3
202204070850,131.0,1.3
202204070855,,0.0
202204070900,,0.0
202204070910,337.0,0.9
202204070915,155.0,2.2
202204070920,209.0,2.2
202204070925,128.0,2.2
202204070930,240.0,1.8
202204070935,201.0,0.9
202204070940,268.0,0.9
202204070945,115.0,0.9
202204070950,120.0,0.9
202204070955,,0.0
202204071000,,0.0
202204071010,,0.0
202204071015,,0.0
202204071020,,0.0
202204071025,,0.0
202204071030,,0.0
202204071035,,0.0
202204071040,,0.0
202204071045,,0.0
202204071050,,0.0
202204071055,,0.0
202204071100,,0.0
202204071110,,0.0
202204071115,,0.0
202204071120,,0.0
202204071125,,0.0
202204071130,,0.0
202204071135,,0.0
202204071140,,0.0
202204071145,,0.0
202204071150,,0.0
202204071155,,0.0
202204071200,,0.0
202204071210,,0.0
202204071215,,0.0
202204071220,,0.0
202204071225,,0.0
202204071235,,0.0
202204071240,,0.0
202204071245,,0.0
202204071250,,0.0
202204071255,,0.0
202204071300,,0.0
202204071310,,0.0
202204071315,241.0,0.4
202204071320,229.0,0.4
202204071325,292.0,0.9
202204071330,223.0,0.9
202204071335,318.0,1.3
202204071345,229.0,0.9
202204071350,184.0,0.9
202204071400,309.0,1.3
202204071410,276.0,0.9
202204071415,223.0,0.9
202204071420,305.0,1.3
202204071425,243.0,1.3
202204071430,346.0,1.3
202204071435,222.0,0.9
202204071440,222.0,0.9
202204071445,323.0,1.3
202204071450,202.0,1.3
202204071455,269.0,1.3
202204071500,221.0,1.3
202204071510,223.0,1.3
202204071515,193.0,1.3
202204071520,219.0,1.3
202204071525,215.0,1.3
202204071530,221.0,1.3
202204071535,227.0,1.3
202204071540,199.0,1.3
202204071550,229.0,2.2
202204071555,206.0,2.7
202204071600,213.0,2.7
202204071610,219.0,2.2
202204071615,213.0,2.7
202204071620,301.0,2.7
202204071625,218.0,2.7
202204071630,224.0,2.7
202204071635,335.0,2.7
202204071640,304.0,2.7
202204071645,300.0,2.2
202204071650,337.0,2.2
202204071655,268.0,2.7
202204071700,255.0,2.7
202204071710,282.0,2.7
202204071715,269.0,2.7
202204071720,197.0,2.7
202204071725,330.0,2.2
202204071730,250.0,2.2
202204071735,265.0,2.2
202204071740,250.0,2.2
202204071745,218.0,2.7
202204071750,339.0,2.7
202204071755,233.0,2.2
202204071800,311.0,2.2
202204071810,344.0,2.7
202204071815,303.0,3.1
202204071820,333.0,3.1
202204071825,287.0,3.1
202204071830,266.0,2.7
202204071835,325.0,2.2
202204071840,318.0,2.2
202204071850,297.0,3.1
202204071855,304.0,2.7
202204071900,317.0,2.7
202204071910,228.0,2.7
202204071915,323.0,2.7
202204071920,233.0,2.7
202204071925,341.0,2.7
202204071930,307.0,2.7
202204071935,341.0,3.1
202204071940,336.0,2.7
202204071945,332.0,2.7
202204071950,355.0,2.7
202204071955,317.0,2.7
202204072000,345.0,2.7
202204072010,317.0,2.2
202204072015,244.0,2.2
202204072020,228.0,2.2
202204072025,237.0,2.2
202204072030,288.0,2.2
202204072035,298.0,2.2
202204072040,334.0,2.2
202204072045,221.0,2.2
202204072050,297.0,2.2
202204072055,296.0,2.2
202204072100,304.0,2.2
202204072110,319.0,2.2
202204072115,222.0,2.2
202204072120,338.0,2.2
202204072125,291.0,2.7
202204072130,232.0,2.7
202204072135,308.0,2.2
202204072140,260.0,2.2
202204072145,333.0,2.2
202204072150,300.0,2.2
202204072155,342.0,2.2
202204072200,315.0,2.2
202204072210,249.0,2.2
202204072215,265.0,1.3
202204072225,292.0,0.9
202204072230,326.0,1.3
202204072235,333.0,1.3
202204072240,205.0,1.3
202204072245,289.0,2.2
202204072250,322.0,2.2
202204072300,190.0,1.8
202204072310,326.0,1.3
202204072315,331.0,1.3
202204072320,341.0,1.3
202204072325,303.0,0.9
202204072330,202.0,0.9
202204072335,277.0,0.9
202204072340,289.0,0.9
202204072345,,0.0
202204072350,,0.0
202204072355,,0.0
202204080000,,0.0
202204080015,,0.0
202204080020,,0.0
202204080025,,0.0
202204080030,,0.0
202204080035,,0.0
202204080040,,0.0
202204080045,,0.0
202204080050,,0.0
202204080055,,0.0
202204080100,,0.0
202204080110,,0.0
202204080115,,0.0
202204080125,,0.0
202204080130,,0.0
202204080135,,0.0
202204080140,,0.0
202204080145,,0.0
202204080150,,0.0
202204080155,,0.0
202204080200,,0.0
202204080210,,0.0
202204080215,,0.0
202204080225,,0.0
202204080230,,0.0
202204080235,,0.0
202204080240,,0.0
202204080245,337.0,0.4
202204080250,340.0,0.4
202204080255,250.0,0.4
202204080300,302.0,0.4
202204080310,,0.0
202204080315,,0.0
202204080320,,0.0
202204080325,241.0,0.4
202204080330,235.0,0.4
202204080335,,0.0
202204080340,,0.0
202204080345,,0.0
202204080350,,0.0
202204080355,,0.0
202204080400,,0.0
202204080410,287.0,0.4
202204080420,,0.0
202204080425,,0.0
202204080435,303.0,0.4
202204080440,284.0,0.4
202204080445,,0.0
202204080450,,0.0
202204080455,310.0,0.4
202204080510,300.0,0.9
202204080515,309.0,0.9
202204080520,311.0,0.9
202204080525,295.0,0.9
202204080530,304.0,0.9
202204080535,267.0,0.9
202204080540,295.0,0.9
202204080545,300.0,0.4
202204080550,299.0,0.9
202204080555,253.0,0.9
202204080600,301.0,0.9
202204080615,,0.0
202204080620,,0.0
202204080625,311.0,0.9
202204080630,304.0,0.9
202204080635,299.0,0.4
202204080640,295.0,0.4
202204080645,297.0,0.9
202204080650,305.0,0.9
202204080655,337.0,1.3
202204080700,303.0,1.3
202204080710,305.0,0.4
202204080715,305.0,0.4
202204080720,301.0,0.4
202204080725,299.0,0.9
202204080730,287.0,0.9
202204080735,314.0,0.9
202204080740,240.0,0.9
202204080745,,0.0
202204080750,,0.0
202204080755,,0.0
202204080800,,0.0
202204080810,,0.0
202204080815,,0.0
202204080820,,0.0
202204080825,,0.0
202204080830,,0.0
202204080835,,0.0
202204080840,,0.0
202204080845,,0.0
202204080850,,0.0
202204080855,,0.0
202204080900,,0.0
202204080910,,0.0
202204080915,,0.0
202204080920,,0.0
202204080925,,0.0
202204080930,,0.0
202204080935,221.0,0.4
202204080940,237.0,0.4
202204080945,,0.0
202204080950,,0.0
202204080955,,0.0
202204081000,,0.0
202204081010,,0.0
202204081015,,0.0
202204081020,,0.0
202204081025,,0.0
202204081030,,0.0
202204081035,,0.0
202204081040,,0.0
202204081045,,0.0
202204081050,,0.0
202204081055,,0.0
202204081100,,0.0
202204081110,,0.0
202204081115,,0.0
202204081120,,0.0
202204081125,,0.0
202204081130,,0.0
202204081135,,0.0
202204081140,,0.0
202204081145,,0.0
202204081150,,0.0
202204081155,,0.0
202204081200,220.0,0.4
202204081210,222.0,0.9
202204081215,219.0,1.3
202204081220,222.0,1.3
202204081230,232.0,1.3
202204081235,215.0,0.9
202204081240,248.0,0.9
202204081245,214.0,0.9
202204081250,228.0,0.9
202204081300,207.0,0.9
202204081310,208.0,0.9
202204081315,211.0,0.9
202204081320,214.0,0.9
202204081325,211.0,0.9
202204081330,299.0,0.9
202204081335,212.0,0.9
202204081345,224.0,1.3
202204081355,317.0,1.3
202204081400,201.0,1.3
202204081410,224.0,0.9
202204081415,242.0,0.9
202204081420,192.0,0.9
202204081425,218.0,2.2
202204081430,221.0,2.2
202204081435,197.0,2.2
202204081440,236.0,2.2
202204081445,220.0,2.2
202204081450,275.0,2.2
202204081455,320.0,1.3
202204081500,171.0,1.3
202204081510,296.0,2.2
202204081515,230.0,2.7
202204081520,322.0,2.2
202204081525,275.0,2.2
202204081530,317.0,2.2
202204081535,213.0,2.2
202204081540,199.0,2.2
202204081545,307.0,2.2
202204081550,260.0,2.2
202204081555,197.0,2.2
202204081600,207.0,2.2
202204081610,221.0,3.1
202204081620,203.0,3.1
202204081625,190.0,4.0
202204081630,215.0,4.0
202204081635,226.0,2.7
202204081640,224.0,2.7
202204081645,337.0,3.1
202204081650,229.0,3.1
202204081655,299.0,3.1
202204081700,248.0,3.1
202204081710,191.0,2.7
202204081715,206.0,2.2
202204081720,190.0,2.2
202204081725,217.0,3.1
202204081730,212.0,3.1
202204081735,225.0,3.1
202204081740,213.0,3.1
202204081755,336.0,3.6
202204081800,186.0,3.1
202204081810,217.0,1.3
202204081815,300.0,2.2
202204081820,232.0,2.2
202204081825,228.0,2.2
202204081830,198.0,2.2
202204081835,296.0,2.2
202204081840,202.0,2.2
202204081850,197.0,2.2
202204081855,316.0,1.3
202204081900,225.0,1.3
202204081910,233.0,2.2
202204081915,219.0,3.6
202204081920,207.0,3.1
202204081925,220.0,3.1
202204081930,211.0,2.7
202204081935,255.0,2.2
202204081940,273.0,2.2
202204081945,236.0,2.7
202204081950,313.0,2.7
202204081955,272.0,3.1
202204082000,240.0,2.7
202204082010,211.0,2.2
202204082015,251.0,2.7
202204082020,221.0,2.2
202204082025,235.0,2.2
202204082030,332.0,1.8
202204082035,298.0,0.9
202204082040,263.0,1.3
202204082045,233.0,2.2
202204082050,193.0,2.2
202204082055,224.0,2.2
202204082100,224.0,2.2
202204082110,221.0,2.2
202204082115,235.0,2.2
202204082120,150.0,2.2
202204082125,248.0,2.2
202204082130,217.0,2.2
202204082135,245.0,2.7
202204082140,213.0,2.2
202204082145,222.0,2.2
202204082150,217.0,2.2
202204082155,232.0,2.2
202204082200,211.0,1.8
202204082210,233.0,1.3
202204082215,229.0,0.9
202204082220,259.0,1.3
202204082225,269.0,1.3
202204082230,248.0,1.3
202204082235,222.0,2.2
202204082240,174.0,2.2
202204082245,241.0,1.3
202204082250,145.0,1.3
202204082255,258.0,0.9
202204082300,180.0,0.9
202204082310,317.0,0.9
202204082315,178.0,0.9
202204082320,280.0,0.9
202204082325,315.0,0.9
202204082330,218.0,0.9
202204082335,313.0,0.9
202204082340,312.0,0.9
202204082350,328.0,2.2
202204082355,337.0,3.6
202204090010,333.0,3.1
202204090015,340.0,2.7
202204090020,340.0,2.7
202204090025,329.0,2.7
202204090030,342.0,2.7
202204090035,321.0,2.7
202204090040,348.0,2.7
202204090045,333.0,2.7
202204090050,326.0,2.2
202204090055,340.0,2.2
202204090100,328.0,2.2
202204090110,339.0,2.2
202204090120,340.0,2.2
202204090125,332.0,2.2
202204090130,326.0,2.2
202204090135,310.0,2.7
202204090140,341.0,2.7
202204090145,330.0,2.7
202204090150,319.0,2.7
202204090155,340.0,2.2
202204090200,293.0,2.2
202204090210,320.0,2.2
202204090215,288.0,0.9
202204090220,323.0,1.3
202204090225,275.0,2.2
202204090230,305.0,2.2
202204090235,323.0,2.2
202204090240,311.0,1.8
202204090245,317.0,0.9
202204090250,344.0,1.3
202204090255,327.0,2.2
202204090300,326.0,2.2
202204090310,323.0,0.9
202204090315,324.0,0.9
202204090320,356.0,1.3
202204090330,334.0,1.3
202204090335,328.0,2.2
202204090340,337.0,1.8
202204090345,305.0,0.9
202204090350,296.0,0.9
202204090355,333.0,0.9
202204090415,342.0,2.7
202204090420,326.0,2.7
202204090425,340.0,2.2
202204090430,312.0,1.8
202204090435,310.0,0.9
202204090440,343.0,0.9
202204090445,345.0,0.9
202204090450,329.0,0.9
202204090455,262.0,0.9
202204090500,330.0,0.9
202204090510,311.0,0.9
202204090515,307.0,0.9
202204090520,304.0,0.9
202204090525,288.0,0.9
202204090530,276.0,0.9
202204090535,58.0,0.9
202204090540,338.0,0.9
202204090545,298.0,0.9
202204090550,356.0,0.9
202204090555,255.0,0.4
202204090600,241.0,0.4
202204090610,244.0,0.4
202204090615,,0.0
202204090620,,0.0
202204090625,307.0,0.9
202204090635,226.0,0.9
202204090640,163.0,0.9
202204090645,312.0,0.9
202204090650,284.0,0.9
202204090655,297.0,0.9
202204090700,319.0,0.9
202204090710,310.0,0.9
202204090715,64.0,0.9
202204090720,293.0,0.9
202204090725,345.0,0.9
202204090730,326.0,0.9
202204090735,299.0,0.9
202204090740,291.0,0.9
202204090745,251.0,0.9
202204090750,315.0,0.9
202204090755,296.0,0.9
202204090800,192.0,0.9
202204090810,259.0,0.4
202204090815,,0.0
202204090820,,0.0
202204090825,,0.0
202204090830,,0.0
202204090835,,0.0
202204090840,,0.0
202204090845,,0.0
202204090850,,0.0
202204090855,,0.0
202204090900,,0.0
202204090910,,0.0
202204090920,,0.0
202204090925,,0.0
202204090930,,0.0
202204090935,,0.0
202204090940,,0.0
202204090945,203.0,0.4
202204090950,313.0,0.4
202204090955,,0.0
202204091000,,0.0
202204091010,,0.0
202204091015,227.0,0.4
202204091020,203.0,0.4
202204091025,200.0,0.4
202204091030,215.0,0.4
202204091035,,0.0
202204091040,,0.0
202204091045,209.0,0.9
202204091050,210.0,0.9
202204091055,207.0,0.4
202204091100,195.0,0.4
202204091115,219.0,0.4
202204091120,225.0,0.4
202204091125,,0.0
202204091130,,0.0
202204091135,,0.0
202204091140,,0.0
202204091145,,0.0
202204091150,,0.0
202204091155,,0.0
202204091200,,0.0
202204091210,,0.0
202204091215,306.0,0.4
202204091220,303.0,0.4
202204091225,253.0,0.4
202204091230,255.0,0.4
202204091235,303.0,0.4
202204091240,330.0,0.4
202204091245,324.0,0.9
202204091250,309.0,0.9
202204091255,280.0,1.3
202204091300,276.0,1.3
202204091310,310.0,1.3
202204091315,303.0,0.9
202204091320,313.0,0.9
202204091325,342.0,1.3
202204091330,340.0,1.3
202204091335,318.0,2.2
202204091340,314.0,2.2
202204091350,302.0,1.8
202204091355,217.0,0.9
202204091400,328.0,0.9
202204091410,298.0,2.2
202204091415,321.0,2.2
202204091420,308.0,1.8
202204091425,315.0,0.9
202204091435,335.0,2.2
202204091440,353.0,2.2
202204091445,245.0,1.3
202204091450,288.0,1.3
202204091455,290.0,1.3
202204091500,264.0,1.3
202204091510,340.0,1.8
202204091515,333.0,1.3
202204091520,336.0,1.3
202204091525,338.0,2.2
202204091530,302.0,2.2
202204091535,344.0,2.2
202204091540,319.0,2.2
202204091545,254.0,1.3
202204091550,297.0,1.3
202204091555,0.0,1.3
202204091600,177.0,1.3
202204091610,260.0,0.9
202204091615,334.0,2.2
202204091620,335.0,2.2
202204091625,298.0,2.2
202204091630,315.0,2.2
202204091635,299.0,2.2
202204091640,310.0,1.8
202204091650,261.0,1.3
202204091655,325.0,1.3
202204091700,307.0,1.3
202204091710,275.0,1.3
202204091715,300.0,2.2
202204091720,343.0,2.2
202204091725,343.0,2.2
202204091730,304.0,2.2
202204091735,307.0,2.7
202204091740,257.0,2.2
202204091745,315.0,0.9
202204091750,285.0,0.9
202204091755,336.0,0.9
202204091800,353.0,1.3
202204091810,261.0,1.3
202204091815,325.0,2.2
202204091820,341.0,2.2
202204091825,299.0,2.2
202204091830,285.0,2.2
202204091835,316.0,2.2
202204091840,319.0,2.2
202204091845,300.0,2.2
202204091850,304.0,1.8
202204091900,216.0,1.3
202204091910,261.0,1.3
202204091915,303.0,1.3
202204091920,306.0,1.3
202204091925,317.0,1.3
202204091930,356.0,1.3
202204091935,334.0,1.3
202204091940,311.0,1.3
202204091945,306.0,2.2
202204091950,285.0,1.8
202204091955,350.0,1.3
202204092000,328.0,1.3
202204092010,329.0,2.2
202204092015,346.0,1.3
202204092020,201.0,1.3
202204092025,296.0,1.3
202204092030,316.0,1.3
202204092035,338.0,2.2
202204092040,312.0,2.2
202204092045,343.0,2.2
202204092050,319.0,2.2
202204092055,319.0,2.7
202204092100,347.0,2.7
202204092110,287.0,2.2
202204092115,294.0,2.2
202204092120,319.0,2.2
202204092125,310.0,2.7
202204092130,269.0,2.7
202204092135,332.0,2.7
202204092140,316.0,2.7
202204092145,323.0,2.7
202204092150,321.0,2.7
202204092155,310.0,3.6
202204092200,324.0,3.1
202204092210,284.0,2.7
202204092215,310.0,2.7
202204092220,318.0,2.7
202204092225,301.0,2.2
202204092230,297.0,2.2
202204092235,341.0,2.2
202204092240,335.0,2.2
202204092245,316.0,2.2
202204092250,311.0,2.2
202204092255,318.0,2.2
202204092300,334.0,2.2
202204092310,320.0,1.3
202204092315,334.0,1.3
202204092320,319.0,1.3
202204092325,327.0,0.9
202204092330,326.0,0.9
202204092335,319.0,0.9
202204092340,264.0,0.9
202204092345,308.0,0.9
202204092350,319.0,0.9
202204100000,211.0,0.9
202204100010,,0.0
202204100015,,0.0
202204100020,,0.0
202204100025,,0.0
202204100030,,0.0
202204100035,,0.0
202204100040,,0.0
202204100045,,0.0
202204100050,,0.0
202204100100,,0.0
202204100110,,0.0
202204100115,,0.0
202204100120,,0.0
202204100125,,0.0
202204100130,,0.0
202204100135,,0.0
202204100140,,0.0
202204100145,,0.0
202204100150,,0.0
202204100155,,0.0
202204100200,,0.0
202204100210,,0.0
202204100215,,0.0
202204100220,,0.0
202204100225,,0.0
202204100230,,0.0
202204100235,,0.0
202204100240,,0.0
202204100250,,0.0
202204100255,,0.0
202204100300,,0.0
202204100315,,0.0
202204100320,,0.0
202204100325,,0.0
202204100330,,0.0
202204100335,,0.0
202204100340,,0.0
202204100345,,0.0
202204100350,,0.0
202204100355,,0.0
202204100400,,0.0
202204100410,,0.0
202204100415,,0.0
202204100420,,0.0
202204100425,,0.0
202204100430,,0.0
202204100435,,0.0
202204100440,,0.0
202204100445,,0.0
202204100450,,0.0
202204100455,,0.0
202204100500,,0.0
202204100510,,0.0
202204100515,,0.0
202204100520,,0.0
202204100525,,0.0
202204100530,,0.0
202204100535,,0.0
202204100540,,0.0
202204100550,,0.0
202204100555,,0.0
202204100600,,0.0
202204100610,,0.0
202204100615,,0.0
202204100620,,0.0
202204100625,,0.0
202204100630,,0.0
202204100640,,0.0
202204100645,,0.0
202204100650,,0.0
202204100655,,0.0
202204100710,,0.0
202204100715,,0.0
202204100720,,0.0
202204100730,,0.0
202204100735,,0.0
202204100740,,0.0
202204100745,,0.0
202204100755,,0.0
202204100800,,0.0
202204100810,,0.0
202204100815,,0.0
202204100820,,0.0
202204100825,,0.0
202204100830,,0.0
202204100835,,0.0
202204100840,,0.0
202204100845,,0.0
202204100850,,0.0
202204100855,,0.0
202204100900,,0.0
202204100910,,0.0
202204100915,,0.0
202204100920,,0.0
202204100925,,0.0
202204100930,,0.0
202204100935,,0.0
202204100940,,0.0
202204100945,,0.0
202204100950,,0.0
202204100955,,0.0
202204101000,,0.0
202204101010,,0.0
202204101015,,0.0
202204101020,,0.0
202204101025,,0.0
202204101030,,0.0
202204101035,,0.0
202204101040,,0.0
202204101045,,0.0
202204101050,,0.0
202204101055,,0.0
202204101100,,0.0
202204101110,,0.0
202204101115,,0.0
202204101120,,0.0
202204101125,,0.0
202204101130,,0.0
202204101135,,0.0
202204101140,,0.0
202204101145,,0.0
202204101150,,0.0
202204101155,,0.0
202204101200,,0.0
202204101220,,0.0
202204101225,,0.0
202204101230,,0.0
202204101235,,0.0
202204101240,,0.0
202204101245,,0.0
202204101250,,0.0
202204101255,,0.0
202204101300,,0.0
202204101310,,0.0
202204101315,,0.0
202204101320,,0.0
202204101325,192.0,0.4
202204101330,184.0,0.4
202204101335,,0.0
202204101340,,0.0
202204101345,115.0,0.4
202204101350,184.0,0.4
202204101355,129.0,0.4
202204101400,197.0,0.4
202204101410,,0.0
202204101415,162.0,0.4
202204101420,215.0,0.4
202204101425,242.0,0.9
202204101430,243.0,0.9
202204101435,95.0,0.9
202204101440,324.0,0.9
202204101445,262.0,0.4
202204101450,284.0,0.4
202204101455,339.0,0.9
202204101500,281.0,0.9
202204101510,337.0,0.9
202204101515,248.0,0.9
202204101520,330.0,1.3
202204101525,327.0,1.3
202204101535,137.0,2.2
202204101540,179.0,1.8
202204101545,341.0,0.9
202204101550,3.0,0.9
202204101555,0.0,2.2
202204101600,2.0,2.2
202204101610,328.0,2.2
202204101615,351.0,1.3
202204101620,321.0,1.3
202204101625,350.0,2.2
202204101630,348.0,1.8
202204101635,350.0,1.3
202204101640,255.0,1.3
202204101645,0.0,2.2
202204101650,209.0,2.2
202204101655,328.0,2.2
202204101700,186.0,2.2
202204101710,324.0,1.3
202204101715,351.0,0.9
202204101720,310.0,0.9
202204101725,291.0,2.2
202204101730,310.0,2.2
202204101735,338.0,1.3
202204101740,334.0,1.3
202204101745,331.0,1.3
202204101750,322.0,1.3
202204101755,322.0,2.2
202204101800,285.0,2.2
202204101810,242.0,1.8
202204101820,206.0,2.7
202204101825,332.0,1.3
202204101830,310.0,1.3
202204101835,206.0,2.2
202204101840,315.0,2.2
202204101845,335.0,2.2
202204101850,8.0,1.8
202204101855,350.0,1.3
202204101900,288.0,1.3
202204101910,289.0,1.3
202204101915,326.0,0.9
202204101920,239.0,0.9
202204101935,199.0,2.2
202204101940,234.0,2.2
202204101945,253.0,2.2
202204101950,337.0,1.8
202204101955,303.0,0.9
202204102010,186.0,2.2
202204102015,220.0,1.3
202204102020,345.0,1.3
202204102025,319.0,1.3
202204102030,323.0,1.3
202204102035,232.0,1.3
202204102040,291.0,1.3
202204102045,6.0,0.9
202204102050,200.0,0.9
202204102055,288.0,2.2
202204102100,336.0,1.8
202204102110,105.0,0.9
202204102115,251.0,0.4
202204102120,272.0,0.4
202204102125,274.0,0.9
202204102130,214.0,0.9
202204102135,189.0,1.3
202204102140,331.0,1.3
202204102150,25.0,1.8
202204102155,202.0,0.9
202204102200,213.0,0.9
202204102210,356.0,0.9
202204102215,202.0,0.9
202204102220,189.0,0.9
202204102225,217.0,0.9
202204102230,212.0,0.9
202204102235,207.0,0.9
202204102240,221.0,0.9
202204102245,335.0,0.9
202204102250,226.0,0.9
202204102255,210.0,0.9
202204102300,193.0,0.9
202204102310,206.0,0.9
202204102315,218.0,0.4
202204102320,213.0,0.4
202204102325,222.0,0.4
202204102330,215.0,0.4
202204102335,,0.0
202204102340,,0.0
202204102345,,0.0
202204102350,,0.0
202204102355,,0.0
202204110000,,0.0
202204110010,,0.0
202204110015,,0.0
202204110020,,0.0
202204110025,,0.0
202204110030,,0.0
202204110040,,0.0
202204110045,,0.0
202204110050,,0.0
202204110055,,0.0
202204110100,,0.0
202204110110,,0.0
202204110115,,0.0
202204110120,,0.0
202204110125,,0.0
202204110130,,0.0
202204110135,,0.0
202204110140,,0.0
202204110145,,0.0
202204110150,,0.0
202204110155,,0.0
202204110200,,0.0
202204110210,196.0,0.4
202204110215,,0.0
202204110220,,0.0
202204110225,181.0,0.9
202204110230,193.0,0.9
202204110235,195.0,0.9
202204110240,186.0,0.9
202204110245,198.0,0.9
202204110250,187.0,0.9
202204110255,190.0,0.9
202204110300,176.0,0.9
202204110310,192.0,0.9
202204110315,183.0,0.4
202204110320,187.0,0.4
202204110325,151.0,0.9
202204110330,185.0,0.9
202204110340,150.0,0.9
202204110345,188.0,0.9
202204110350,173.0,0.9
202204110355,189.0,0.4
202204110400,183.0,0.4
202204110410,212.0,0.4
202204110415,206.0,0.9
202204110420,184.0,0.9
202204110425,171.0,0.9
202204110430,192.0,0.9
202204110435,,0.0
202204110440,,0.0
202204110445,,0.0
202204110450,,0.0
202204110455,,0.0
202204110500,,0.0
202204110510,199.0,0.4
202204110515,202.0,0.4
202204110520,179.0,0.4
202204110525,,0.0
202204110530,,0.0
202204110535,,0.0
202204110540,,0.0
202204110545,195.0,0.4
202204110550,185.0,0.4
202204110555,162.0,0.9
202204110600,171.0,0.9
202204110610,172.0,0.4
202204110615,188.0,0.4
202204110620,184.0,0.4
202204110625,166.0,0.9
202204110630,186.0,0.9
202204110635,187.0,0.9
202204110640,211.0,0.9
202204110645,203.0,0.9
202204110650,203.0,0.9
202204110655,,0.0
202204110700,,0.0
202204110710,,0.0
202204110715,,0.0
202204110720,,0.0
202204110725,,0.0
202204110730,,0.0
202204110735,,0.0
202204110740,,0.0
202204110745,,0.0
202204110750,,0.0
202204110755,,0.0
202204110800,,0.0
202204110810,,0.0
202204110815,222.0,0.9
202204110820,215.0,0.9
202204110830,232.0,0.9
202204110835,206.0,0.9
202204110840,195.0,0.9
202204110845,215.0,0.9
202204110850,216.0,0.9
202204110855,217.0,0.9
202204110900,213.0,0.9
202204110910,199.0,0.9
202204110915,229.0,0.9
202204110920,228.0,0.9
202204110925,229.0,0.9
202204110930,215.0,0.9
202204110935,212.0,0.9
202204110940,215.0,0.9
202204110945,231.0,0.4
202204110950,204.0,0.4
202204110955,,0.0
202204111000,,0.0
202204111010,,0.0
202204111015,228.0,0.4
202204111020,222.0,0.4
202204111025,213.0,0.9
202204111030,223.0,0.9
202204111035,210.0,0.9
202204111040,223.0,0.9
202204111045,229.0,0.9
202204111050,225.0,0.9
202204111100,234.0,0.4
202204111110,,0.0
202204111115,,0.0
202204111120,,0.0
202204111125,,0.0
202204111130,,0.0
202204111135,,0.0
202204111140,,0.0
202204111145,,0.0
202204111150,,0.0
202204111155,,0.0
202204111200,,0.0
202204111210,,0.0
202204111215,,0.0
202204111220,,0.0
202204111225,,0.0
202204111230,,0.0
202204111235,229.0,0.4
202204111240,189.0,0.4
202204111245,,0.0
202204111250,,0.0
202204111255,188.0,0.9
202204111300,213.0,0.9
202204111310,260.0,0.4
202204111315,202.0,0.9
202204111320,219.0,0.9
202204111325,144.0,0.9
202204111330,302.0,0.9
202204111335,,0.0
202204111340,,0.0
202204111345,281.0,0.4
202204111350,271.0,0.4
202204111400,230.0,0.4
202204111410,266.0,0.9
202204111415,342.0,0.4
202204111420,305.0,0.4
202204111425,216.0,0.9
202204111435,272.0,0.9
202204111440,175.0,0.9
202204111445,276.0,0.9
202204111450,212.0,0.9
202204111455,290.0,0.9
202204111500,243.0,0.9
202204111510,197.0,0.9
202204111515,155.0,0.9
202204111520,220.0,0.9
202204111525,208.0,1.3
202204111530,232.0,1.3
202204111535,182.0,2.2
202204111540,207.0,2.2
202204111545,246.0,2.2
202204111550,198.0,1.8
202204111555,240.0,1.3
202204111600,120.0,1.3
202204111610,242.0,1.3
202204111615,221.0,0.9
202204111620,203.0,0.9
202204111625,175.0,2.7
202204111630,226.0,2.7
202204111635,20.0,2.2
202204111640,216.0,2.2
202204111645,258.0,1.3
202204111650,234.0,1.3
202204111655,255.0,2.2
202204111700,320.0,1.8
202204111710,294.0,0.9
202204111715,281.0,0.9
202204111720,224.0,0.9
202204111725,214.0,1.3
202204111730,206.0,1.3
202204111735,163.0,2.2
202204111740,318.0,2.2
202204111745,172.0,2.2
202204111750,282.0,1.8
202204111755,274.0,1.3
202204111800,255.0,1.3
202204111810,199.0,1.3
202204111815,263.0,1.3
202204111825,209.0,2.2
202204111830,204.0,2.2
202204111835,222.0,0.9
202204111840,214.0,1.3
202204111845,305.0,2.7
202204111850,321.0,2.2
202204111855,261.0,0.9
202204111900,192.0,1.3
202204111910,179.0,1.3
202204111915,218.0,1.3
202204111920,231.0,1.3
202204111925,247.0,0.9
202204111930,189.0,0.9
202204111935,208.0,0.9
202204111940,217.0,0.9
202204111945,269.0,1.3
202204111950,279.0,1.3
202204111955,186.0,0.4
202204112000,185.0,0.4
202204112010,323.0,0.9
202204112015,252.0,0.9
202204112020,280.0,0.9
202204112025,214.0,0.9
202204112030,151.0,0.9
202204112035,259.0,1.3
202204112040,236.0,1.3
202204112045,248.0,1.3
202204112050,213.0,1.3
202204112055,219.0,1.3
202204112100,298.0,1.3
202204112110,226.0,1.3
202204112115,247.0,0.9
202204112125,238.0,0.9
202204112130,214.0,0.9
202204112135,247.0,0.9
202204112140,166.0,0.9
202204112145,201.0,0.9
202204112150,138.0,0.9
202204112155,250.0,0.9
202204112200,163.0,0.9
202204112210,126.0,0.9
202204112215,169.0,0.9
202204112220,173.0,0.9
202204112225,204.0,0.9
202204112230,214.0,1.3
202204112235,183.0,2.2
202204112240,190.0,2.2
202204112245,205.0,1.3
202204112250,205.0,1.3
202204112255,189.0,1.3
202204112300,223.0,1.3
202204112310,167.0,0.9
202204112315,,0.0
202204112320,,0.0
202204112325,,0.0
202204112330,,0.0
202204112335,,0.0
202204112340,,0.0
202204112345,,0.0
202204112350,,0.0
202204112355,,0.0
202204120000,,0.0
202204120010,,0.0
202204120015,,0.0
202204120025,,0.0
202204120030,,0.0
202204120035,,0.0
202204120040,,0.0
202204120045,,0.0
202204120050,,0.0
202204120055,,0.0
202204120100,,0.0
202204120110,,0.0
202204120115,,0.0
202204120120,,0.0
202204120125,,0.0
202204120130,,0.0
202204120135,,0.0
202204120140,,0.0
202204120145,,0.0
202204120150,,0.0
202204120155,,0.0
202204120200,,0.0
202204120210,,0.0
202204120215,,0.0
202204120220,,0.0
202204120225,,0.0
202204120230,,0.0
202204120235,,0.0
202204120240,,0.0
202204120245,,0.0
202204120250,,0.0
202204120255,,0.0
202204120315,,0.0
202204120320,,0.0
202204120325,,0.0
202204120330,,0.0
202204120335,,0.0
202204120340,,0.0
202204120345,,0.0
202204120355,,0.0
202204120400,,0.0
202204120410,,0.0
202204120415,,0.0
202204120420,,0.0
202204120430,,0.0
202204120435,,0.0
202204120440,,0.0
202204120445,,0.0
202204120450,,0.0
202204120455,,0.0
202204120500,,0.0
202204120510,,0.0
202204120515,,0.0
202204120520,,0.0
202204120525,,0.0
202204120530,,0.0
202204120535,,0.0
202204120540,,0.0
202204120545,,0.0
202204120550,,0.0
202204120555,,0.0
202204120600,,0.0
202204120610,,0.0
202204120615,,0.0
202204120620,,0.0
202204120625,,0.0
202204120630,,0.0
202204120635,,0.0
202204120640,,0.0
202204120645,,0.0
202204120650,,0.0
202204120655,,0.0
202204120700,,0.0
202204120710,,0.0
202204120715,,0.0
202204120720,,0.0
202204120725,,0.0
202204120730,,0.0
202204120735,,0.0
202204120740,,0.0
202204120745,,0.0
202204120750,,0.0
202204120755,,0.0
202204120800,,0.0
202204120810,,0.0
202204120815,,0.0
202204120820,,0.0
202204120825,,0.0
202204120830,,0.0
202204120835,,0.0
202204120840,,0.0
202204120845,,0.0
202204120850,,0.0
202204120855,188.0,0.4
202204120900,198.0,0.4
202204120910,250.0,0.4
202204120915,,0.0
202204120920,,0.0
202204120925,,0.0
202204120930,,0.0
202204120935,,0.0
202204120940,,0.0
202204120945,,0.0
202204120950,,0.0
202204120955,,0.0
202204121000,,0.0
202204121010,,0.0
202204121015,,0.0
202204121020,,0.0
202204121025,,0.0
202204121030,,0.0
202204121035,,0.0
202204121040,,0.0
202204121045,,0.0
202204121055,,0.0
202204121100,,0.0
202204121110,,0.0
202204121115,,0.0
202204121120,,0.0
202204121125,,0.0
202204121130,,0.0
202204121135,,0.0
202204121140,,0.0
202204121145,,0.0
202204121150,,0.0
202204121155,,0.0
202204121200,,0.0
202204121210,,0.0
202204121215,,0.0
202204121220,,0.0
202204121225,,0.0
202204121230,,0.0
202204121235,,0.0
202204121245,,0.0
202204121250,,0.0
202204121300,125.0,0.9
202204121310,134.0,0.4
202204121315,178.0,0.9
202204121320,194.0,0.9
202204121325,191.0,0.4
202204121335,225.0,0.4
202204121340,175.0,0.4
202204121345,147.0,0.4
202204121350,195.0,0.4
202204121355,199.0,0.4
202204121400,198.0,0.4
202204121410,260.0,0.4
202204121415,166.0,0.4
202204121420,197.0,0.4
202204121430,223.0,0.4
202204121435,202.0,0.4
202204121440,279.0,0.4
202204121445,221.0,0.4
202204121450,225.0,0.4
202204121455,240.0,0.9
202204121500,161.0,0.9
202204121510,154.0,0.9
202204121515,186.0,0.9
202204121520,231.0,0.9
202204121525,184.0,0.9
202204121530,225.0,0.9
202204121540,230.0,1.3
202204121545,198.0,2.2
202204121550,119.0,2.2
202204121555,137.0,2.2
202204121600,169.0,1.8
202204121610,227.0,1.3
202204121615,199.0,1.3
202204121620,254.0,1.3
202204121625,221.0,2.2
202204121630,165.0,2.2
202204121635,194.0,2.2
202204121640,183.0,2.2
202204121645,214.0,2.2
202204121650,197.0,2.2
202204121655,212.0,2.2
202204121700,175.0,2.2
202204121710,261.0,1.8
202204121715,202.0,1.3
202204121725,229.0,1.3
202204121730,206.0,1.3
202204121735,285.0,2.2
202204121745,158.0,1.3
202204121750,319.0,1.3
202204121755,212.0,1.3
202204121800,197.0,1.3
202204121815,186.0,2.2
202204121820,204.0,2.2
202204121825,141.0,2.2
202204121830,187.0,2.2
202204121835,257.0,2.2
202204121845,215.0,2.2
202204121850,233.0,1.8
202204121855,276.0,0.9
202204121900,129.0,1.3
202204121910,229.0,1.3
202204121915,217.0,0.9
202204121920,228.0,0.9
202204121925,179.0,2.2
202204121930,142.0,1.8
202204121935,135.0,1.3
202204121950,221.0,1.3
202204121955,213.0,2.2
202204122000,217.0,2.2
202204122010,209.0,1.3
202204122015,242.0,0.9
202204122020,212.0,1.3
202204122025,228.0,2.2
202204122030,175.0,1.8
202204122035,206.0,0.9
202204122040,139.0,1.3
202204122045,227.0,1.3
202204122050,193.0,1.3
202204122055,229.0,0.9
202204122100,195.0,0.9
202204122110,135.0,2.2
202204122115,232.0,0.9
202204122120,113.0,1.3
202204122125,222.0,1.3
202204122130,220.0,1.3
202204122135,243.0,0.9
202204122200,234.0,0.9
202204122210,178.0,0.9
202204122215,208.0,1.3
202204122220,214.0,1.3
202204122225,164.0,1.3
202204122230,206.0,1.3
202204122235,242.0,1.3
202204122240,231.0,1.3
202204122250,163.0,1.3
202204122255,178.0,1.3
202204122300,191.0,1.3
202204122310,191.0,0.9
202204122315,194.0,0.9
202204122320,163.0,0.9
202204122325,163.0,0.9
202204122330,182.0,0.9
202204122340,207.0,0.9
202204122345,,0.0
202204122350,,0.0
202204122355,,0.0
202204130000,,0.0
202204130010,,0.0
202204130015,,0.0
202204130020,,0.0
202204130025,,0.0
202204130030,,0.0
202204130035,,0.0
202204130040,,0.0
202204130045,,0.0
202204130050,,0.0
202204130100,,0.0
202204130110,,0.0
202204130115,,0.0
202204130120,,0.0
202204130125,,0.0
202204130130,,0.0
202204130135,,0.0
202204130140,,0.0
202204130145,,0.0
202204130150,,0.0
202204130155,,0.0
202204130200,,0.0
202204130210,,0.0
202204130215,,0.0
202204130220,,0.0
202204130225,,0.0
202204130230,,0.0
202204130235,,0.0
202204130240,,0.0
202204130250,,0.0
202204130255,,0.0
202204130300,,0.0
202204130310,,0.0
202204130315,,0.0
202204130320,,0.0
202204130325,,0.0
202204130330,,0.0
202204130335,,0.0
202204130340,,0.0
202204130345,102.0,0.4
202204130350,93.0,0.4
202204130355,,0.0
202204130400,,0.0
202204130415,,0.0
202204130420,,0.0
202204130425,,0.0
202204130430,,0.0
202204130440,,0.0
202204130445,,0.0
202204130450,,0.0
202204130455,,0.0
202204130500,,0.0
202204130510,,0.0
202204130515,,0.0
202204130520,,0.0
202204130525,,0.0
202204130530,,0.0
202204130535,,0.0
202204130540,,0.0
202204130545,,0.0
202204130550,,0.0
202204130555,,0.0
202204130600,,0.0
202204130610,,0.0
202204130615,,0.0
202204130620,,0.0
202204130625,,0.0
202204130630,,0.0
202204130635,,0.0
202204130640,,0.0
202204130645,,0.0
202204130700,,0.0
202204130710,,0.0
202204130715,,0.0
202204130720,,0.0
202204130725,,0.0
202204130730,,0.0
202204130735,,0.0
202204130740,,0.0
202204130745,,0.0
202204130750,,0.0
202204130755,,0.0
202204130800,,0.0
202204130810,,0.0
202204130815,,0.0
202204130820,,0.0
202204130825,,0.0
202204130830,,0.0
202204130835,,0.0
202204130840,,0.0
202204130845,,0.0
202204130850,,0.0
202204130855,,0.0
202204130900,,0.0
202204130910,,0.0
202204130915,,0.0
202204130920,,0.0
202204130925,,0.0
202204130930,,0.0
202204130935,,0.0
202204130940,,0.0
202204130945,,0.0
202204130950,,0.0
202204130955,,0.0
202204131000,,0.0
202204131010,,0.0
202204131015,,0.0
202204131020,,0.0
202204131025,,0.0
202204131030,,0.0
202204131035,,0.0
202204131040,,0.0
202204131045,,0.0
202204131050,,0.0
202204131055,,0.0
202204131100,,0.0
202204131110,,0.0
202204131115,,0.0
202204131120,,0.0
202204131125,,0.0
202204131130,,0.0
202204131135,,0.0
202204131140,,0.0
202204131145,,0.0
202204131150,,0.0
202204131155,,0.0
202204131200,,0.0
202204131215,225.0,0.9
202204131220,125.0,0.9
202204131225,161.0,0.9
202204131230,50.0,0.9
202204131235,163.0,0.9
202204131245,141.0,0.9
202204131250,125.0,0.9
202204131255,230.0,0.4
202204131300,155.0,0.4
202204131310,162.0,0.4
202204131320,194.0,0.9
202204131325,203.0,0.9
202204131330,234.0,0.9
202204131335,185.0,0.9
202204131340,181.0,1.3
202204131345,250.0,1.3
202204131350,237.0,1.3
202204131355,192.0,2.2
202204131400,149.0,2.2
202204131410,231.0,1.8
202204131415,241.0,1.3
202204131420,261.0,1.3
202204131425,220.0,0.9
202204131435,265.0,0.9
202204131450,310.0,0.9
202204131455,310.0,0.9
202204131500,225.0,0.9
202204131510,285.0,0.4
202204131515,177.0,0.9
202204131520,231.0,0.9
202204131530,192.0,0.9
202204131535,223.0,0.9
202204131540,235.0,0.9
202204131545,195.0,0.9
202204131550,248.0,0.9
202204131555,120.0,0.9
202204131600,224.0,0.9
202204131610,204.0,0.9
202204131615,214.0,0.9
202204131620,227.0,0.9
202204131625,206.0,0.9
202204131630,231.0,0.9
202204131635,190.0,2.2
202204131640,176.0,1.8
202204131645,203.0,1.3
202204131650,190.0,1.3
202204131700,185.0,0.9
202204131710,161.0,0.9
202204131720,143.0,0.9
202204131725,148.0,0.9
202204131730,129.0,0.9
202204131735,190.0,0.9
202204131740,61.0,0.9
202204131745,209.0,0.9
202204131750,117.0,0.9
202204131755,135.0,0.9
202204131800,227.0,0.9
202204131810,176.0,1.3
202204131815,226.0,2.2
202204131820,205.0,2.2
202204131825,176.0,2.2
202204131830,69.0,2.2
202204131835,123.0,1.3
202204131840,56.0,1.3
202204131845,185.0,0.9
202204131855,137.0,0.9
202204131900,151.0,0.9
202204131910,146.0,1.3
202204131915,161.0,1.3
202204131925,129.0,1.3
202204131930,136.0,1.3
202204131935,114.0,0.9
202204131940,185.0,0.9
202204131945,123.0,0.9
202204131950,112.0,0.9
202204131955,102.0,0.9
202204132000,149.0,0.9
202204132010,116.0,0.9
202204132015,141.0,0.9
202204132020,102.0,1.3
202204132025,116.0,1.3
202204132030,137.0,1.3
202204132035,109.0,0.9
202204132040,149.0,0.9
202204132045,139.0,0.9
202204132050,149.0,0.9
202204132100,208.0,1.3
202204132110,6.0,0.9
202204132115,161.0,0.9
202204132120,128.0,0.9
202204132125,94.0,0.9
202204132130,109.0,0.9
202204132135,196.0,0.9
202204132140,85.0,0.9
202204132145,157.0,0.9
202204132150,115.0,0.9
202204132155,150.0,0.9
202204132200,174.0,0.9
202204132210,171.0,0.9
202204132220,134.0,0.9
202204132225,166.0,0.9
202204132230,172.0,0.9
202204132235,142.0,0.9
202204132240,186.0,0.9
202204132245,130.0,0.9
202204132250,124.0,0.9
202204132300,,0.0
202204132310,,0.0
202204132315,,0.0
202204132320,,0.0
202204132325,,0.0
202204132330,,0.0
202204132335,,0.0
202204132340,,0.0
202204132345,,0.0
202204132350,,0.0
202204132355,,0.0
202204140000,,0.0
202204140010,,0.0
202204140015,,0.0
202204140020,,0.0
202204140025,,0.0
202204140030,,0.0
202204140035,,0.0
202204140040,,0.0
202204140045,,0.0
202204140050,,0.0
202204140055,,0.0
202204140100,,0.0
202204140110,,0.0
202204140115,,0.0
202204140120,,0.0
202204140125,,0.0
202204140130,,0.0
202204140135,,0.0
202204140140,,0.0
202204140145,112.0,0.9
202204140150,87.0,0.9
202204140155,114.0,0.9
202204140200,130.0,0.9
202204140210,125.0,0.9
202204140215,137.0,0.9
202204140220,130.0,0.9
202204140225,151.0,0.9
202204140230,155.0,0.9
202204140235,,0.0
202204140240,,0.0
202204140245,79.0,0.4
202204140250,143.0,0.4
202204140255,,0.0
202204140300,,0.0
202204140310,,0.0
202204140315,90.0,0.4
202204140320,105.0,0.4
202204140325,123.0,0.9
202204140330,94.0,0.9
202204140335,171.0,0.9
202204140340,171.0,0.9
202204140345,,0.0
202204140350,,0.0
202204140355,,0.0
202204140400,,0.0
202204140410,67.0,0.4
202204140415,,0.0
202204140420,,0.0
202204140425,133.0,0.4
202204140430,95.0,0.4
202204140435,,0.0
202204140440,,0.0
202204140445,101.0,0.4
202204140450,82.0,0.4
202204140455,,0.0
202204140500,,0.0
202204140510,,0.0
202204140515,,0.0
202204140520,,0.0
202204140525,,0.0
202204140530,,0.0
202204140535,126.0,0.4
202204140540,140.0,0.4
202204140545,138.0,0.4
202204140550,231.0,0.4
202204140555,,0.0
202204140600,,0.0
202204140610,,0.0
202204140615,,0.0
202204140620,,0.0
202204140625,,0.0
202204140630,,0.0
202204140635,,0.0
202204140640,,0.0
202204140645,,0.0
202204140650,,0.0
202204140655,254.0,0.9
202204140700,195.0,0.9
202204140710,,0.0
202204140715,,0.0
202204140720,,0.0
202204140725,,0.0
202204140730,,0.0
202204140735,,0.0
202204140740,,0.0
202204140745,,0.0
202204140750,,0.0
202204140755,,0.0
202204140800,,0.0
202204140810,,0.0
202204140815,,0.0
202204140820,,0.0
202204140825,,0.0
202204140830,,0.0
202204140840,,0.0
202204140845,,0.0
202204140850,,0.0
202204140855,,0.0
202204140900,,0.0
202204140910,,0.0
202204140915,,0.0
202204140920,,0.0
202204140925,,0.0
202204140930,,0.0
202204140935,,0.0
202204140940,,0.0
202204140945,,0.0
202204140950,,0.0
202204140955,,0.0
202204141000,,0.0
202204141010,,0.0
202204141015,129.0,0.4
202204141020,146.0,0.4
202204141025,,0.0
202204141030,,0.0
202204141035,,0.0
202204141040,,0.0
202204141045,139.0,0.4
202204141050,103.0,0.4
202204141055,104.0,0.4
202204141100,92.0,0.4
202204141110,123.0,0.4
202204141115,114.0,0.9
202204141120,109.0,0.9
202204141130,166.0,0.9
202204141140,138.0,0.9
202204141145,185.0,0.9
202204141150,177.0,0.9
202204141155,219.0,1.3
202204141200,220.0,1.3
202204141210,250.0,1.3
202204141215,226.0,0.9
202204141220,252.0,0.9
202204141225,292.0,0.9
202204141230,302.0,0.9
202204141235,,0.0
202204141240,,0.0
202204141245,,0.0
202204141250,,0.0
202204141255,,0.0
202204141300,,0.0
202204141310,,0.0
202204141315,131.0,0.9
202204141320,130.0,0.9
202204141325,,0.0
202204141330,,0.0
202204141335,226.0,0.9
202204141340,149.0,0.9
202204141345,214.0,0.9
202204141350,214.0,1.3
202204141355,248.0,1.3
202204141400,205.0,1.3
202204141410,207.0,2.2
202204141415,184.0,2.2
202204141420,210.0,2.2
202204141425,210.0,1.3
202204141430,230.0,1.3
202204141435,206.0,0.4
202204141440,226.0,0.4
202204141445,222.0,1.3
202204141450,199.0,1.3
202204141455,212.0,2.2
202204141500,197.0,2.2
202204141510,294.0,1.3
202204141515,312.0,0.9
202204141525,263.0,0.9
202204141530,306.0,0.9
202204141535,199.0,0.4
202204141540,207.0,0.4
202204141545,206.0,1.3
202204141550,210.0,1.3
202204141555,115.0,0.9
202204141600,220.0,0.9
202204141610,215.0,2.2
202204141615,224.0,2.2
202204141620,315.0,1.8
202204141625,22.0,1.3
202204141630,204.0,1.3
202204141635,233.0,0.4
202204141640,199.0,0.9
202204141645,200.0,1.3
202204141650,136.0,1.3
202204141655,247.0,1.3
202204141700,214.0,1.3
202204141710,217.0,1.8
202204141720,225.0,1.3
202204141725,249.0,2.2
202204141730,221.0,2.2
202204141735,241.0,1.3
202204141740,177.0,1.3
202204141745,284.0,2.2
202204141750,218.0,2.2
202204141755,223.0,2.7
202204141800,210.0,2.7
202204141810,233.0,2.7
202204141815,210.0,2.2
202204141820,223.0,2.2
202204141825,213.0,2.2
202204141830,254.0,1.8
202204141835,309.0,0.9
202204141840,207.0,0.9
202204141845,235.0,2.2
202204141850,205.0,2.2
202204141855,210.0,2.2
202204141900,175.0,2.2
202204141915,202.0,2.7
202204141920,222.0,2.7
202204141925,205.0,2.2
202204141930,285.0,2.2
202204141935,226.0,2.7
202204141940,226.0,2.7
202204141945,216.0,2.7
202204141950,222.0,2.7
202204141955,261.0,3.1
202204142000,256.0,3.1
202204142010,189.0,2.2
202204142015,204.0,2.2
202204142020,248.0,2.2
202204142025,204.0,2.2
202204142030,216.0,2.2
202204142035,209.0,2.7
202204142040,215.0,2.7
202204142045,255.0,2.7
202204142050,211.0,2.7
202204142055,213.0,2.2
202204142100,233.0,2.2
202204142110,210.0,2.2
202204142115,220.0,1.3
202204142120,218.0,1.3
202204142125,212.0,2.2
202204142130,228.0,2.2
202204142135,144.0,2.2
202204142140,216.0,2.2
202204142145,209.0,2.7
202204142150,214.0,2.7
202204142155,183.0,2.2
202204142200,204.0,1.8
202204142210,322.0,1.3
202204142215,226.0,1.3
202204142220,259.0,1.3
202204142225,227.0,1.3
202204142230,166.0,1.3
202204142240,225.0,0.9
202204142245,210.0,0.9
202204142250,193.0,0.9
202204142255,212.0,0.9
202204142300,307.0,1.3
202204142310,163.0,1.3
202204142315,221.0,0.9
202204142320,248.0,0.9
202204142325,203.0,0.9
202204142330,212.0,0.9
202204142335,218.0,0.9
202204142340,206.0,0.9
202204142345,187.0,0.9
202204142350,197.0,0.9
202204142355,200.0,0.9
202204150000,241.0,0.9
202204150010,212.0,0.4
202204150015,208.0,0.4
202204150020,207.0,0.4
202204150025,213.0,0.9
202204150030,223.0,0.9
202204150035,202.0,0.4
202204150040,211.0,0.4
202204150045,219.0,0.4
202204150050,225.0,0.4
202204150055,210.0,0.9
202204150100,218.0,0.9
202204150110,206.0,0.4
202204150115,,0.0
202204150120,,0.0
202204150125,183.0,0.9
202204150130,209.0,0.9
202204150135,224.0,0.4
202204150140,188.0,0.4
202204150145,186.0,0.9
202204150150,193.0,0.9
202204150155,238.0,0.4
202204150200,188.0,0.4
202204150210,202.0,0.4
202204150215,210.0,0.4
202204150220,236.0,0.4
202204150225,236.0,0.9
202204150230,234.0,0.9
202204150235,220.0,0.9
202204150240,220.0,0.9
202204150245,,0.0
202204150250,,0.0
202204150255,,0.0
202204150300,,0.0
202204150310,,0.0
202204150315,,0.0
202204150320,,0.0
202204150325,,0.0
202204150330,,0.0
202204150335,,0.0
202204150340,,0.0
202204150345,335.0,0.4
202204150355,336.0,0.4
202204150400,328.0,0.4
202204150410,330.0,0.9
202204150415,306.0,0.9
202204150420,342.0,0.9
202204150425,327.0,0.9
202204150430,321.0,0.9
202204150435,324.0,0.9
202204150440,329.0,0.9
202204150445,330.0,0.9
202204150450,312.0,0.9
202204150455,330.0,0.9
202204150510,328.0,0.9
202204150515,331.0,0.9
202204150520,5.0,0.9
202204150525,335.0,0.9
202204150530,356.0,0.9
202204150535,,0.0
202204150540,,0.0
202204150545,352.0,0.4
202204150550,5.0,0.4
202204150555,,0.0
202204150600,,0.0
202204150610,316.0,0.4
202204150615,344.0,0.4
202204150620,326.0,0.4
202204150625,345.0,0.9
202204150630,332.0,0.9
202204150635,343.0,0.9
202204150640,323.0,0.9
202204150645,355.0,0.4
202204150650,341.0,0.4
202204150655,326.0,0.4
202204150700,338.0,0.4
202204150710,338.0,0.9
202204150715,4.0,0.9
202204150720,341.0,0.9
202204150725,18.0,0.9
202204150730,312.0,0.9
202204150735,,0.0
202204150740,,0.0
202204150745,,0.0
202204150750,,0.0
202204150755,,0.0
202204150800,,0.0
202204150810,,0.0
202204150815,39.0,0.9
202204150820,316.0,0.9
202204150825,,0.0
202204150830,,0.0
202204150835,,0.0
202204150840,,0.0
202204150845,,0.0
202204150855,,0.0
202204150900,,0.0
202204150910,,0.0
202204150915,,0.0
202204150920,,0.0
202204150925,,0.0
202204150930,,0.0
202204150935,,0.0
202204150940,,0.0
202204150945,,0.0
202204150950,,0.0
202204150955,,0.0
202204151000,,0.0
202204151010,,0.0
202204151015,,0.0
202204151020,,0.0
202204151025,,0.0
202204151030,,0.0
202204151035,,0.0
202204151040,,0.0
202204151045,,0.0
202204151050,,0.0
202204151100,,0.0
202204151110,,0.0
202204151115,,0.0
202204151120,,0.0
202204151125,,0.0
202204151130,,0.0
202204151135,,0.0
202204151140,,0.0
202204151145,,0.0
202204151150,,0.0
202204151155,,0.0
202204151200,,0.0
202204151210,,0.0
202204151215,,0.0
202204151220,,0.0
202204151225,,0.0
202204151230,,0.0
202204151235,,0.0
202204151240,,0.0
202204151245,,0.0
202204151250,,0.0
202204151255,1.0,0.4
202204151300,13.0,0.4
202204151310,351.0,0.4
202204151315,344.0,0.4
202204151320,20.0,0.4
202204151325,318.0,0.4
202204151330,18.0,0.4
202204151335,107.0,0.4
202204151340,350.0,0.4
202204151345,,0.0
202204151350,,0.0
202204151355,17.0,0.4
202204151400,63.0,0.4
202204151410,64.0,0.9
202204151415,10.0,0.4
202204151420,358.0,0.4
202204151425,77.0,0.9
202204151430,38.0,0.9
202204151440,342.0,0.9
202204151445,65.0,0.9
202204151450,68.0,0.9
202204151455,107.0,0.4
202204151500,139.0,0.4
202204151510,36.0,0.9
202204151515,74.0,0.9
202204151520,72.0,0.9
202204151525,53.0,0.9
202204151530,354.0,0.9
202204151535,71.0,0.4
202204151540,130.0,0.4
202204151545,25.0,0.9
202204151550,158.0,0.9
202204151555,94.0,0.9
202204151600,39.0,0.9
202204151610,17.0,0.9
202204151615,70.0,0.9
202204151620,73.0,0.9
202204151625,151.0,0.9
202204151630,162.0,0.9
202204151635,83.0,0.4
202204151640,359.0,0.4
202204151645,127.0,0.9
202204151650,96.0,0.9
202204151655,63.0,0.9
202204151700,69.0,0.9
202204151710,317.0,0.9
202204151715,45.0,0.4
202204151720,302.0,0.4
202204151725,8.0,0.9
202204151730,83.0,0.9
202204151735,115.0,0.4
202204151740,96.0,0.4
202204151745,,0.0
202204151750,,0.0
202204151755,,0.0
202204151800,,0.0
202204151810,,0.0
202204151820,,0.0
202204151825,,0.0
202204151830,,0.0
202204151835,4.0,0.4
202204151840,43.0,0.4
202204151845,,0.0
202204151855,87.0,0.9
202204151900,114.0,0.9
202204151910,75.0,0.9
202204151915,89.0,0.9
202204151920,35.0,0.9
202204151925,84.0,0.4
202204151935,84.0,0.4
202204151940,136.0,0.4
202204151945,50.0,0.4
202204151950,310.0,0.4
202204151955,72.0,0.4
202204152000,60.0,0.4
202204152010,107.0,0.4
202204152015,91.0,0.4
202204152020,89.0,0.4
202204152025,60.0,0.4
202204152030,137.0,0.4
202204152040,,0.0
202204152050,66.0,0.4
202204152055,,0.0
202204152110,91.0,0.4
202204152115,108.0,0.9
202204152120,126.0,0.9
202204152125,159.0,0.9
202204152130,100.0,0.9
202204152135,96.0,0.9
202204152140,101.0,0.9
202204152145,207.0,0.4
202204152150,111.0,0.4
202204152155,104.0,0.4
202204152200,180.0,0.4
202204152210,145.0,0.9
202204152215,104.0,0.9
202204152220,91.0,0.9
202204152225,112.0,0.4
202204152230,93.0,0.4
202204152235,166.0,0.4
202204152245,91.0,0.4
202204152250,51.0,0.4
202204152255,123.0,0.4
202204152300,3.0,0.4
202204152310,,0.0
202204152315,101.0,0.4
202204152320,124.0,0.4
202204152330,135.0,0.4
202204152335,,0.0
202204152340,,0.0
202204152350,,0.0
202204152355,,0.0
202204160000,,0.0
202204160010,,0.0
202204160015,,0.0
202204160020,,0.0
202204160025,,0.0
202204160030,,0.0
202204160035,,0.0
202204160040,,0.0
202204160045,,0.0
202204160050,,0.0
202204160055,,0.0
202204160100,,0.0
202204160110,,0.0
202204160115,,0.0
202204160120,,0.0
202204160125,,0.0
202204160130,,0.0
202204160135,,0.0
202204160140,,0.0
202204160145,,0.0
202204160150,,0.0
202204160155,,0.0
202204160200,,0.0
202204160210,,0.0
202204160215,,0.0
202204160220,,0.0
202204160225,,0.0
202204160240,,0.0
202204160245,,0.0
202204160250,,0.0
202204160255,113.0,0.4
202204160300,106.0,0.4
202204160310,,0.0
202204160315,67.0,0.4
202204160320,166.0,0.4
202204160325,138.0,0.4
202204160330,97.0,0.4
202204160335,,0.0
202204160345,,0.0
202204160350,,0.0
202204160355,,0.0
202204160400,,0.0
202204160410,,0.0
202204160415,,0.0
202204160420,,0.0
202204160425,,0.0
202204160430,,0.0
202204160435,,0.0
202204160440,,0.0
202204160445,,0.0
202204160450,,0.0
202204160455,,0.0
202204160500,,0.0
202204160510,,0.0
202204160515,,0.0
202204160520,,0.0
202204160525,,0.0
202204160530,,0.0
202204160535,,0.0
202204160540,,0.0
202204160545,,0.0
202204160550,,0.0
202204160555,,0.0
202204160600,,0.0
202204160610,,0.0
202204160615,,0.0
202204160620,,0.0
202204160625,,0.0
202204160630,,0.0
202204160635,,0.0
202204160640,,0.0
202204160645,,0.0
202204160650,,0.0
202204160655,,0.0
202204160700,,0.0
202204160710,,0.0
202204160715,,0.0
202204160720,,0.0
202204160725,,0.0
202204160730,,0.0
202204160735,,0.0
202204160740,,0.0
202204160745,,0.0
202204160750,,0.0
202204160755,,0.0
202204160800,,0.0
202204160810,,0.0
202204160815,,0.0
202204160820,,0.0
202204160825,,0.0
202204160830,,0.0
202204160835,,0.0
202204160840,,0.0
202204160850,,0.0
202204160855,,0.0
202204160900,,0.0
202204160910,,0.0
202204160915,,0.0
202204160920,,0.0
202204160925,,0.0
202204160930,,0.0
202204160935,,0.0
202204160940,,0.0
202204160945,,0.0
202204160950,,0.0
202204160955,,0.0
202204161000,,0.0
202204161010,,0.0
202204161015,,0.0
202204161020,,0.0
202204161025,,0.0
202204161030,,0.0
202204161035,,0.0
202204161040,,0.0
202204161045,,0.0
202204161050,,0.0
202204161055,,0.0
202204161100,,0.0
202204161115,,0.0
202204161120,,0.0
202204161130,,0.0
202204161135,,0.0
202204161140,,0.0
202204161145,,0.0
202204161150,,0.0
202204161155,,0.0
202204161200,,0.0
202204161210,,0.0
202204161215,,0.0
202204161220,,0.0
202204161225,,0.0
202204161230,,0.0
202204161235,,0.0
202204161240,,0.0
202204161245,,0.0
202204161250,,0.0
202204161255,,0.0
202204161300,,0.0
202204161310,343.0,0.4
202204161315,339.0,0.9
202204161320,10.0,0.9
202204161325,333.0,0.9
202204161330,353.0,0.9
202204161335,347.0,0.9
202204161340,31.0,0.9
202204161345,,0.0
202204161350,,0.0
202204161355,,0.0
202204161400,,0.0
202204161410,,0.0
202204161415,,0.0
202204161420,,0.0
202204161430,,0.0
202204161435,,0.0
202204161440,,0.0
202204161445,,0.0
202204161450,,0.0
202204161455,,0.0
202204161500,,0.0
202204161510,,0.0
202204161515,,0.0
202204161520,,0.0
202204161525,,0.0
202204161530,,0.0
202204161540,,0.0
202204161545,,0.0
202204161550,,0.0
202204161555,,0.0
202204161600,,0.0
202204161610,,0.0
202204161615,,0.0
202204161620,,0.0
202204161625,,0.0
202204161630,,0.0
202204161635,,0.0
202204161640,,0.0
202204161645,,0.0
202204161650,,0.0
202204161655,,0.0
202204161700,,0.0
202204161710,190.0,0.4
202204161715,,0.0
202204161720,,0.0
202204161725,175.0,0.9
202204161730,232.0,0.9
202204161735,246.0,0.4
202204161740,243.0,0.4
202204161745,214.0,0.9
202204161750,275.0,0.9
202204161755,241.0,0.9
202204161800,193.0,0.9
202204161810,,0.0
202204161815,248.0,0.9
202204161820,238.0,0.9
202204161825,223.0,0.9
202204161830,265.0,0.9
202204161835,289.0,0.9
202204161840,337.0,0.9
202204161845,,0.0
202204161850,,0.0
202204161900,,0.0
202204161910,,0.0
202204161915,343.0,0.4
202204161920,319.0,0.4
202204161925,344.0,0.4
202204161930,340.0,0.4
202204161935,318.0,0.4
202204161945,316.0,0.4
202204161950,338.0,0.4
202204161955,328.0,0.9
202204162000,313.0,0.9
202204162010,334.0,0.9
202204162015,325.0,0.9
202204162020,325.0,0.9
202204162025,283.0,0.9
202204162030,352.0,0.9
202204162035,,0.0
202204162040,,0.0
202204162055,,0.0
202204162100,,0.0
202204162110,160.0,0.9
202204162115,225.0,0.9
202204162120,284.0,0.9
202204162125,,0.0
202204162130,,0.0
202204162135,,0.0
202204162140,,0.0
202204162145,330.0,0.9
202204162150,315.0,0.9
202204162155,25.0,0.4
202204162200,208.0,0.4
202204162210,,0.0
202204162215,312.0,0.4
202204162220,313.0,0.4
202204162230,,0.0
202204162235,,0.0
202204162240,,0.0
202204162245,,0.0
202204162250,,0.0
202204162255,,0.0
202204162300,,0.0
202204162310,,0.0
202204162315,,0.0
202204162320,,0.0
202204162325,,0.0
202204162330,,0.0
202204162335,,0.0
202204162340,,0.0
202204162345,,0.0
202204162350,,0.0
202204162355,,0.0
202204170000,,0.0
202204170010,,0.0
202204170015,,0.0
202204170020,,0.0
202204170025,,0.0
202204170030,,0.0
202204170035,,0.0
202204170040,,0.0
202204170045,,0.0
202204170055,,0.0
202204170100,,0.0
202204170110,,0.0
202204170115,,0.0
202204170125,,0.0
202204170130,,0.0
202204170135,,0.0
202204170140,,0.0
202204170145,,0.0
202204170150,,0.0
202204170155,,0.0
202204170200,,0.0
202204170210,,0.0
202204170215,,0.0
202204170220,,0.0
202204170230,,0.0
202204170235,,0.0
202204170240,,0.0
202204170245,,0.0
202204170250,,0.0
202204170255,,0.0
202204170300,,0.0
202204170310,,0.0
202204170320,,0.0
202204170325,,0.0
202204170330,,0.0
202204170335,,0.0
202204170340,,0.0
202204170345,,0.0
202204170350,,0.0
202204170355,,0.0
202204170400,,0.0
202204170410,,0.0
202204170415,,0.0
202204170420,,0.0
202204170425,,0.0
202204170430,,0.0
202204170435,225.0,0.4
202204170440,219.0,0.4
202204170450,197.0,0.9
202204170455,197.0,0.9
202204170500,229.0,0.9
202204170510,236.0,0.9
202204170515,,0.0
202204170520,,0.0
202204170525,,0.0
202204170530,,0.0
202204170535,,0.0
202204170540,,0.0
202204170545,,0.0
202204170550,,0.0
202204170555,,0.0
202204170600,,0.0
202204170615,,0.0
202204170620,,0.0
202204170625,,0.0
202204170630,,0.0
202204170635,,0.0
202204170640,,0.0
202204170645,,0.0
202204170650,,0.0
202204170655,,0.0
202204170700,,0.0
202204170715,,0.0
202204170720,,0.0
202204170725,,0.0
202204170730,,0.0
202204170735,,0.0
202204170740,,0.0
202204170745,,0.0
202204170750,,0.0
202204170755,,0.0
202204170800,,0.0
202204170810,,0.0
202204170815,,0.0
202204170820,,0.0
202204170825,,0.0
202204170830,,0.0
202204170835,,0.0
202204170840,,0.0
202204170845,,0.0
202204170850,,0.0
202204170855,,0.0
202204170900,,0.0
202204170910,,0.0
202204170915,,0.0
202204170920,,0.0
202204170925,,0.0
202204170930,,0.0
202204170935,,0.0
202204170940,,0.0
202204170945,,0.0
202204170950,,0.0
202204170955,,0.0
202204171000,,0.0
202204171010,,0.0
202204171015,,0.0
202204171020,,0.0
202204171025,,0.0
202204171030,,0.0
202204171035,,0.0
202204171040,,0.0
202204171045,,0.0
202204171050,,0.0
202204171100,,0.0
202204171110,,0.0
202204171115,,0.0
202204171120,,0.0
202204171125,,0.0
202204171130,,0.0
202204171135,,0.0
202204171140,,0.0
202204171145,,0.0
202204171150,,0.0
202204171155,,0.0
202204171200,,0.0
202204171210,,0.0
202204171215,,0.0
202204171220,,0.0
202204171225,,0.0
202204171235,1.0,0.9
202204171240,335.0,0.9
202204171245,12.0,0.9
202204171250,351.0,0.9
202204171255,327.0,0.9
202204171300,325.0,0.9
202204171310,335.0,0.9
202204171315,320.0,0.9
202204171320,334.0,0.9
202204171325,,0.0
202204171330,,0.0
202204171335,,0.0
202204171340,,0.0
202204171345,336.0,0.4
202204171350,329.0,0.4
202204171355,,0.0
202204171400,,0.0
202204171410,331.0,0.4
202204171415,321.0,0.4
202204171420,323.0,0.4
202204171430,,0.0
202204171435,333.0,0.9
202204171440,335.0,0.9
202204171445,35.0,0.9
202204171450,4.0,0.9
202204171455,,0.0
202204171500,,0.0
202204171510,12.0,0.9
202204171515,321.0,0.9
202204171520,350.0,0.9
202204171525,325.0,0.9
202204171530,341.0,0.9
202204171535,7.0,0.9
202204171540,335.0,0.9
202204171545,347.0,1.3
202204171550,16.0,1.3
202204171555,4.0,0.4
202204171600,354.0,0.4
202204171610,9.0,0.4
202204171615,352.0,0.9
202204171620,324.0,0.9
202204171625,71.0,0.9
202204171630,16.0,0.9
202204171635,327.0,0.9
202204171645,,0.0
202204171650,,0.0
202204171700,,0.0
202204171710,176.0,0.9
202204171715,163.0,0.9
202204171720,324.0,0.9
202204171725,328.0,0.4
202204171730,348.0,0.4
202204171735,,0.0
202204171740,,0.0
202204171745,,0.0
202204171750,,0.0
202204171755,287.0,0.9
202204171810,14.0,0.9
202204171815,280.0,0.9
202204171820,7.0,0.9
202204171825,17.0,0.4
202204171830,343.0,0.4
202204171835,317.0,0.9
202204171840,356.0,0.9
202204171845,310.0,0.9
202204171850,320.0,0.9
202204171855,110.0,0.9
202204171900,91.0,0.9
202204171910,27.0,0.4
202204171915,,0.0
202204171920,,0.0
202204171925,327.0,0.9
202204171930,316.0,0.9
202204171935,,0.0
202204171940,,0.0
202204171945,,0.0
202204171950,,0.0
202204171955,308.0,0.9
202204172000,347.0,0.9
202204172010,37.0,0.4
202204172015,,0.0
202204172020,,0.0
202204172025,,0.0
202204172030,,0.0
202204172035,,0.0
202204172040,,0.0
202204172045,,0.0
202204172050,,0.0
202204172055,,0.0
202204172100,,0.0
202204172110,,0.0
202204172115,,0.0
202204172120,,0.0
202204172125,,0.0
202204172130,,0.0
202204172135,,0.0
202204172140,,0.0
202204172145,,0.0
202204172150,,0.0
202204172155,,0.0
202204172200,,0.0
202204172210,,0.0
202204172215,,0.0
202204172220,,0.0
202204172225,,0.0
202204172230,,0.0
202204172235,,0.0
202204172240,,0.0
202204172245,,0.0
202204172250,,0.0
202204172255,,0.0
202204172300,,0.0
202204172315,,0.0
202204172320,,0.0
202204172325,,0.0
202204172330,,0.0
202204172335,,0.0
202204172340,,0.0
202204172345,,0.0
202204172350,,0.0
202204172355,,0.0
202204180010,,0.0
202204180015,,0.0
202204180020,,0.0
202204180025,,0.0
202204180030,,0.0
202204180035,,0.0
202204180040,,0.0
202204180045,,0.0
202204180050,,0.0
202204180100,,0.0
202204180110,,0.0
202204180115,,0.0
202204180120,,0.0
202204180125,,0.0
202204180130,,0.0
202204180135,,0.0
202204180145,,0.0
202204180150,,0.0
202204180155,98.0,0.9
202204180200,71.0,0.9
202204180210,83.0,0.9
202204180215,127.0,0.4
202204180220,121.0,0.4
202204180225,98.0,0.9
202204180230,99.0,0.9
202204180235,97.0,0.4
202204180240,110.0,0.4
202204180245,,0.0
202204180250,,0.0
202204180255,90.0,0.4
202204180300,104.0,0.4
202204180310,105.0,0.4
202204180315,69.0,0.4
202204180320,99.0,0.4
202204180325,,0.0
202204180330,,0.0
202204180335,83.0,0.4
202204180340,122.0,0.4
202204180345,108.0,0.4
202204180350,109.0,0.4
202204180355,,0.0
202204180400,,0.0
202204180410,,0.0
202204180415,,0.0
202204180420,,0.0
202204180425,,0.0
202204180430,,0.0
202204180435,,0.0
202204180440,,0.0
202204180445,,0.0
202204180450,,0.0
202204180455,,0.0
202204180500,,0.0
202204180510,,0.0
202204180515,,0.0
202204180520,,0.0
202204180525,,0.0
202204180530,,0.0
202204180535,,0.0
202204180540,,0.0
202204180545,,0.0
202204180550,,0.0
202204180555,,0.0
202204180600,,0.0
202204180610,,0.0
202204180620,,0.0
202204180625,,0.0
202204180630,,0.0
202204180635,,0.0
202204180645,,0.0
202204180650,,0.0
202204180655,,0.0
202204180700,,0.0
202204180710,,0.0
202204180715,,0.0
202204180720,,0.0
202204180725,,0.0
202204180730,,0.0
202204180735,,0.0
202204180740,,0.0
202204180745,,0.0
202204180750,,0.0
202204180755,,0.0
202204180800,,0.0
202204180810,,0.0
202204180815,,0.0
202204180820,,0.0
202204180825,,0.0
202204180830,,0.0
202204180835,,0.0
202204180840,,0.0
202204180845,,0.0
202204180850,,0.0
202204180855,,0.0
202204180910,,0.0
202204180915,,0.0
202204180920,,0.0
202204180925,,0.0
202204180930,,0.0
202204180935,,0.0
202204180940,,0.0
202204180945,,0.0
202204180950,,0.0
202204180955,,0.0
202204181000,,0.0
202204181010,,0.0
202204181015,,0.0
202204181020,,0.0
202204181025,,0.0
202204181030,,0.0
202204181035,,0.0
202204181040,,0.0
202204181045,,0.0
202204181050,,0.0
202204181055,,0.0
202204181100,,0.0
202204181110,,0.0
202204181115,,0.0
202204181120,,0.0
202204181125,,0.0
202204181130,,0.0
202204181135,,0.0
202204181140,,0.0
202204181145,,0.0
202204181150,,0.0
202204181155,,0.0
202204181200,,0.0
202204181210,,0.0
202204181215,,0.0
202204181220,,0.0
202204181225,221.0,0.4
202204181230,216.0,0.4
202204181235,147.0,0.4
202204181240,162.0,0.4
202204181245,161.0,0.4
202204181250,197.0,0.4
202204181255,225.0,0.9
202204181300,236.0,0.9
202204181310,222.0,0.9
202204181315,,0.0
202204181320,,0.0
202204181325,138.0,0.4
202204181330,193.0,0.4
202204181335,,0.0
202204181340,,0.0
202204181345,303.0,0.9
202204181350,230.0,0.9
202204181400,320.0,0.4
202204181415,356.0,0.9
202204181420,290.0,0.9
202204181425,,0.0
202204181430,,0.0
202204181435,301.0,0.4
202204181440,284.0,0.4
202204181445,347.0,0.9
202204181450,293.0,0.9
202204181455,307.0,0.9
202204181500,322.0,0.9
202204181510,339.0,0.9
202204181515,359.0,0.9
202204181520,11.0,1.3
202204181525,355.0,2.2
202204181530,359.0,2.2
202204181535,357.0,2.7
202204181545,357.0,2.2
202204181550,347.0,2.2
202204181610,352.0,2.2
202204181615,353.0,1.3
202204181620,5.0,1.3
202204181625,13.0,2.2
202204181630,350.0,1.8
202204181635,0.0,1.3
202204181640,348.0,1.3
202204181645,6.0,2.2
202204181650,0.0,2.2
202204181655,339.0,2.2
202204181700,1.0,2.2
202204181710,325.0,1.3
202204181715,10.0,0.9
202204181720,350.0,0.9
202204181725,350.0,0.9
202204181730,358.0,1.3
202204181735,2.0,1.3
202204181740,354.0,1.3
202204181745,15.0,1.3
202204181750,341.0,1.3
202204181755,351.0,0.9
202204181800,334.0,0.9
202204181810,342.0,0.9
202204181815,354.0,0.9
202204181820,1.0,0.9
202204181825,0.0,0.9
202204181830,344.0,0.9
202204181835,353.0,0.9
202204181840,14.0,0.9
202204181845,13.0,0.9
202204181850,21.0,0.9
202204181855,,0.0
202204181900,,0.0
202204181915,357.0,0.9
202204181920,18.0,0.9
202204181925,321.0,0.9
202204181930,26.0,0.9
202204181935,0.0,0.4
202204181940,328.0,0.4
202204181945,,0.0
202204181950,,0.0
202204181955,,0.0
202204182000,,0.0
202204182010,,0.0
202204182015,,0.0
202204182020,,0.0
202204182030,,0.0
202204182035,291.0,0.4
202204182040,331.0,0.4
202204182045,,0.0
202204182050,,0.0
202204182100,314.0,0.4
202204182110,335.0,0.9
202204182115,,0.0
202204182120,,0.0
202204182125,,0.0
202204182130,,0.0
202204182135,349.0,0.9
202204182140,332.0,0.9
202204182145,355.0,0.4
202204182150,336.0,0.4
202204182155,336.0,0.9
202204182200,322.0,0.9
202204182210,345.0,0.9
202204182215,305.0,0.4
202204182220,358.0,0.4
202204182225,347.0,0.9
202204182230,320.0,0.9
202204182235,352.0,0.4
202204182240,341.0,0.4
202204182245,331.0,0.9
202204182250,353.0,0.9
202204182255,341.0,0.9
202204182300,313.0,0.9
202204182310,335.0,0.9
202204182315,,0.0
202204182320,,0.0
202204182325,,0.0
202204182330,,0.0
202204182335,,0.0
202204182340,,0.0
202204182345,,0.0
202204182350,,0.0
202204182355,,0.0
202204190000,,0.0
202204190010,,0.0
202204190015,,0.0
202204190020,,0.0
202204190025,,0.0
202204190030,,0.0
202204190035,,0.0
202204190040,,0.0
202204190045,,0.0
202204190050,,0.0
202204190055,,0.0
202204190100,,0.0
202204190110,,0.0
202204190115,,0.0
202204190120,,0.0
202204190125,,0.0
202204190130,,0.0
202204190135,,0.0
202204190140,,0.0
202204190145,,0.0
202204190150,,0.0
202204190155,,0.0
202204190200,,0.0
202204190210,,0.0
202204190215,,0.0
202204190220,,0.0
202204190225,,0.0
202204190230,,0.0
202204190235,,0.0
202204190240,,0.0
202204190245,,0.0
202204190250,,0.0
202204190255,,0.0
202204190300,,0.0
202204190310,,0.0
202204190315,,0.0
202204190325,347.0,0.4
202204190330,323.0,0.4
202204190335,329.0,0.4
202204190340,328.0,0.4
202204190345,319.0,0.9
202204190350,338.0,0.9
202204190355,322.0,0.4
202204190400,329.0,0.4
202204190410,323.0,0.9
202204190415,342.0,0.9
202204190420,329.0,0.9
202204190425,315.0,0.9
202204190430,343.0,0.9
202204190435,338.0,0.9
202204190440,335.0,0.9
202204190445,342.0,0.9
202204190450,342.0,0.9
202204190455,329.0,0.4
202204190500,347.0,0.4
202204190510,,0.0
202204190515,345.0,0.9
202204190520,329.0,0.9
202204190525,322.0,0.4
202204190530,325.0,0.4
202204190535,349.0,0.4
202204190540,350.0,0.4
202204190545,327.0,0.4
202204190550,320.0,0.4
202204190555,316.0,0.4
202204190600,300.0,0.4
202204190610,,0.0
202204190615,,0.0
202204190620,,0.0
202204190625,,0.0
202204190630,,0.0
202204190635,,0.0
202204190640,,0.0
202204190645,,0.0
202204190650,,0.0
202204190655,,0.0
202204190700,,0.0
202204190710,,0.0
202204190715,,0.0
202204190720,,0.0
202204190725,,0.0
202204190730,,0.0
202204190735,,0.0
202204190740,,0.0
202204190745,,0.0
202204190750,,0.0
202204190755,,0.0
202204190800,,0.0
202204190810,,0.0
202204190815,,0.0
202204190820,,0.0
202204190825,,0.0
202204190830,,0.0
202204190835,,0.0
202204190840,,0.0
202204190850,,0.0
202204190855,,0.0
202204190900,,0.0
202204190910,,0.0
202204190915,,0.0
202204190920,,0.0
202204190925,,0.0
202204190930,,0.0
202204190935,,0.0
202204190940,,0.0
202204190945,,0.0
202204190950,,0.0
202204190955,,0.0
202204191000,,0.0
202204191010,,0.0
202204191015,,0.0
202204191020,,0.0
202204191025,,0.0
202204191030,,0.0
202204191035,,0.0
202204191040,,0.0
202204191045,,0.0
202204191050,,0.0
202204191055,,0.0
202204191100,,0.0
202204191110,,0.0
202204191115,,0.0
202204191120,,0.0
202204191125,,0.0
202204191130,,0.0
202204191135,,0.0
202204191140,,0.0
202204191145,,0.0
202204191150,,0.0
202204191155,,0.0
202204191200,,0.0
202204191210,,0.0
202204191215,,0.0
202204191220,,0.0
202204191225,,0.0
202204191230,,0.0
202204191235,,0.0
202204191240,,0.0
202204191245,,0.0
202204191250,,0.0
202204191255,,0.0
202204191300,,0.0
202204191310,,0.0
202204191315,,0.0
202204191320,,0.0
202204191325,,0.0
202204191330,,0.0
202204191335,357.0,0.4
202204191340,289.0,0.4
202204191345,,0.0
202204191350,,0.0
202204191355,,0.0
202204191400,,0.0
202204191410,0.0,0.9
202204191415,294.0,0.9
202204191420,218.0,0.9
202204191425,277.0,0.9
202204191430,9.0,0.9
202204191435,340.0,0.9
202204191440,12.0,0.9
202204191445,10.0,0.9
202204191450,346.0,0.9
202204191455,150.0,0.9
202204191500,311.0,0.9
202204191510,324.0,0.9
202204191515,225.0,0.9
202204191520,236.0,0.9
202204191525,248.0,0.9
202204191530,218.0,0.9
202204191535,5.0,0.9
202204191540,299.0,0.9
202204191545,353.0,0.9
202204191550,252.0,0.9
202204191555,332.0,0.4
202204191600,184.0,0.4
202204191610,337.0,1.3
202204191615,253.0,0.9
202204191620,315.0,0.9
202204191625,321.0,0.9
202204191630,315.0,0.9
202204191635,174.0,1.3
202204191640,225.0,1.3
202204191645,341.0,2.2
202204191650,348.0,2.2
202204191655,329.0,2.2
202204191700,195.0,1.8
202204191710,267.0,0.9
202204191715,351.0,2.2
202204191720,349.0,1.8
202204191725,226.0,1.3
202204191730,187.0,1.3
202204191735,2.0,1.3
202204191740,194.0,1.3
202204191745,351.0,0.9
202204191750,349.0,1.3
202204191800,307.0,1.3
202204191810,338.0,0.9
202204191815,2.0,0.9
202204191820,8.0,0.9
202204191825,332.0,0.9
202204191830,342.0,1.3
202204191835,331.0,1.3
202204191840,7.0,1.3
202204191850,350.0,1.8
202204191855,346.0,0.9
202204191900,340.0,0.9
202204191910,348.0,0.9
202204191920,309.0,0.9
202204191925,243.0,0.9
202204191930,35.0,0.9
202204191935,7.0,0.9
202204191940,246.0,0.9
202204191945,6.0,0.9
202204191955,289.0,2.2
202204192000,264.0,1.8
202204192010,293.0,1.3
202204192015,347.0,0.9
202204192020,356.0,0.9
202204192025,247.0,0.9
202204192030,335.0,0.9
202204192035,293.0,0.9
202204192040,348.0,0.9
202204192045,343.0,0.9
202204192050,333.0,0.9
202204192055,307.0,0.9
202204192100,348.0,0.9
202204192110,202.0,0.9
202204192120,334.0,0.9
202204192125,0.0,2.2
202204192130,355.0,1.8
202204192135,339.0,1.3
202204192140,288.0,1.3
202204192145,351.0,1.3
202204192155,1.0,0.9
202204192200,341.0,0.9
202204192210,328.0,0.9
202204192215,297.0,0.9
202204192220,350.0,0.9
202204192225,341.0,0.9
202204192230,325.0,0.9
202204192235,326.0,0.4
202204192240,302.0,0.4
202204192245,,0.0
202204192250,,0.0
202204192255,293.0,0.4
202204192300,345.0,0.4
202204192310,,0.0
202204192315,,0.0
202204192320,,0.0
202204192325,,0.0
202204192330,,0.0
202204192335,,0.0
202204192340,,0.0
202204192345,,0.0
202204192350,,0.0
202204192355,,0.0
202204200000,,0.0
202204200010,,0.0
202204200015,,0.0
202204200020,,0.0
202204200025,,0.0
202204200030,,0.0
202204200035,,0.0
202204200040,,0.0
202204200045,,0.0
202204200050,,0.0
202204200055,,0.0
202204200100,,0.0
202204200110,,0.0
202204200115,,0.0
202204200120,,0.0
202204200125,,0.0
202204200130,,0.0
202204200135,,0.0
202204200140,,0.0
202204200145,,0.0
202204200150,,0.0
202204200155,,0.0
202204200200,,0.0
202204200210,,0.0
202204200215,,0.0
202204200220,,0.0
202204200225,,0.0
202204200230,,0.0
202204200235,,0.0
202204200240,,0.0
202204200245,,0.0
202204200250,,0.0
202204200255,,0.0
202204200300,,0.0
202204200310,,0.0
202204200315,,0.0
202204200320,,0.0
202204200325,,0.0
202204200330,,0.0
202204200335,,0.0
202204200340,,0.0
202204200345,,0.0
202204200350,,0.0
202204200355,,0.0
202204200410,,0.0
202204200415,,0.0
202204200425,,0.0
202204200430,,0.0
202204200435,,0.0
202204200440,,0.0
202204200445,,0.0
202204200450,,0.0
202204200455,,0.0
202204200500,,0.0
202204200515,,0.0
202204200520,,0.0
202204200525,,0.0
202204200530,,0.0
202204200535,,0.0
202204200545,,0.0
202204200550,,0.0
202204200555,,0.0
202204200600,,0.0
202204200610,,0.0
202204200615,,0.0
202204200620,,0.0
202204200625,,0.0
202204200630,,0.0
202204200635,,0.0
202204200640,,0.0
202204200645,,0.0
202204200650,,0.0
202204200655,,0.0
202204200700,,0.0
202204200710,,0.0
202204200715,,0.0
202204200720,,0.0
202204200725,,0.0
202204200730,,0.0
202204200735,,0.0
202204200740,,0.0
202204200745,,0.0
202204200750,,0.0
202204200755,,0.0
202204200800,,0.0
202204200810,,0.0
202204200815,,0.0
202204200825,,0.0
202204200830,,0.0
202204200835,,0.0
202204200840,,0.0
202204200845,,0.0
202204200850,,0.0
202204200855,,0.0
202204200900,,0.0
202204200910,,0.0
202204200915,,0.0
202204200925,,0.0
202204200930,,0.0
202204200935,,0.0
202204200940,,0.0
202204200945,,0.0
202204200950,,0.0
202204200955,,0.0
202204201000,,0.0
202204201010,,0.0
202204201015,,0.0
202204201020,,0.0
202204201025,,0.0
202204201030,,0.0
202204201035,,0.0
202204201040,,0.0
202204201045,,0.0
202204201050,,0.0
202204201100,,0.0
202204201110,,0.0
202204201115,,0.0
202204201120,,0.0
202204201125,,0.0
202204201130,,0.0
202204201135,,0.0
202204201140,,0.0
202204201145,,0.0
202204201150,,0.0
202204201155,,0.0
202204201200,,0.0
202204201210,,0.0
202204201215,,0.0
202204201220,,0.0
202204201225,,0.0
202204201230,,0.0
202204201235,,0.0
202204201240,,0.0
202204201245,,0.0
202204201250,,0.0
202204201255,,0.0
202204201300,,0.0
202204201310,,0.0
202204201315,,0.0
202204201320,,0.0
202204201325,,0.0
202204201330,,0.0
202204201335,,0.0
202204201340,,0.0
202204201345,,0.0
202204201350,,0.0
202204201355,,0.0
202204201400,,0.0
202204201415,,0.0
202204201420,,0.0
202204201425,,0.0
202204201430,,0.0
202204201435,,0.0
202204201440,,0.0
202204201445,120.0,0.4
202204201450,38.0,0.4
202204201455,,0.0
202204201500,,0.0
202204201515,129.0,0.4
202204201520,113.0,0.4
202204201525,,0.0
202204201530,,0.0
202204201535,,0.0
202204201540,,0.0
202204201545,,0.0
202204201550,,0.0
202204201555,,0.0
202204201600,,0.0
202204201610,,0.0
202204201615,98.0,0.4
202204201620,270.0,0.4
202204201625,214.0,0.9
202204201630,15.0,0.9
202204201635,42.0,0.4
202204201640,268.0,0.4
202204201645,,0.0
202204201650,,0.0
202204201655,101.0,0.9
202204201700,89.0,0.9
202204201710,0.0,0.4
202204201715,115.0,0.4
202204201720,53.0,0.4
202204201725,,0.0
202204201730,,0.0
202204201735,130.0,0.9
202204201740,195.0,0.9
202204201745,,0.0
202204201750,,0.0
202204201755,108.0,0.9
202204201800,170.0,0.9
202204201810,143.0,0.9
202204201815,157.0,0.9
202204201820,73.0,0.9
202204201825,119.0,0.9
202204201830,136.0,0.9
202204201835,20.0,0.9
202204201840,78.0,0.9
202204201845,42.0,0.4
202204201850,83.0,0.4
202204201855,,0.0
202204201900,,0.0
202204201910,168.0,0.4
202204201915,118.0,0.4
202204201920,159.0,0.4
202204201925,60.0,0.9
202204201935,185.0,0.9
202204201940,73.0,0.9
202204201945,121.0,0.9
202204201950,109.0,0.9
202204201955,,0.0
202204202000,,0.0
202204202010,98.0,0.4
202204202015,,0.0
202204202020,,0.0
202204202025,,0.0
202204202030,,0.0
202204202035,,0.0
202204202040,,0.0
202204202045,,0.0
202204202050,,0.0
202204202055,109.0,0.9
202204202100,246.0,0.9
202204202110,,0.0
202204202115,134.0,0.4
202204202120,77.0,0.4
202204202125,,0.0
202204202130,,0.0
202204202135,,0.0
202204202140,,0.0
202204202145,,0.0
202204202150,,0.0
202204202155,,0.0
202204202200,,0.0
202204202210,,0.0
202204202215,,0.0
202204202220,,0.0
202204202225,,0.0
202204202230,,0.0
202204202235,,0.0
202204202240,,0.0
202204202245,,0.0
202204202250,,0.0
202204202300,,0.0
202204202310,,0.0
202204202315,,0.0
202204202320,,0.0
202204202325,,0.0
202204202330,,0.0
202204202335,,0.0
202204202340,,0.0
202204202345,,0.0
202204202350,,0.0
202204202355,,0.0
202204210000,,0.0
202204210010,,0.0
202204210015,,0.0
202204210020,,0.0
202204210025,,0.0
202204210030,,0.0
202204210035,,0.0
202204210040,,0.0
202204210045,,0.0
202204210050,,0.0
202204210055,,0.0
202204210100,,0.0
202204210110,,0.0
202204210115,128.0,0.4
202204210120,102.0,0.4
202204210125,128.0,0.4
202204210130,122.0,0.4
202204210135,,0.0
202204210140,,0.0
202204210145,,0.0
202204210150,,0.0
202204210155,,0.0
202204210200,,0.0
202204210210,,0.0
202204210215,,0.0
202204210220,,0.0
202204210225,92.0,0.4
202204210230,129.0,0.4
202204210235,128.0,0.9
202204210240,150.0,0.9
202204210245,115.0,0.4
202204210250,133.0,0.4
202204210255,,0.0
202204210300,,0.0
202204210310,121.0,0.4
202204210315,,0.0
202204210320,,0.0
202204210330,,0.0
202204210335,,0.0
202204210340,,0.0
202204210345,,0.0
202204210350,,0.0
202204210355,,0.0
202204210400,,0.0
202204210410,,0.0
202204210415,,0.0
202204210420,,0.0
202204210425,,0.0
202204210430,,0.0
202204210435,112.0,0.4
202204210440,159.0,0.4
202204210445,86.0,0.4
202204210450,20.0,0.4
202204210455,,0.0
202204210500,,0.0
202204210510,123.0,0.4
202204210515,,0.0
202204210520,,0.0
202204210525,,0.0
202204210535,,0.0
202204210540,,0.0
202204210545,,0.0
202204210550,,0.0
202204210555,,0.0
202204210600,,0.0
202204210610,,0.0
202204210615,,0.0
202204210620,,0.0
202204210625,,0.0
202204210630,,0.0
202204210635,,0.0
202204210640,,0.0
202204210645,,0.0
202204210650,,0.0
202204210655,,0.0
202204210700,,0.0
202204210710,,0.0
202204210715,,0.0
202204210720,,0.0
202204210725,,0.0
202204210730,,0.0
202204210735,,0.0
202204210740,,0.0
202204210745,,0.0
202204210750,,0.0
202204210755,,0.0
202204210800,,0.0
202204210810,,0.0
202204210815,,0.0
202204210820,,0.0
202204210825,,0.0
202204210830,,0.0
202204210835,,0.0
202204210840,,0.0
202204210845,,0.0
202204210850,,0.0
202204210855,,0.0
202204210900,,0.0
202204210910,,0.0
202204210915,,0.0
202204210920,,0.0
202204210925,,0.0
202204210930,,0.0
202204210935,,0.0
202204210940,,0.0
202204210945,,0.0
202204210950,,0.0
202204211000,,0.0
202204211010,,0.0
202204211015,,0.0
202204211020,,0.0
202204211025,,0.0
202204211030,,0.0
202204211035,,0.0
202204211040,,0.0
202204211045,,0.0
202204211050,,0.0
202204211055,,0.0
202204211100,,0.0
202204211110,,0.0
202204211115,,0.0
202204211120,,0.0
202204211125,,0.0
202204211130,,0.0
202204211135,,0.0
202204211140,,0.0
202204211145,,0.0
202204211150,,0.0
202204211155,,0.0
202204211200,,0.0
202204211210,,0.0
202204211215,,0.0
202204211220,,0.0
202204211225,,0.0
202204211230,,0.0
202204211235,,0.0
202204211240,,0.0
202204211245,,0.0
202204211250,,0.0
202204211255,,0.0
202204211300,,0.0
202204211310,,0.0
202204211315,,0.0
202204211320,,0.0
202204211325,,0.0
202204211330,,0.0
202204211335,,0.0
202204211340,,0.0
202204211350,,0.0
202204211355,109.0,0.9
202204211400,109.0,0.9
202204211410,130.0,0.4
202204211415,,0.0
202204211420,,0.0
202204211425,64.0,0.9
202204211435,94.0,0.9
202204211440,81.0,0.9
202204211445,126.0,0.4
202204211450,106.0,0.4
202204211455,,0.0
202204211500,,0.0
202204211510,,0.0
202204211515,82.0,0.4
202204211520,116.0,0.4
202204211525,,0.0
202204211530,,0.0
202204211535,,0.0
202204211540,,0.0
202204211545,,0.0
202204211550,,0.0
202204211555,104.0,0.9
202204211600,210.0,0.9
202204211610,99.0,0.9
202204211615,91.0,0.9
202204211620,106.0,0.9
202204211625,195.0,0.4
202204211635,145.0,0.4
202204211640,192.0,0.4
202204211645,,0.0
202204211650,,0.0
202204211655,,0.0
202204211700,,0.0
202204211710,49.0,0.4
202204211715,124.0,0.9
202204211720,180.0,0.9
202204211725,,0.0
202204211730,,0.0
202204211735,,0.0
202204211740,,0.0
202204211745,133.0,0.9
202204211750,182.0,0.9
202204211755,346.0,0.4
202204211810,98.0,0.4
202204211815,151.0,0.9
202204211820,272.0,0.9
202204211825,229.0,0.9
202204211830,250.0,0.9
202204211835,212.0,0.9
202204211840,302.0,0.9
202204211845,121.0,0.9
202204211850,11.0,0.9
202204211855,219.0,0.4
202204211900,173.0,0.4
202204211910,,0.0
202204211915,144.0,0.4
202204211920,110.0,0.4
202204211930,76.0,0.4
202204211935,348.0,0.4
202204211940,125.0,0.4
202204211950,,0.0
202204211955,176.0,0.4
202204212000,359.0,0.4
202204212010,12.0,0.4
202204212015,204.0,0.4
202204212020,69.0,0.4
202204212025,,0.0
202204212030,,0.0
202204212035,69.0,0.9
202204212040,207.0,0.9
202204212045,222.0,0.9
202204212050,230.0,0.9
202204212055,171.0,0.9
202204212100,135.0,0.9
202204212110,311.0,0.9
202204212115,102.0,0.9
202204212120,147.0,0.9
202204212125,216.0,0.4
202204212130,88.0,0.4
202204212135,97.0,0.9
202204212140,132.0,0.9
202204212145,100.0,0.4
202204212150,119.0,0.4
202204212155,,0.0
202204212200,,0.0
202204212210,72.0,0.4
202204212215,,0.0
202204212220,,0.0
202204212225,,0.0
202204212230,,0.0
202204212235,,0.0
202204212240,,0.0
202204212250,,0.0
202204212255,,0.0
202204212300,,0.0
202204212310,,0.0
202204212315,,0.0
202204212320,,0.0
202204212325,,0.0
202204212330,,0.0
202204212335,,0.0
202204212345,,0.0
202204212350,,0.0
202204212355,,0.0
202204220000,,0.0
202204220010,,0.0
202204220015,,0.0
202204220020,,0.0
202204220025,,0.0
202204220030,,0.0
202204220035,,0.0
202204220040,,0.0
202204220045,,0.0
202204220050,,0.0
202204220055,,0.0
202204220100,,0.0
202204220110,,0.0
202204220115,,0.0
202204220120,,0.0
202204220125,,0.0
202204220130,,0.0
202204220135,,0.0
202204220140,,0.0
202204220145,,0.0
202204220150,,0.0
202204220155,,0.0
202204220200,,0.0
202204220210,,0.0
202204220215,,0.0
202204220220,,0.0
202204220225,,0.0
202204220230,,0.0
202204220235,,0.0
202204220240,,0.0
202204220245,,0.0
202204220250,,0.0
202204220255,,0.0
202204220300,,0.0
202204220310,,0.0
202204220315,,0.0
202204220320,,0.0
202204220325,,0.0
202204220330,,0.0
202204220335,,0.0
202204220340,,0.0
202204220345,,0.0
202204220350,,0.0
202204220355,,0.0
202204220400,,0.0
202204220410,,0.0
202204220415,,0.0
202204220420,,0.0
202204220425,,0.0
202204220430,,0.0
202204220435,,0.0
202204220440,,0.0
202204220445,188.0,0.4
202204220450,107.0,0.4
202204220455,,0.0
202204220500,,0.0
202204220510,,0.0
202204220515,,0.0
202204220520,,0.0
202204220525,,0.0
202204220530,,0.0
202204220535,,0.0
202204220540,,0.0
202204220545,,0.0
202204220550,,0.0
202204220555,,0.0
202204220600,,0.0
202204220610,,0.0
202204220615,,0.0
202204220620,,0.0
202204220625,,0.0
202204220630,,0.0
202204220635,,0.0
202204220640,,0.0
202204220645,,0.0
202204220650,,0.0
202204220655,,0.0
202204220700,,0.0
202204220710,,0.0
202204220715,,0.0
202204220720,,0.0
202204220725,,0.0
202204220730,,0.0
202204220735,,0.0
202204220740,,0.0
202204220750,,0.0
202204220755,,0.0
202204220800,,0.0
202204220810,,0.0
202204220815,,0.0
202204220820,,0.0
202204220825,,0.0
202204220830,,0.0
202204220835,,0.0
202204220840,,0.0
202204220845,,0.0
202204220850,,0.0
202204220855,,0.0
202204220900,,0.0
202204220910,,0.0
202204220915,,0.0
202204220920,,0.0
202204220925,,0.0
202204220930,,0.0
202204220935,,0.0
202204220940,,0.0
202204220945,,0.0
202204220950,,0.0
202204220955,,0.0
202204221000,,0.0
202204221010,,0.0
202204221015,,0.0
202204221020,,0.0
202204221025,,0.0
202204221030,,0.0
202204221035,,0.0
202204221040,,0.0
202204221045,,0.0
202204221050,,0.0
202204221055,,0.0
202204221100,,0.0
202204221110,,0.0
202204221115,,0.0
202204221120,,0.0
202204221130,,0.0
202204221135,,0.0
202204221140,,0.0
202204221145,,0.0
202204221150,,0.0
202204221155,,0.0
202204221200,,0.0
202204221210,,0.0
202204221215,,0.0
202204221220,,0.0
202204221225,,0.0
202204221230,,0.0
202204221235,,0.0
202204221240,,0.0
202204221245,,0.0
202204221250,,0.0
202204221255,,0.0
202204221300,,0.0
202204221310,,0.0
202204221315,,0.0
202204221320,,0.0
202204221325,,0.0
202204221330,,0.0
202204221335,,0.0
202204221340,,0.0
202204221345,,0.0
202204221350,,0.0
202204221355,237.0,0.4
202204221400,192.0,0.4
202204221410,,0.0
202204221415,254.0,0.4
202204221420,244.0,0.4
202204221425,192.0,0.4
202204221430,205.0,0.4
202204221435,205.0,0.9
202204221440,301.0,0.9
202204221445,267.0,0.4
202204221450,355.0,0.4
202204221500,,0.0
202204221510,,0.0
202204221515,,0.0
202204221520,,0.0
202204221525,,0.0
202204221530,,0.0
202204221535,,0.0
202204221540,,0.0
202204221545,,0.0
202204221550,,0.0
202204221555,,0.0
202204221600,,0.0
202204221610,,0.0
202204221615,271.0,0.4
202204221620,122.0,0.4
202204221625,,0.0
202204221630,,0.0
202204221635,125.0,0.4
202204221640,330.0,0.4
202204221645,,0.0
202204221650,,0.0
202204221655,,0.0
202204221700,,0.0
202204221710,,0.0
202204221715,,0.0
202204221720,,0.0
202204221725,349.0,0.9
202204221730,339.0,0.9
202204221735,102.0,0.4
202204221740,22.0,0.4
202204221745,,0.0
202204221750,,0.0
202204221755,,0.0
202204221800,,0.0
202204221810,353.0,0.4
202204221815,,0.0
202204221820,,0.0
202204221825,,0.0
202204221830,,0.0
202204221835,,0.0
202204221840,,0.0
202204221845,292.0,0.9
202204221850,137.0,0.9
202204221855,93.0,0.4
202204221900,231.0,0.4
202204221910,256.0,0.4
202204221915,,0.0
202204221920,,0.0
202204221925,83.0,0.4
202204221930,116.0,0.4
202204221940,,0.0
202204221945,92.0,0.9
202204221950,126.0,0.9
202204221955,,0.0
202204222000,,0.0
202204222010,,0.0
202204222015,57.0,0.9
202204222020,100.0,0.9
202204222025,60.0,0.4
202204222030,146.0,0.4
202204222035,260.0,0.4
202204222040,137.0,0.4
202204222045,74.0,0.4
202204222050,21.0,0.4
202204222055,,0.0
202204222100,,0.0
202204222110,,0.0
202204222115,,0.0
202204222120,,0.0
202204222125,,0.0
202204222130,,0.0
202204222135,244.0,0.9
202204222140,216.0,0.9
202204222145,284.0,0.9
202204222150,110.0,0.9
202204222155,329.0,0.4
202204222200,232.0,0.4
202204222210,,0.0
202204222215,191.0,0.4
202204222220,248.0,0.4
202204222225,252.0,0.4
202204222230,220.0,0.4
202204222235,140.0,0.4
202204222240,203.0,0.4
202204222245,117.0,0.4
202204222250,127.0,0.4
202204222255,,0.0
202204222300,,0.0
202204222310,,0.0
202204222315,,0.0
202204222320,,0.0
202204222325,,0.0
202204222330,,0.0
202204222335,,0.0
202204222340,,0.0
202204222345,,0.0
202204222350,,0.0
202204222355,,0.0
202204230000,,0.0
202204230010,,0.0
202204230015,,0.0
202204230020,,0.0
202204230025,,0.0
202204230030,,0.0
202204230035,,0.0
202204230040,,0.0
202204230045,,0.0
202204230050,,0.0
202204230055,,0.0
202204230100,,0.0
202204230110,,0.0
202204230115,,0.0
202204230120,,0.0
202204230125,,0.0
202204230130,,0.0
202204230135,,0.0
202204230140,,0.0
202204230145,,0.0
202204230150,,0.0
202204230155,,0.0
202204230200,,0.0
202204230210,,0.0
202204230215,,0.0
202204230220,,0.0
202204230225,,0.0
202204230230,,0.0
202204230235,,0.0
202204230240,,0.0
202204230245,,0.0
202204230250,,0.0
202204230255,,0.0
202204230300,,0.0
202204230310,,0.0
202204230315,,0.0
202204230320,,0.0
202204230325,,0.0
202204230330,,0.0
202204230335,,0.0
202204230340,,0.0
202204230345,,0.0
202204230350,,0.0
202204230355,,0.0
202204230400,,0.0
202204230410,,0.0
202204230415,,0.0
202204230420,,0.0
202204230425,,0.0
202204230430,,0.0
202204230435,,0.0
202204230440,,0.0
202204230450,,0.0
202204230455,,0.0
202204230500,,0.0
202204230510,,0.0
202204230515,,0.0
202204230520,,0.0
202204230525,,0.0
202204230530,,0.0
202204230535,,0.0
202204230540,,0.0
202204230545,,0.0
202204230550,,0.0
202204230555,,0.0
202204230600,,0.0
202204230610,,0.0
202204230615,,0.0
202204230620,,0.0
202204230625,,0.0
202204230630,,0.0
202204230640,,0.0
202204230645,,0.0
202204230650,,0.0
202204230655,,0.0
202204230700,,0.0
202204230710,,0.0
202204230715,,0.0
202204230720,,0.0
202204230725,,0.0
202204230730,,0.0
202204230735,,0.0
202204230740,,0.0
202204230745,,0.0
202204230750,,0.0
202204230755,,0.0
202204230800,,0.0
202204230815,,0.0
202204230820,,0.0
202204230825,,0.0
202204230830,,0.0
202204230835,,0.0
202204230840,,0.0
202204230845,,0.0
202204230850,,0.0
202204230855,,0.0
202204230900,,0.0
202204230910,,0.0
202204230915,,0.0
202204230920,,0.0
202204230925,,0.0
202204230930,,0.0
202204230935,,0.0
202204230940,,0.0
202204230945,,0.0
202204230950,,0.0
202204230955,,0.0
202204231000,,0.0
202204231010,,0.0
202204231015,,0.0
202204231020,,0.0
202204231025,,0.0
202204231030,,0.0
202204231035,,0.0
202204231040,,0.0
202204231045,,0.0
202204231055,,0.0
202204231100,,0.0
202204231110,,0.0
202204231115,,0.0
202204231120,,0.0
202204231125,,0.0
202204231130,,0.0
202204231135,,0.0
202204231140,,0.0
202204231145,,0.0
202204231150,,0.0
202204231155,,0.0
202204231200,,0.0
202204231210,,0.0
202204231220,,0.0
202204231225,,0.0
202204231230,,0.0
202204231235,,0.0
202204231240,,0.0
202204231245,,0.0
202204231250,,0.0
202204231255,,0.0
202204231300,,0.0
202204231310,,0.0
202204231315,,0.0
202204231320,,0.0
202204231325,,0.0
202204231330,,0.0
202204231335,,0.0
202204231345,,0.0
202204231350,,0.0
202204231355,,0.0
202204231400,,0.0
202204231415,122.0,0.4
202204231420,239.0,0.4
202204231425,239.0,0.9
202204231430,228.0,0.9
202204231435,233.0,0.9
202204231440,151.0,0.9
202204231445,199.0,0.4
202204231450,187.0,0.4
202204231455,326.0,0.9
202204231500,68.0,0.9
202204231510,,0.0
202204231515,86.0,0.9
202204231520,113.0,0.9
202204231525,230.0,0.9
202204231530,250.0,0.9
202204231535,229.0,0.9
202204231540,177.0,0.9
202204231545,148.0,1.3
202204231550,255.0,1.3
202204231555,57.0,0.9
202204231600,310.0,0.9
202204231615,217.0,0.9
202204231620,207.0,0.9
202204231625,49.0,0.9
202204231630,62.0,0.9
202204231635,110.0,0.9
202204231640,157.0,0.9
202204231645,142.0,0.9
202204231650,238.0,0.9
202204231655,149.0,0.9
202204231700,216.0,0.9
202204231710,90.0,1.3
202204231715,75.0,1.3
202204231725,100.0,0.9
202204231730,70.0,0.9
202204231735,102.0,0.9
202204231740,227.0,0.9
202204231745,93.0,0.9
202204231750,126.0,0.9
202204231755,260.0,0.9
202204231800,116.0,0.9
202204231810,100.0,0.9
202204231815,106.0,0.9
202204231820,80.0,0.9
202204231825,108.0,0.9
202204231830,65.0,0.9
202204231835,161.0,0.9
202204231840,157.0,0.9
202204231845,54.0,0.9
202204231850,102.0,0.9
202204231855,99.0,0.9
202204231900,61.0,0.9
202204231910,312.0,0.9
202204231915,86.0,0.9
202204231920,319.0,0.9
202204231925,134.0,0.9
202204231930,152.0,0.9
202204231935,89.0,0.9
202204231940,129.0,0.9
202204231945,168.0,0.9
202204231950,84.0,0.9
202204231955,209.0,0.9
202204232000,98.0,0.9
202204232010,329.0,0.9
202204232015,150.0,0.9
202204232020,244.0,0.9
202204232025,76.0,1.3
202204232030,121.0,1.3
202204232035,126.0,0.9
202204232040,169.0,0.9
202204232045,207.0,0.9
202204232050,106.0,0.9
202204232055,81.0,0.9
202204232100,131.0,0.9
202204232110,139.0,0.9
202204232115,66.0,0.9
202204232125,105.0,0.9
202204232130,118.0,0.9
202204232135,100.0,0.9
202204232140,108.0,0.9
202204232145,117.0,0.9
202204232150,97.0,0.9
202204232155,93.0,0.9
202204232200,136.0,0.9
202204232210,115.0,0.4
202204232215,119.0,0.4
202204232220,109.0,0.4
202204232225,66.0,0.4
202204232230,202.0,0.4
202204232235,,0.0
202204232240,,0.0
202204232245,204.0,0.4
202204232250,237.0,0.4
202204232255,,0.0
202204232300,,0.0
202204232310,123.0,0.4
202204232315,,0.0
202204232320,,0.0
202204232325,178.0,0.4
202204232330,99.0,0.4
202204232335,,0.0
202204232340,,0.0
202204232345,132.0,0.4
202204232350,169.0,0.4
202204232355,,0.0
202204240000,,0.0
202204240010,,0.0
202204240015,,0.0
202204240020,,0.0
202204240025,,0.0
202204240030,,0.0
202204240035,,0.0
202204240040,,0.0
202204240045,,0.0
202204240050,,0.0
202204240055,139.0,0.4
202204240100,122.0,0.4
202204240110,,0.0
202204240115,,0.0
202204240120,,0.0
202204240125,,0.0
202204240130,,0.0
202204240135,,0.0
202204240140,,0.0
202204240145,,0.0
202204240150,,0.0
202204240155,,0.0
202204240200,,0.0
202204240210,82.0,0.4
202204240215,275.0,0.4
202204240220,117.0,0.4
202204240225,51.0,0.4
202204240230,122.0,0.4
202204240235,120.0,0.4
202204240240,122.0,0.4
202204240250,165.0,0.9
202204240300,176.0,0.4
202204240310,186.0,0.4
202204240315,,0.0
202204240320,,0.0
202204240325,136.0,0.4
202204240330,138.0,0.4
202204240335,95.0,0.4
202204240340,134.0,0.4
202204240345,83.0,0.4
202204240350,106.0,0.4
202204240355,,0.0
202204240400,,0.0
202204240410,,0.0
202204240415,201.0,0.4
202204240420,128.0,0.4
202204240425,,0.0
202204240430,,0.0
202204240435,135.0,0.4
202204240440,216.0,0.4
202204240445,,0.0
202204240450,,0.0
202204240455,,0.0
202204240510,,0.0
202204240515,,0.0
202204240525,,0.0
202204240530,,0.0
202204240535,,0.0
202204240540,,0.0
202204240545,,0.0
202204240550,,0.0
202204240555,,0.0
202204240610,,0.0
202204240615,,0.0
202204240625,,0.0
202204240630,,0.0
202204240635,,0.0
202204240640,,0.0
202204240645,,0.0
202204240650,,0.0
202204240655,,0.0
202204240710,,0.0
202204240715,,0.0
202204240720,,0.0
202204240725,,0.0
202204240730,,0.0
202204240735,,0.0
202204240740,,0.0
202204240745,,0.0
202204240750,,0.0
202204240755,,0.0
202204240800,,0.0
202204240810,,0.0
202204240815,,0.0
202204240820,,0.0
202204240825,,0.0
202204240830,,0.0
202204240835,,0.0
202204240840,,0.0
202204240845,,0.0
202204240850,,0.0
202204240855,,0.0
202204240900,,0.0
202204240910,,0.0
202204240915,,0.0
202204240920,,0.0
202204240925,,0.0
202204240930,,0.0
202204240935,,0.0
202204240940,,0.0
202204240945,,0.0
202204240950,,0.0
202204240955,,0.0
202204241000,,0.0
202204241010,,0.0
202204241015,,0.0
202204241020,,0.0
202204241025,,0.0
202204241030,,0.0
202204241035,,0.0
202204241040,,0.0
202204241045,,0.0
202204241050,,0.0
202204241055,,0.0
202204241100,,0.0
202204241110,,0.0
202204241115,,0.0
202204241120,,0.0
202204241125,,0.0
202204241130,,0.0
202204241135,,0.0
202204241140,,0.0
202204241145,,0.0
202204241150,,0.0
202204241155,,0.0
202204241200,,0.0
202204241210,,0.0
202204241215,,0.0
202204241220,,0.0
202204241225,,0.0
202204241230,,0.0
202204241235,,0.0
202204241240,,0.0
202204241245,,0.0
202204241300,,0.0
202204241310,,0.0
202204241315,,0.0
202204241320,,0.0
202204241325,,0.0
202204241330,,0.0
202204241335,153.0,0.4
202204241340,123.0,0.4
202204241345,165.0,0.4
202204241350,51.0,0.4
202204241355,,0.0
202204241400,,0.0
202204241410,207.0,0.9
202204241415,124.0,0.9
202204241420,241.0,0.9
202204241425,234.0,0.9
202204241430,252.0,0.9
202204241435,197.0,0.9
202204241440,217.0,0.9
202204241445,237.0,0.9
202204241450,141.0,0.9
202204241455,216.0,0.9
202204241500,200.0,1.3
202204241515,113.0,1.3
202204241520,105.0,1.3
202204241525,203.0,0.9
202204241530,174.0,0.9
202204241535,172.0,0.9
202204241540,247.0,0.9
202204241545,231.0,0.9
202204241550,323.0,0.9
202204241555,195.0,0.9
202204241600,234.0,0.9
202204241610,233.0,1.3
202204241615,131.0,0.9
202204241620,144.0,0.9
202204241625,133.0,0.9
202204241630,131.0,0.9
202204241635,203.0,0.9
202204241640,138.0,0.9
202204241645,179.0,1.3
202204241650,91.0,1.3
202204241655,323.0,0.9
202204241700,275.0,0.9
202204241710,152.0,0.9
202204241715,226.0,1.3
202204241720,241.0,1.3
202204241725,125.0,0.9
202204241730,93.0,0.9
202204241735,72.0,0.9
202204241740,107.0,0.9
202204241745,133.0,0.9
202204241750,220.0,0.9
202204241755,222.0,0.9
202204241800,136.0,0.9
202204241810,282.0,0.9
202204241815,115.0,0.9
202204241820,180.0,0.9
202204241825,179.0,0.9
202204241830,140.0,0.9
202204241835,240.0,0.9
202204241840,84.0,0.9
202204241845,157.0,0.9
202204241850,99.0,0.9
202204241855,74.0,0.9
202204241900,277.0,0.9
202204241910,209.0,0.9
202204241915,87.0,0.9
202204241920,84.0,0.9
202204241925,107.0,0.9
202204241930,107.0,0.9
202204241935,301.0,0.9
202204241940,84.0,0.9
202204241945,70.0,0.4
202204241950,208.0,0.4
202204241955,279.0,0.9
202204242000,125.0,0.9
202204242010,164.0,0.9
202204242015,0.0,0.4
202204242020,215.0,0.4
202204242025,42.0,0.9
202204242030,25.0,0.9
202204242035,108.0,0.9
202204242040,278.0,0.9
202204242045,208.0,0.9
202204242050,231.0,0.9
202204242055,255.0,0.9
202204242100,139.0,0.9
202204242110,241.0,0.9
202204242115,216.0,0.9
202204242120,298.0,0.9
202204242125,52.0,0.9
202204242130,137.0,0.9
202204242135,211.0,0.4
202204242140,137.0,0.4
202204242150,334.0,0.9
202204242155,,0.0
202204242200,,0.0
202204242210,,0.0
202204242215,99.0,0.4
202204242220,133.0,0.4
202204242225,,0.0
202204242230,,0.0
202204242235,86.0,0.9
202204242240,127.0,0.9
202204242245,190.0,0.4
202204242250,134.0,0.4
202204242300,90.0,0.4
202204242310,113.0,0.4
202204242315,151.0,0.4
202204242320,139.0,0.4
202204242325,,0.0
202204242330,,0.0
202204242335,,0.0
202204242340,,0.0
202204242345,,0.0
202204242350,,0.0
202204242355,,0.0
202204250000,,0.0
202204250010,,0.0
202204250015,,0.0
202204250020,,0.0
202204250025,,0.0
202204250030,,0.0
202204250035,,0.0
202204250040,,0.0
202204250045,,0.0
202204250050,,0.0
202204250055,,0.0
202204250100,,0.0
202204250110,,0.0
202204250115,,0.0
202204250120,,0.0
202204250125,,0.0
202204250130,,0.0
202204250135,,0.0
202204250140,,0.0
202204250145,,0.0
202204250150,,0.0
202204250155,,0.0
202204250200,,0.0
202204250210,,0.0
202204250215,,0.0
202204250220,,0.0
202204250225,,0.0
202204250230,,0.0
202204250235,,0.0
202204250240,,0.0
202204250245,,0.0
202204250250,,0.0
202204250255,,0.0
202204250300,,0.0
202204250310,214.0,0.4
202204250315,,0.0
202204250320,,0.0
202204250325,,0.0
202204250335,,0.0
202204250340,,0.0
202204250345,,0.0
202204250350,,0.0
202204250400,,0.0
202204250410,,0.0
202204250415,,0.0
202204250420,,0.0
202204250425,,0.0
202204250430,,0.0
202204250435,,0.0
202204250440,,0.0
202204250445,,0.0
202204250450,,0.0
202204250455,,0.0
202204250500,,0.0
202204250510,,0.0
202204250515,,0.0
202204250520,,0.0
202204250525,,0.0
202204250530,,0.0
202204250535,,0.0
202204250540,,0.0
202204250545,,0.0
202204250550,,0.0
202204250555,,0.0
202204250600,,0.0
202204250610,,0.0
202204250615,,0.0
202204250620,,0.0
202204250625,,0.0
202204250630,,0.0
202204250635,,0.0
202204250640,,0.0
202204250645,,0.0
202204250650,,0.0
202204250655,,0.0
202204250700,,0.0
202204250710,,0.0
202204250715,,0.0
202204250720,,0.0
202204250725,,0.0
202204250730,,0.0
202204250735,,0.0
202204250740,,0.0
202204250745,,0.0
202204250750,,0.0
202204250755,,0.0
202204250800,,0.0
202204250810,,0.0
202204250815,,0.0
202204250820,,0.0
202204250825,,0.0
202204250835,,0.0
202204250840,,0.0
202204250845,,0.0
202204250850,,0.0
202204250855,,0.0
202204250900,,0.0
202204250915,,0.0
202204250920,,0.0
202204250925,,0.0
202204250930,,0.0
202204250935,,0.0
202204250940,,0.0
202204250945,,0.0
202204250950,,0.0
202204250955,,0.0
202204251000,,0.0
202204251010,,0.0
202204251015,,0.0
202204251020,,0.0
202204251025,,0.0
202204251030,,0.0
202204251035,,0.0
202204251040,,0.0
202204251045,,0.0
202204251050,,0.0
202204251055,,0.0
202204251100,,0.0
202204251110,,0.0
202204251115,,0.0
202204251120,,0.0
202204251125,,0.0
202204251130,,0.0
202204251135,,0.0
202204251140,,0.0
202204251145,,0.0
202204251150,,0.0
202204251155,,0.0
202204251200,,0.0
202204251210,,0.0
202204251215,,0.0
202204251220,,0.0
202204251225,,0.0
202204251230,,0.0
202204251235,217.0,0.9
202204251240,224.0,0.9
202204251245,231.0,1.3
202204251255,140.0,1.3
202204251300,151.0,1.3
202204251310,171.0,0.9
202204251315,251.0,0.9
202204251320,195.0,0.9
202204251325,156.0,0.9
202204251330,83.0,0.9
202204251340,110.0,0.9
202204251345,206.0,0.9
202204251350,222.0,1.3
202204251355,188.0,2.2
202204251400,241.0,1.8
202204251410,235.0,1.3
202204251415,210.0,2.2
202204251420,230.0,2.2
202204251425,201.0,1.3
202204251430,223.0,1.3
202204251435,251.0,2.2
202204251440,232.0,2.2
202204251445,215.0,1.3
202204251455,226.0,2.2
202204251500,273.0,2.2
202204251510,261.0,2.2
202204251515,210.0,0.9
202204251520,199.0,1.3
202204251525,218.0,2.2
202204251530,167.0,1.8
202204251535,155.0,1.3
202204251540,290.0,1.3
202204251545,206.0,1.3
202204251550,138.0,1.3
202204251555,319.0,2.2
202204251600,32.0,1.8
202204251610,201.0,0.9
202204251615,208.0,1.3
202204251620,187.0,1.3
202204251625,260.0,0.9
202204251630,180.0,0.9
202204251635,177.0,1.3
202204251640,204.0,1.3
202204251645,199.0,1.3
202204251650,292.0,1.3
202204251655,198.0,0.9
202204251700,230.0,1.3
202204251710,238.0,1.3
202204251715,276.0,0.9
202204251725,229.0,1.3
202204251730,341.0,1.3
202204251740,274.0,2.2
202204251745,244.0,0.9
202204251750,178.0,0.9
202204251755,220.0,2.2
202204251800,216.0,1.8
202204251810,161.0,0.9
202204251815,350.0,0.9
202204251825,180.0,0.9
202204251830,188.0,1.3
202204251835,260.0,2.2
202204251840,179.0,1.8
202204251850,239.0,0.9
202204251855,212.0,0.9
202204251900,309.0,0.9
202204251910,181.0,0.9
202204251915,353.0,0.9
202204251920,309.0,0.9
202204251925,240.0,0.9
202204251930,5.0,0.9
202204251935,356.0,0.9
202204251940,243.0,0.9
202204251945,271.0,0.9
202204251950,237.0,0.9
202204251955,219.0,1.3
202204252000,355.0,1.3
202204252010,251.0,0.9
202204252015,114.0,0.9
202204252020,272.0,0.9
202204252025,290.0,0.9
202204252030,269.0,0.9
202204252035,188.0,0.9
202204252040,241.0,0.9
202204252045,212.0,0.9
202204252050,254.0,0.9
202204252055,351.0,0.9
202204252100,260.0,0.9
202204252110,232.0,0.4
202204252115,101.0,0.9
202204252120,273.0,0.9
202204252125,258.0,0.9
202204252130,234.0,0.9
202204252135,183.0,1.3
202204252140,145.0,1.3
202204252145,156.0,0.9
202204252150,140.0,0.9
202204252155,99.0,0.9
202204252200,138.0,0.9
202204252210,162.0,0.9
202204252215,161.0,0.9
202204252220,200.0,0.9
202204252225,349.0,0.9
202204252230,111.0,0.9
202204252235,119.0,0.9
202204252240,156.0,0.9
202204252245,155.0,0.9
202204252250,129.0,0.9
202204252255,197.0,0.9
202204252300,87.0,0.9
202204252310,159.0,0.9
202204252315,,0.0
202204252320,,0.0
202204252325,,0.0
202204252330,,0.0
202204252335,,0.0
202204252340,,0.0
202204252345,,0.0
202204252350,,0.0
202204252355,,0.0
202204260000,,0.0
202204260010,,0.0
202204260015,,0.0
202204260020,,0.0
202204260025,,0.0
202204260030,,0.0
202204260035,,0.0
202204260040,,0.0
202204260045,,0.0
202204260050,,0.0
202204260055,,0.0
202204260100,,0.0
202204260110,,0.0
202204260115,,0.0
202204260120,,0.0
202204260125,,0.0
202204260130,,0.0
202204260135,,0.0
202204260140,,0.0
202204260145,,0.0
202204260150,,0.0
202204260155,,0.0
202204260200,,0.0
202204260210,,0.0
202204260215,,0.0
202204260220,,0.0
202204260225,,0.0
202204260230,,0.0
202204260235,,0.0
202204260240,,0.0
202204260245,,0.0
202204260250,,0.0
202204260255,,0.0
202204260300,,0.0
202204260310,,0.0
202204260315,,0.0
202204260320,,0.0
202204260325,,0.0
202204260330,,0.0
202204260335,,0.0
202204260340,,0.0
202204260345,,0.0
202204260350,,0.0
202204260355,197.0,0.4
202204260400,175.0,0.4
202204260410,193.0,0.9
202204260415,190.0,0.9
202204260420,160.0,0.9
202204260425,192.0,0.9
202204260430,176.0,0.9
202204260435,236.0,0.9
202204260440,133.0,0.9
202204260445,178.0,0.9
202204260450,200.0,0.9
202204260455,212.0,0.9
202204260500,187.0,0.9
202204260515,226.0,2.2
202204260520,185.0,2.2
202204260525,197.0,1.3
202204260535,203.0,2.2
202204260540,209.0,2.2
202204260545,212.0,2.2
202204260550,202.0,2.2
202204260555,207.0,2.2
202204260600,193.0,2.2
202204260610,209.0,2.2
202204260615,214.0,2.2
202204260620,157.0,2.2
202204260625,208.0,2.2
202204260630,183.0,2.2
202204260635,190.0,1.3
202204260640,180.0,1.3
202204260645,208.0,1.3
202204260650,215.0,1.3
202204260655,220.0,2.2
202204260700,221.0,2.2
202204260710,201.0,2.2
202204260715,214.0,2.2
202204260720,217.0,2.2
202204260725,210.0,2.2
202204260730,201.0,2.2
202204260735,194.0,2.2
202204260740,228.0,2.2
202204260745,207.0,2.2
202204260750,221.0,2.2
202204260755,213.0,2.2
202204260800,196.0,2.2
202204260810,196.0,2.2
202204260815,207.0,2.2
202204260820,200.0,2.2
202204260825,194.0,2.2
202204260830,228.0,2.2
202204260835,210.0,2.2
202204260840,227.0,2.2
202204260845,174.0,2.2
202204260850,228.0,2.2
202204260855,195.0,2.2
202204260900,213.0,2.2
202204260910,183.0,2.2
202204260915,185.0,2.2
202204260920,199.0,2.2
202204260925,195.0,2.2
202204260930,198.0,2.2
202204260935,208.0,2.2
202204260940,223.0,2.2
202204260945,205.0,2.2
202204260950,228.0,2.2
202204260955,219.0,2.2
202204261000,205.0,2.2
202204261010,212.0,2.2
202204261015,191.0,2.2
202204261020,220.0,2.2
202204261025,224.0,2.2
202204261030,204.0,1.8
202204261035,192.0,1.3
202204261040,221.0,1.3
202204261045,214.0,1.3
202204261050,232.0,1.3
202204261055,229.0,1.3
202204261100,203.0,1.3
202204261115,209.0,0.9
202204261120,226.0,0.9
202204261125,213.0,0.9
202204261135,212.0,0.9
202204261140,206.0,0.9
202204261145,223.0,0.9
202204261150,194.0,0.9
202204261155,203.0,0.9
202204261200,236.0,1.3
202204261210,179.0,1.3
202204261215,232.0,2.2
202204261220,207.0,1.8
202204261225,267.0,1.3
202204261230,203.0,1.3
202204261235,221.0,0.9
202204261240,225.0,1.3
202204261245,190.0,1.3
202204261250,225.0,1.3
202204261255,253.0,1.3
202204261310,206.0,1.8
202204261315,214.0,1.3
202204261320,225.0,1.3
202204261325,197.0,0.9
202204261330,265.0,1.3
202204261335,226.0,1.3
202204261345,180.0,0.9
202204261350,237.0,0.9
202204261355,123.0,0.9
202204261400,221.0,0.9
202204261410,208.0,0.9
202204261415,227.0,0.9
202204261420,201.0,1.3
202204261425,225.0,2.2
202204261430,235.0,1.8
202204261435,209.0,1.3
202204261445,251.0,1.3
202204261450,217.0,1.3
202204261455,212.0,1.3
202204261500,243.0,1.3
202204261510,210.0,1.3
202204261515,231.0,1.3
202204261520,229.0,1.3
202204261525,223.0,1.3
202204261530,232.0,1.3
202204261535,217.0,0.9
202204261540,202.0,1.3
202204261545,201.0,2.2
202204261550,328.0,2.2
202204261555,217.0,2.2
202204261600,169.0,2.2
202204261610,230.0,2.2
202204261615,178.0,2.2
202204261620,206.0,2.2
202204261625,216.0,2.7
202204261630,242.0,2.7
202204261635,213.0,2.2
202204261640,311.0,2.2
202204261645,201.0,1.3
202204261650,170.0,1.3
202204261655,312.0,1.3
202204261700,204.0,1.3
202204261710,216.0,2.2
202204261715,205.0,2.2
202204261720,215.0,2.2
202204261725,309.0,2.7
202204261730,198.0,2.7
202204261735,236.0,2.2
202204261740,206.0,2.2
202204261745,13.0,2.7
202204261750,185.0,2.7
202204261755,212.0,2.7
202204261800,306.0,2.7
202204261810,299.0,3.1
202204261815,312.0,3.6
202204261825,338.0,3.1
202204261830,309.0,3.1
202204261835,350.0,2.2
202204261840,301.0,1.8
202204261845,315.0,0.9
202204261850,297.0,0.9
202204261855,307.0,0.9
202204261900,338.0,0.9
202204261915,321.0,0.9
202204261920,297.0,0.9
202204261925,285.0,0.9
202204261930,352.0,0.9
202204261935,321.0,0.9
202204261940,317.0,0.9
202204261945,23.0,0.9
202204261950,347.0,0.9
202204261955,0.0,0.9
202204262000,349.0,0.9
202204262010,354.0,0.9
202204262015,54.0,0.9
202204262020,213.0,0.9
202204262030,326.0,0.9
202204262035,348.0,0.9
202204262040,336.0,0.9
202204262045,339.0,0.9
202204262050,351.0,1.3
202204262055,336.0,1.3
202204262100,1.0,1.3
202204262110,323.0,2.2
202204262115,356.0,1.3
202204262120,342.0,1.3
202204262125,332.0,2.2
202204262130,343.0,2.2
202204262140,341.0,2.2
202204262150,330.0,2.2
202204262155,348.0,1.3
202204262200,341.0,1.3
202204262210,329.0,2.2
202204262215,336.0,1.3
202204262220,327.0,1.3
202204262225,347.0,0.9
202204262230,297.0,0.9
202204262240,337.0,0.9
202204262245,341.0,0.9
202204262250,0.0,0.9
202204262255,336.0,0.9
202204262300,294.0,0.9
202204262310,39.0,0.9
202204262315,319.0,0.9
202204262320,321.0,0.9
202204262325,18.0,0.9
202204262330,347.0,0.9
202204262335,329.0,0.9
202204262340,320.0,0.9
202204262345,325.0,0.9
202204262350,319.0,0.9
202204262355,325.0,0.9
202204270000,357.0,0.9
202204270010,344.0,0.9
202204270015,345.0,0.4
202204270020,319.0,0.4
202204270025,,0.0
202204270030,,0.0
202204270035,,0.0
202204270050,,0.0
202204270055,347.0,0.4
202204270100,273.0,0.4
202204270110,303.0,0.4
202204270120,,0.0
202204270125,194.0,0.4
202204270130,204.0,0.4
202204270140,239.0,0.9
202204270145,317.0,0.4
202204270150,316.0,0.4
202204270155,,0.0
202204270200,,0.0
202204270210,319.0,0.4
202204270215,318.0,0.9
202204270220,309.0,0.9
202204270225,342.0,0.9
202204270230,348.0,0.9
202204270240,318.0,0.9
202204270245,301.0,0.9
202204270250,356.0,0.9
202204270255,325.0,0.4
202204270300,326.0,0.4
202204270310,323.0,0.4
202204270315,341.0,0.4
202204270320,2.0,0.4
202204270325,328.0,0.4
202204270330,227.0,0.4
202204270335,331.0,0.9
202204270340,310.0,0.9
202204270345,314.0,0.4
202204270350,311.0,0.4
202204270355,334.0,0.4
202204270415,311.0,0.9
202204270420,329.0,0.9
202204270425,320.0,0.9
202204270440,333.0,0.9
202204270445,359.0,0.9
202204270450,328.0,0.9
202204270455,16.0,0.9
202204270500,339.0,0.9
202204270510,318.0,0.9
202204270515,333.0,0.9
202204270520,341.0,0.9
202204270525,337.0,0.9
202204270530,345.0,0.9
202204270535,342.0,1.3
202204270540,335.0,1.3
202204270545,335.0,1.3
202204270550,338.0,1.3
202204270555,327.0,1.3
202204270600,5.0,1.3
202204270610,12.0,1.3
202204270615,336.0,0.9
202204270620,338.0,0.9
202204270625,22.0,0.9
202204270630,336.0,0.9
202204270635,14.0,0.9
202204270640,352.0,0.9
202204270645,1.0,0.9
202204270650,349.0,0.9
202204270655,355.0,0.9
202204270700,0.0,0.9
202204270710,11.0,0.9
202204270715,9.0,0.9
202204270720,352.0,0.9
202204270725,16.0,0.9
202204270730,12.0,0.9
202204270735,355.0,0.9
202204270740,2.0,0.9
202204270745,356.0,0.9
202204270750,339.0,0.9
202204270755,348.0,0.9
202204270800,8.0,0.9
202204270810,348.0,0.9
202204270815,0.0,0.9
202204270820,349.0,0.9
202204270825,354.0,0.9
202204270830,347.0,0.9
202204270835,331.0,0.9
202204270840,348.0,0.9
202204270845,9.0,0.9
202204270850,17.0,0.9
202204270855,346.0,0.9
202204270900,19.0,0.9
202204270910,349.0,0.9
202204270915,7.0,0.4
202204270920,12.0,0.4
202204270925,8.0,0.4
202204270930,340.0,0.4
202204270935,4.0,0.4
202204270940,16.0,0.4
202204270950,0.0,0.4
202204271000,,0.0
202204271010,,0.0
202204271015,,0.0
202204271020,,0.0
202204271025,,0.0
202204271035,,0.0
202204271040,,0.0
202204271045,,0.0
202204271050,,0.0
202204271100,,0.0
202204271110,,0.0
202204271115,,0.0
202204271120,,0.0
202204271125,,0.0
202204271130,,0.0
202204271135,,0.0
202204271140,,0.0
202204271145,,0.0
202204271150,,0.0
202204271155,,0.0
202204271200,,0.0
202204271210,,0.0
202204271215,340.0,0.4
202204271220,0.0,0.4
202204271225,14.0,0.4
202204271230,351.0,0.4
202204271235,6.0,0.4
202204271240,30.0,0.4
202204271245,357.0,0.9
202204271250,354.0,0.9
202204271255,342.0,0.9
202204271300,337.0,0.9
202204271310,348.0,0.9
202204271315,357.0,0.9
202204271320,0.0,0.9
202204271325,339.0,0.9
202204271330,13.0,0.9
202204271335,75.0,0.9
202204271340,350.0,0.9
202204271345,12.0,0.9
202204271350,13.0,0.9
202204271355,7.0,1.3
202204271400,16.0,1.3
202204271410,336.0,0.9
202204271415,15.0,0.9
202204271420,5.0,0.9
202204271425,350.0,0.9
202204271430,38.0,0.9
202204271435,352.0,0.9
202204271440,0.0,0.9
202204271445,343.0,1.3
202204271450,354.0,1.3
202204271455,5.0,0.9
202204271500,348.0,0.9
202204271510,10.0,0.9
202204271515,343.0,0.9
202204271520,20.0,0.9
202204271525,337.0,0.9
202204271535,359.0,0.9
202204271540,6.0,0.9
202204271545,16.0,0.9
202204271550,351.0,0.9
202204271555,6.0,0.9
202204271600,14.0,0.9
202204271610,0.0,0.9
202204271615,346.0,0.4
202204271620,352.0,0.4
202204271625,335.0,1.3
202204271630,354.0,1.3
202204271635,67.0,0.9
202204271640,4.0,0.9
202204271645,349.0,0.9
202204271655,341.0,0.4
202204271700,356.0,0.4
202204271710,127.0,0.9
202204271715,8.0,0.9
202204271720,0.0,0.9
202204271725,77.0,0.4
202204271730,351.0,0.4
202204271735,329.0,0.4
202204271740,18.0,0.4
202204271745,279.0,0.9
202204271750,346.0,0.9
202204271755,337.0,0.9
202204271800,3.0,0.9
202204271810,320.0,1.3
202204271815,328.0,0.4
202204271820,325.0,0.4
202204271825,8.0,1.3
202204271830,41.0,1.3
202204271835,55.0,0.9
202204271840,349.0,0.9
202204271845,320.0,0.9
202204271850,340.0,0.9
202204271855,282.0,0.9
202204271900,25.0,0.9
202204271910,46.0,0.9
202204271915,91.0,0.9
202204271920,326.0,0.9
202204271925,,0.0
202204271930,,0.0
202204271935,353.0,0.9
202204271940,355.0,0.9
202204271945,344.0,0.9
202204271950,353.0,0.9
202204271955,37.0,0.9
202204272000,321.0,0.9
202204272010,350.0,0.9
202204272015,349.0,0.4
202204272020,357.0,0.4
202204272025,,0.0
202204272030,,0.0
202204272035,3.0,0.9
202204272040,10.0,0.9
202204272045,322.0,0.4
202204272050,351.0,0.4
202204272055,75.0,0.9
202204272100,277.0,0.9
202204272110,338.0,0.9
202204272115,334.0,0.9
202204272120,0.0,0.9
202204272125,338.0,0.9
202204272130,14.0,0.9
202204272135,330.0,0.9
202204272140,331.0,0.9
202204272145,4.0,0.9
202204272150,321.0,0.9
202204272155,2.0,0.9
202204272200,347.0,0.9
202204272210,339.0,0.9
202204272215,1.0,0.9
202204272220,325.0,0.9
202204272225,323.0,0.9
202204272230,326.0,0.9
202204272235,3.0,0.4
202204272240,339.0,0.4
202204272245,,0.0
202204272250,,0.0
202204272255,327.0,0.4
202204272300,358.0,0.4
202204272310,,0.0
202204272315,328.0,0.9
202204272320,23.0,0.9
202204272325,,0.0
202204272330,,0.0
202204272335,,0.0
202204272340,,0.0
202204272350,,0.0
202204272355,,0.0
202204280000,,0.0
202204280010,,0.0
202204280015,,0.0
202204280020,,0.0
202204280025,,0.0
202204280030,,0.0
202204280035,,0.0
202204280040,,0.0
202204280045,,0.0
202204280050,,0.0
202204280100,,0.0
202204280110,,0.0
202204280115,,0.0
202204280120,,0.0
202204280125,,0.0
202204280130,,0.0
202204280135,,0.0
202204280140,,0.0
202204280145,,0.0
202204280150,,0.0
202204280155,,0.0
202204280200,,0.0
202204280210,,0.0
202204280215,,0.0
202204280220,,0.0
202204280225,,0.0
202204280230,,0.0
202204280235,,0.0
202204280240,,0.0
202204280245,,0.0
202204280250,,0.0
202204280255,,0.0
202204280300,,0.0
202204280310,,0.0
202204280320,,0.0
202204280325,,0.0
202204280330,,0.0
202204280335,,0.0
202204280340,,0.0
202204280345,,0.0
202204280350,,0.0
202204280355,,0.0
202204280400,,0.0
202204280410,,0.0
202204280420,,0.0
202204280430,,0.0
202204280435,,0.0
202204280440,,0.0
202204280445,,0.0
202204280450,,0.0
202204280455,,0.0
202204280500,,0.0
202204280510,,0.0
202204280515,,0.0
202204280520,,0.0
202204280525,,0.0
202204280530,,0.0
202204280535,,0.0
202204280540,,0.0
202204280550,,0.0
202204280555,,0.0
202204280600,,0.0
202204280610,,0.0
202204280615,,0.0
202204280620,,0.0
202204280625,,0.0
202204280630,,0.0
202204280635,,0.0
202204280640,,0.0
202204280645,,0.0
202204280650,,0.0
202204280655,,0.0
202204280700,,0.0
202204280715,,0.0
202204280720,,0.0
202204280725,,0.0
202204280730,,0.0
202204280735,,0.0
202204280740,,0.0
202204280750,,0.0
202204280755,,0.0
202204280800,,0.0
202204280815,,0.0
202204280820,,0.0
202204280825,,0.0
202204280830,,0.0
202204280835,,0.0
202204280840,,0.0
202204280845,,0.0
202204280850,,0.0
202204280855,,0.0
202204280900,,0.0
202204280910,,0.0
202204280915,,0.0
202204280920,,0.0
202204280925,,0.0
202204280930,,0.0
202204280935,,0.0
202204280940,,0.0
202204280945,,0.0
202204280950,,0.0
202204280955,,0.0
202204281000,,0.0
202204281010,,0.0
202204281015,,0.0
202204281020,,0.0
202204281025,,0.0
202204281030,,0.0
202204281035,,0.0
202204281040,,0.0
202204281045,,0.0
202204281050,,0.0
202204281055,,0.0
202204281100,,0.0
202204281110,,0.0
202204281115,,0.0
202204281120,,0.0
202204281130,,0.0
202204281135,,0.0
202204281140,,0.0
202204281150,,0.0
202204281155,,0.0
202204281200,,0.0
202204281210,,0.0
202204281215,,0.0
202204281220,,0.0
202204281225,,0.0
202204281230,,0.0
202204281235,,0.0
202204281240,,0.0
202204281245,,0.0
202204281250,,0.0
202204281255,,0.0
202204281300,,0.0
202204281310,,0.0
202204281315,,0.0
202204281320,,0.0
202204281325,,0.0
202204281330,,0.0
202204281335,,0.0
202204281340,,0.0
202204281345,,0.0
202204281350,,0.0
202204281355,,0.0
202204281400,,0.0
202204281410,,0.0
202204281415,,0.0
202204281420,,0.0
202204281425,,0.0
202204281430,,0.0
202204281435,,0.0
202204281440,,0.0
202204281445,,0.0
202204281450,,0.0
202204281455,88.0,0.4
202204281500,319.0,0.4
202204281510,346.0,0.4
202204281515,116.0,0.4
202204281520,94.0,0.4
202204281525,,0.0
202204281530,,0.0
202204281535,329.0,0.4
202204281540,35.0,0.4
202204281545,92.0,0.4
202204281550,357.0,0.4
202204281600,340.0,0.4
202204281615,327.0,0.4
202204281620,349.0,0.4
202204281625,348.0,0.9
202204281630,328.0,0.9
202204281635,358.0,0.9
202204281640,35.0,0.9
202204281645,332.0,0.9
202204281650,327.0,0.9
202204281655,109.0,0.4
202204281700,300.0,0.4
202204281710,281.0,0.4
202204281715,42.0,0.4
202204281720,14.0,0.4
202204281725,,0.0
202204281730,,0.0
202204281735,,0.0
202204281740,,0.0
202204281745,329.0,0.9
202204281750,337.0,0.9
202204281755,315.0,0.9
202204281800,91.0,0.9
202204281810,347.0,0.9
202204281815,27.0,0.9
202204281820,75.0,0.9
202204281825,179.0,0.9
202204281830,324.0,0.9
202204281835,8.0,0.9
202204281840,118.0,0.9
202204281845,71.0,0.4
202204281850,343.0,0.4
202204281855,328.0,0.9
202204281900,280.0,0.9
202204281910,30.0,0.4
202204281915,103.0,0.9
202204281920,273.0,0.9
202204281925,,0.0
202204281935,,0.0
202204281940,,0.0
202204281945,96.0,0.9
202204281950,104.0,0.9
202204281955,,0.0
202204282010,89.0,0.9
202204282015,211.0,0.4
202204282020,21.0,0.4
202204282025,355.0,0.9
202204282030,357.0,0.9
202204282035,5.0,0.9
202204282040,341.0,0.9
202204282045,65.0,0.9
202204282050,289.0,0.9
202204282100,,0.0
202204282110,323.0,0.9
202204282115,79.0,0.4
202204282120,42.0,0.4
202204282125,258.0,0.4
202204282130,98.0,0.4
202204282135,,0.0
202204282140,,0.0
202204282145,,0.0
202204282150,,0.0
202204282200,72.0,0.4
202204282210,,0.0
202204282215,,0.0
202204282220,,0.0
202204282225,,0.0
202204282230,,0.0
202204282235,,0.0
202204282240,,0.0
202204282245,,0.0
202204282250,,0.0
202204282255,,0.0
202204282300,,0.0
202204282310,,0.0
202204282315,,0.0
202204282320,,0.0
202204282325,,0.0
202204282330,,0.0
202204282335,,0.0
202204282340,,0.0
202204282345,,0.0
202204282350,,0.0
202204290000,,0.0
202204290010,,0.0
202204290015,,0.0
202204290020,,0.0
202204290025,,0.0
202204290030,,0.0
202204290035,,0.0
202204290040,,0.0
202204290045,,0.0
202204290050,,0.0
202204290055,,0.0
202204290100,,0.0
202204290110,,0.0
202204290115,,0.0
202204290120,,0.0
202204290125,,0.0
202204290130,,0.0
202204290135,,0.0
202204290140,,0.0
202204290145,,0.0
202204290150,,0.0
202204290155,,0.0
202204290200,,0.0
202204290210,,0.0
202204290215,,0.0
202204290220,,0.0
202204290225,,0.0
202204290230,,0.0
202204290235,,0.0
202204290240,,0.0
202204290245,,0.0
202204290250,,0.0
202204290255,,0.0
202204290300,,0.0
202204290310,,0.0
202204290315,,0.0
202204290320,,0.0
202204290325,,0.0
202204290330,,0.0
202204290335,,0.0
202204290340,,0.0
202204290345,,0.0
202204290350,,0.0
202204290355,,0.0
202204290400,,0.0
202204290410,,0.0
202204290415,,0.0
202204290420,,0.0
202204290425,,0.0
202204290430,,0.0
202204290435,193.0,0.4
202204290440,166.0,0.4
202204290445,218.0,0.9
202204290450,180.0,0.9
202204290455,182.0,0.9
202204290500,199.0,0.9
202204290510,173.0,0.4
202204290515,189.0,0.9
202204290525,200.0,0.9
202204290530,196.0,0.9
202204290535,159.0,0.4
202204290540,151.0,0.4
202204290545,205.0,0.4
202204290550,171.0,0.4
202204290555,138.0,0.9
202204290600,196.0,0.9
202204290610,124.0,0.4
202204290615,190.0,0.4
202204290620,119.0,0.4
202204290625,,0.0
202204290630,,0.0
202204290635,,0.0
202204290640,,0.0
202204290650,,0.0
202204290655,,0.0
202204290700,,0.0
202204290710,,0.0
202204290715,,0.0
202204290720,,0.0
202204290725,,0.0
202204290730,,0.0
202204290735,,0.0
202204290740,,0.0
202204290750,,0.0
202204290755,,0.0
202204290800,,0.0
202204290810,,0.0
202204290815,,0.0
202204290820,,0.0
202204290825,,0.0
202204290830,,0.0
202204290835,,0.0
202204290840,,0.0
202204290845,,0.0
202204290850,,0.0
202204290855,,0.0
202204290900,,0.0
202204290910,,0.0
202204290915,,0.0
202204290920,,0.0
202204290925,,0.0
202204290930,,0.0
202204290935,,0.0
202204290940,,0.0
202204290945,,0.0
202204290950,,0.0
202204291010,,0.0
202204291015,,0.0
202204291020,,0.0
202204291025,,0.0
202204291030,,0.0
202204291035,,0.0
202204291040,,0.0
202204291045,,0.0
202204291050,,0.0
202204291055,,0.0
202204291100,,0.0
202204291110,,0.0
202204291115,,0.0
202204291120,,0.0
202204291125,,0.0
202204291130,,0.0
202204291135,,0.0
202204291140,,0.0
202204291145,,0.0
202204291150,,0.0
202204291155,,0.0
202204291200,,0.0
202204291210,,0.0
202204291215,,0.0
202204291220,,0.0
202204291225,,0.0
202204291230,,0.0
202204291235,,0.0
202204291240,,0.0
202204291245,,0.0
202204291250,,0.0
202204291255,,0.0
202204291300,,0.0
202204291310,,0.0
202204291315,154.0,0.4
202204291320,234.0,0.4
202204291325,238.0,0.9
202204291330,178.0,0.9
202204291340,197.0,0.9
202204291345,196.0,1.3
202204291350,160.0,1.3
202204291355,159.0,0.9
202204291410,131.0,0.9
202204291415,211.0,0.9
202204291420,145.0,0.9
202204291425,177.0,1.3
202204291430,160.0,1.3
202204291435,124.0,1.3
202204291445,147.0,0.9
202204291450,234.0,0.9
202204291455,171.0,0.9
202204291500,142.0,0.9
202204291510,185.0,1.3
202204291515,119.0,0.9
202204291520,154.0,0.9
202204291525,151.0,0.4
202204291535,181.0,1.3
202204291540,148.0,1.3
202204291545,275.0,1.3
202204291550,222.0,1.3
202204291555,101.0,1.3
202204291600,281.0,1.3
202204291610,166.0,0.9
202204291615,129.0,0.9
202204291620,231.0,0.9
202204291625,234.0,0.9
202204291630,110.0,0.9
202204291635,204.0,0.9
202204291645,133.0,0.9
202204291650,225.0,0.9
202204291655,,0.0
202204291700,,0.0
202204291710,210.0,0.4
202204291715,212.0,0.9
202204291720,259.0,0.9
202204291730,135.0,0.9
202204291735,79.0,0.9
202204291740,125.0,0.9
202204291745,124.0,0.9
202204291750,319.0,0.9
202204291755,222.0,0.9
202204291800,33.0,0.9
202204291810,271.0,0.9
202204291815,,0.0
202204291820,,0.0
202204291825,,0.0
202204291830,,0.0
202204291835,153.0,0.9
202204291840,81.0,0.9
202204291845,237.0,0.9
202204291850,200.0,0.9
202204291900,,0.0
202204291910,267.0,0.9
202204291920,177.0,1.3
202204291925,202.0,1.3
202204291930,213.0,1.3
202204291935,249.0,0.9
202204291940,193.0,0.9
202204291945,152.0,0.9
202204291950,143.0,0.9
202204291955,,0.0
202204292000,,0.0
202204292010,84.0,0.4
202204292015,103.0,0.9
202204292020,111.0,0.9
202204292025,155.0,0.4
202204292030,157.0,0.4
202204292035,151.0,0.4
202204292040,96.0,0.4
202204292045,,0.0
202204292050,,0.0
202204292055,17.0,0.9
202204292100,119.0,0.9
202204292110,,0.0
202204292115,,0.0
202204292120,,0.0
202204292130,,0.0
202204292135,108.0,0.4
202204292140,91.0,0.4
202204292150,117.0,0.4
202204292155,147.0,0.4
202204292200,97.0,0.4
202204292210,208.0,0.9
202204292215,,0.0
202204292220,,0.0
202204292225,,0.0
202204292235,,0.0
202204292240,,0.0
202204292245,,0.0
202204292250,,0.0
202204292255,,0.0
202204292300,,0.0
202204292310,,0.0
202204292315,232.0,0.9
202204292325,,0.0
202204292330,,0.0
202204292335,,0.0
202204292340,,0.0
202204292345,,0.0
202204292350,,0.0
202204292355,,0.0
202204300000,,0.0
202204300010,,0.0
202204300015,,0.0
202204300020,,0.0
202204300025,,0.0
202204300035,,0.0
202204300045,,0.0
202204300050,,0.0
202204300055,,0.0
202204300100,,0.0
202204300110,,0.0
202204300115,,0.0
202204300120,,0.0
202204300125,,0.0
202204300130,,0.0
202204300140,,0.0
202204300145,,0.0
202204300150,,0.0
202204300155,,0.0
202204300200,,0.0
202204300210,119.0,0.4
202204300215,125.0,0.9
202204300220,123.0,0.9
202204300225,,0.0
202204300230,,0.0
202204300235,,0.0
202204300240,,0.0
202204300245,132.0,0.4
202204300250,105.0,0.4
202204300255,,0.0
202204300300,,0.0
202204300310,,0.0
202204300315,,0.0
202204300320,,0.0
202204300325,,0.0
202204300330,,0.0
202204300335,,0.0
202204300340,,0.0
202204300345,101.0,0.4
202204300350,133.0,0.4
202204300355,134.0,0.4
202204300400,111.0,0.4
202204300410,98.0,0.4
202204300415,116.0,0.4
202204300420,153.0,0.4
202204300430,,0.0
202204300435,152.0,0.4
202204300440,94.0,0.4
202204300445,,0.0
202204300450,,0.0
202204300455,,0.0
202204300500,,0.0
202204300510,106.0,0.4
202204300515,,0.0
202204300520,,0.0
202204300525,,0.0
202204300530,,0.0
202204300535,,0.0
202204300540,,0.0
202204300545,,0.0
202204300550,,0.0
202204300555,,0.0
202204300610,,0.0
202204300615,,0.0
202204300620,,0.0
202204300625,,0.0
202204300630,,0.0
202204300635,,0.0
202204300640,,0.0
202204300645,,0.0
202204300650,,0.0
202204300655,,0.0
202204300700,,0.0
202204300715,,0.0
202204300720,,0.0
202204300725,,0.0
202204300730,,0.0
202204300735,,0.0
202204300745,,0.0
202204300750,,0.0
202204300800,,0.0
202204300815,,0.0
202204300825,,0.0
202204300830,,0.0
202204300840,,0.0
202204300845,,0.0
202204300850,,0.0
202204300855,,0.0
202204300900,,0.0
202204300910,,0.0
202204300915,,0.0
202204300920,,0.0
202204300925,,0.0
202204300930,,0.0
202204300935,,0.0
202204300940,,0.0
202204300950,,0.0
202204300955,,0.0
202204301000,,0.0
202204301010,,0.0
202204301015,,0.0
202204301020,,0.0
202204301025,,0.0
202204301030,,0.0
202204301035,,0.0
202204301040,,0.0
202204301050,,0.0
202204301055,,0.0
202204301100,,0.0
202204301110,,0.0
202204301115,,0.0
202204301120,,0.0
202204301125,,0.0
202204301130,,0.0
202204301135,,0.0
202204301140,,0.0
202204301145,,0.0
202204301150,,0.0
202204301155,,0.0
202204301200,,0.0
202204301210,,0.0
202204301215,,0.0
202204301220,,0.0
202204301225,,0.0
202204301230,,0.0
202204301235,,0.0
202204301240,,0.0
202204301245,,0.0
202204301250,,0.0
202204301255,,0.0
202204301300,,0.0
202204301310,170.0,0.4
202204301315,167.0,0.9
202204301320,171.0,0.9
202204301325,99.0,0.9
202204301330,202.0,0.9
202204301335,153.0,0.9
202204301340,142.0,0.9
202204301345,134.0,1.3
202204301350,155.0,1.3
202204301355,112.0,0.9
202204301400,91.0,0.9
202204301410,106.0,0.9
202204301415,,0.0
202204301420,,0.0
202204301425,157.0,0.9
202204301430,121.0,0.9
202204301435,187.0,0.9
202204301440,191.0,0.9
202204301445,204.0,1.3
202204301450,184.0,1.3
202204301455,206.0,2.2
202204301500,144.0,2.2
202204301510,153.0,0.9
202204301515,179.0,0.9
202204301520,213.0,0.9
202204301525,167.0,0.9
202204301530,168.0,0.9
202204301540,243.0,1.3
202204301545,155.0,1.3
202204301550,217.0,1.3
202204301555,250.0,1.3
202204301600,192.0,1.3
202204301610,188.0,0.9
202204301615,,0.0
202204301625,,0.0
202204301630,,0.0
202204301635,91.0,0.9
202204301640,81.0,0.9
202204301645,,0.0
202204301650,,0.0
202204301655,294.0,0.4
202204301700,157.0,0.4
202204301710,153.0,0.4
202204301715,,0.0
202204301720,,0.0
202204301725,55.0,0.9
202204301730,108.0,0.9
202204301735,100.0,0.4
202204301740,109.0,0.4
202204301745,46.0,0.4
202204301750,143.0,0.4
202204301755,108.0,0.4
202204301800,103.0,0.4
202204301810,256.0,0.9
202204301815,151.0,0.9
202204301820,129.0,0.9
202204301830,126.0,0.9
202204301835,,0.0
202204301840,,0.0
202204301845,,0.0
202204301850,,0.0
202204301855,102.0,0.9
202204301910,118.0,0.4
202204301915,72.0,0.9
202204301920,118.0,0.9
202204301925,,0.0
202204301930,,0.0
202204301935,,0.0
202204301940,,0.0
202204301945,131.0,0.9
202204301950,92.0,0.9
202204301955,126.0,0.4
202204302000,248.0,0.4
202204302010,,0.0
202204302015,156.0,0.9
202204302020,221.0,0.9
202204302025,102.0,0.9
202204302030,139.0,0.9
202204302035,114.0,0.9
202204302040,222.0,0.9
202204302045,134.0,0.4
202204302050,110.0,0.4
202204302055,61.0,0.9
202204302100,75.0,0.9
202204302110,,0.0
202204302120,106.0,0.9
202204302125,261.0,0.4
202204302130,61.0,0.4
202204302135,,0.0
202204302140,,0.0
202204302145,,0.0
202204302150,,0.0
202204302155,145.0,0.9
202204302200,239.0,0.9
202204302210,102.0,0.4
202204302215,,0.0
202204302220,,0.0
202204302225,224.0,0.9
202204302230,148.0,0.9
202204302235,243.0,0.9
202204302240,253.0,0.9
202204302245,,0.0
202204302250,,0.0
202204302255,,0.0
202204302300,,0.0
202204302310,,0.0
202204302315,252.0,0.4
202204302320,204.0,0.4
202204302325,,0.0
202204302330,,0.0
202204302340,,0.0
202204302345,,0.0
202204302350,,0.0
202204302355,,0.0
202205010000,,0.0
202205010010,,0.0
202205010015,,0.0
202205010020,,0.0
202205010025,,0.0
202205010030,,0.0
202205010035,,0.0
202205010040,,0.0
202205010045,,0.0
202205010050,,0.0
202205010055,,0.0
202205010100,,0.0
202205010110,,0.0
202205010115,,0.0
202205010120,,0.0
202205010125,,0.0
202205010130,,0.0
202205010135,,0.0
202205010140,,0.0
202205010145,,0.0
202205010150,,0.0
202205010155,,0.0
202205010200,,0.0
202205010210,,0.0
202205010215,123.0,0.4
202205010220,105.0,0.4
202205010225,95.0,0.4
202205010230,163.0,0.4
202205010235,122.0,0.4
202205010240,123.0,0.4
202205010245,119.0,0.4
202205010250,49.0,0.4
202205010255,,0.0
202205010300,,0.0
202205010310,130.0,0.9
202205010315,,0.0
202205010320,,0.0
202205010325,,0.0
202205010330,,0.0
202205010335,,0.0
202205010340,,0.0
202205010345,,0.0
202205010350,,0.0
202205010355,,0.0
202205010400,,0.0
202205010410,,0.0
202205010415,,0.0
202205010420,,0.0
202205010425,,0.0
202205010430,,0.0
202205010435,,0.0
202205010440,,0.0
202205010445,,0.0
202205010450,,0.0
202205010455,,0.0
202205010500,,0.0
202205010515,,0.0
202205010520,,0.0
202205010525,,0.0
202205010530,,0.0
202205010535,,0.0
202205010540,,0.0
202205010545,,0.0
202205010550,,0.0
202205010555,,0.0
202205010600,,0.0
202205010610,,0.0
202205010615,,0.0
202205010620,,0.0
202205010625,,0.0
202205010630,,0.0
202205010635,,0.0
202205010640,,0.0
202205010645,,0.0
202205010650,,0.0
202205010655,,0.0
202205010700,,0.0
202205010710,,0.0
202205010715,,0.0
202205010720,,0.0
202205010725,,0.0
202205010730,,0.0
202205010735,,0.0
202205010740,,0.0
202205010745,,0.0
202205010750,,0.0
202205010755,,0.0
202205010800,,0.0
202205010810,,0.0
202205010815,,0.0
202205010820,,0.0
202205010825,,0.0
202205010830,,0.0
202205010840,,0.0
202205010845,,0.0
202205010850,,0.0
202205010855,,0.0
202205010900,,0.0
202205010910,,0.0
202205010915,,0.0
202205010920,,0.0
202205010930,,0.0
202205010935,,0.0
202205010945,,0.0
202205010950,,0.0
202205010955,,0.0
202205011000,,0.0
202205011010,,0.0
202205011015,,0.0
202205011020,,0.0
202205011025,,0.0
202205011030,,0.0
202205011035,,0.0
202205011040,,0.0
202205011045,,0.0
202205011050,,0.0
202205011055,,0.0
202205011100,,0.0
202205011115,,0.0
202205011120,,0.0
202205011125,,0.0
202205011130,,0.0
202205011135,,0.0
202205011145,,0.0
202205011150,,0.0
202205011155,,0.0
202205011200,,0.0
202205011210,,0.0
202205011215,,0.0
202205011220,,0.0
202205011225,170.0,0.9
202205011230,163.0,0.9
202205011235,139.0,0.4
202205011240,109.0,0.4
202205011245,136.0,0.9
202205011250,124.0,0.9
202205011255,208.0,0.4
202205011300,207.0,0.4
202205011310,,0.0
202205011315,167.0,0.9
202205011320,181.0,0.9
202205011325,227.0,0.4
202205011330,187.0,0.4
202205011335,196.0,0.9
202205011340,179.0,0.9
202205011345,156.0,0.4
202205011350,224.0,0.4
202205011355,230.0,0.4
202205011400,210.0,0.4
202205011410,215.0,0.9
202205011415,175.0,0.4
202205011420,220.0,0.4
202205011425,197.0,1.3
202205011430,233.0,1.3
202205011435,181.0,1.3
202205011440,221.0,1.3
202205011445,273.0,1.3
202205011450,98.0,1.3
202205011455,200.0,0.9
202205011500,179.0,0.9
202205011510,13.0,1.3
202205011515,158.0,0.9
202205011520,162.0,0.9
202205011525,203.0,0.9
202205011530,232.0,0.9
202205011535,276.0,2.2
202205011540,153.0,2.2
202205011545,226.0,0.9
202205011550,203.0,0.9
202205011555,97.0,0.9
202205011600,180.0,0.9
202205011610,176.0,0.9
202205011615,220.0,1.3
202205011620,223.0,1.3
202205011625,221.0,1.3
202205011630,206.0,1.3
202205011635,93.0,1.3
202205011640,249.0,1.3
202205011645,224.0,0.9
202205011650,335.0,0.9
202205011700,356.0,0.9
202205011710,343.0,0.4
202205011715,292.0,0.9
202205011720,179.0,0.9
202205011725,195.0,0.9
202205011730,213.0,0.9
202205011735,215.0,0.9
202205011740,215.0,0.9
202205011745,284.0,0.9
202205011750,13.0,0.9
202205011755,204.0,0.9
202205011800,193.0,0.9
202205011810,246.0,1.3
202205011815,195.0,0.9
202205011820,66.0,0.9
202205011825,243.0,0.9
202205011830,186.0,0.9
202205011835,206.0,0.9
202205011840,213.0,0.9
202205011845,234.0,0.9
202205011850,200.0,0.9
202205011855,243.0,1.3
202205011900,247.0,1.3
202205011910,225.0,1.3
202205011915,135.0,0.9
202205011920,234.0,0.9
202205011925,172.0,0.4
202205011930,166.0,0.4
202205011935,218.0,1.3
202205011940,203.0,1.3
202205011945,228.0,1.3
202205011950,245.0,1.3
202205011955,316.0,0.9
202205012000,240.0,0.9
202205012010,235.0,0.9
202205012015,189.0,2.2
202205012020,183.0,2.2
202205012025,233.0,1.3
202205012030,321.0,1.3
202205012035,206.0,2.2
202205012040,122.0,2.2
202205012045,181.0,0.9
202205012050,201.0,0.9
202205012055,213.0,2.2
202205012100,242.0,2.2
202205012110,196.0,2.2
202205012115,258.0,1.3
202205012120,197.0,1.3
202205012125,194.0,0.9
202205012130,208.0,0.9
202205012135,197.0,1.3
202205012140,239.0,1.3
202205012145,212.0,1.3
202205012150,191.0,1.3
202205012155,231.0,1.3
202205012210,190.0,1.3
202205012215,212.0,1.3
202205012225,177.0,0.9
202205012230,223.0,0.9
202205012235,233.0,0.9
202205012240,206.0,0.9
202205012245,,0.0
202205012250,,0.0
202205012255,197.0,0.9
202205012300,213.0,0.9
202205012310,232.0,0.9
202205012315,198.0,0.9
202205012320,210.0,0.9
202205012325,220.0,1.3
202205012330,199.0,1.3
202205012335,175.0,0.9
202205012340,232.0,0.9
202205012345,226.0,0.9
202205012350,173.0,0.9
202205012355,210.0,0.4
202205020000,212.0,0.4
202205020010,209.0,0.4
202205020015,,0.0
202205020020,,0.0
202205020025,,0.0
202205020030,,0.0
202205020035,,0.0
202205020040,,0.0
202205020045,,0.0
202205020050,,0.0
202205020055,,0.0
202205020100,,0.0
202205020110,,0.0
202205020115,,0.0
202205020120,,0.0
202205020125,,0.0
202205020130,,0.0
202205020135,,0.0
202205020140,,0.0
202205020145,,0.0
202205020150,,0.0
202205020155,,0.0
202205020200,,0.0
202205020210,,0.0
202205020215,,0.0
202205020220,,0.0
202205020225,,0.0
202205020230,,0.0
202205020235,,0.0
202205020240,,0.0
202205020245,,0.0
202205020250,,0.0
202205020255,,0.0
202205020300,,0.0
202205020310,,0.0
202205020315,,0.0
202205020320,,0.0
202205020325,,0.0
202205020330,,0.0
202205020335,,0.0
202205020340,,0.0
202205020345,154.0,0.9
202205020350,122.0,0.9
202205020355,,0.0
202205020400,,0.0
202205020410,176.0,0.9
202205020415,173.0,0.9
202205020420,125.0,0.9
202205020425,163.0,0.9
202205020430,151.0,0.9
202205020435,180.0,0.9
202205020440,193.0,0.9
202205020445,170.0,0.9
202205020450,176.0,0.9
202205020455,198.0,0.9
202205020510,172.0,1.3
202205020525,212.0,2.2
202205020530,193.0,2.2
202205020535,181.0,0.9
202205020540,181.0,0.9
202205020545,192.0,2.2
202205020550,206.0,2.2
202205020555,210.0,1.3
202205020600,190.0,1.3
202205020610,191.0,0.9
202205020615,201.0,0.9
202205020620,199.0,0.9
202205020625,207.0,0.9
202205020630,210.0,0.9
202205020635,209.0,1.3
202205020640,205.0,1.3
202205020645,202.0,1.3
202205020650,208.0,1.3
202205020655,223.0,1.3
202205020700,183.0,1.3
202205020710,192.0,1.3
202205020715,193.0,1.3
202205020720,185.0,1.3
202205020725,206.0,1.3
202205020730,190.0,1.3
202205020735,208.0,0.9
202205020740,223.0,0.9
202205020745,226.0,0.9
202205020750,208.0,0.9
202205020755,233.0,0.4
202205020800,202.0,0.4
202205020810,225.0,0.9
202205020815,215.0,0.9
202205020820,217.0,0.9
202205020825,167.0,0.9
202205020840,216.0,0.9
202205020845,190.0,0.9
202205020850,197.0,0.9
202205020855,220.0,0.4
202205020900,189.0,0.4
202205020910,,0.0
202205020915,,0.0
202205020920,,0.0
202205020925,,0.0
202205020930,,0.0
202205020935,217.0,0.9
202205020940,204.0,0.9
202205020945,204.0,0.9
202205020950,233.0,0.9
202205020955,,0.0
202205021000,,0.0
202205021010,,0.0
202205021015,,0.0
202205021020,,0.0
202205021025,,0.0
202205021030,,0.0
202205021035,189.0,0.4
202205021040,181.0,0.4
202205021045,134.0,0.4
202205021050,174.0,0.4
202205021055,,0.0
202205021100,,0.0
202205021110,,0.0
202205021115,,0.0
202205021125,,0.0
202205021135,,0.0
202205021140,,0.0
202205021145,,0.0
202205021150,,0.0
202205021155,,0.0
202205021210,,0.0
202205021215,,0.0
202205021220,,0.0
202205021225,,0.0
202205021235,,0.0
202205021240,,0.0
202205021245,188.0,0.4
202205021250,228.0,0.4
202205021255,206.0,0.9
202205021300,241.0,0.9
202205021310,275.0,0.9
202205021315,241.0,0.9
202205021320,256.0,0.9
202205021325,,0.0
202205021330,,0.0
202205021335,261.0,0.9
202205021340,210.0,0.9
202205021345,200.0,0.9
202205021350,248.0,0.9
202205021355,289.0,0.9
202205021400,27.0,0.9
202205021410,181.0,0.9
202205021415,97.0,0.9
202205021420,98.0,0.9
202205021425,146.0,0.9
202205021430,173.0,0.9
202205021440,340.0,0.9
202205021445,315.0,0.9
202205021455,206.0,0.4
202205021500,177.0,0.4
202205021510,,0.0
202205021515,,0.0
202205021520,,0.0
202205021525,,0.0
202205021530,,0.0
202205021535,,0.0
202205021540,,0.0
202205021545,,0.0
202205021550,,0.0
202205021555,,0.0
202205021600,,0.0
202205021610,,0.0
202205021615,,0.0
202205021620,,0.0
202205021625,,0.0
202205021630,,0.0
202205021635,,0.0
202205021640,,0.0
202205021645,,0.0
202205021650,,0.0
202205021655,199.0,0.9
202205021700,298.0,0.9
202205021710,216.0,0.9
202205021715,184.0,0.9
202205021720,278.0,0.9
202205021725,351.0,0.9
202205021730,323.0,0.9
202205021735,,0.0
202205021740,,0.0
202205021745,187.0,0.9
202205021750,331.0,0.9
202205021755,280.0,0.9
202205021800,216.0,0.9
202205021810,97.0,0.9
202205021815,215.0,0.9
202205021820,251.0,0.9
202205021825,254.0,0.9
202205021830,302.0,0.9
202205021835,179.0,0.9
202205021840,196.0,0.9
202205021845,262.0,0.9
202205021850,249.0,0.9
202205021855,231.0,0.9
202205021900,249.0,0.9
202205021910,219.0,1.3
202205021915,227.0,0.9
202205021920,211.0,0.9
202205021930,266.0,1.3
202205021935,257.0,1.3
202205021940,198.0,1.3
202205021945,182.0,0.9
202205021950,334.0,0.9
202205021955,252.0,0.9
202205022000,171.0,0.9
202205022010,199.0,1.3
202205022015,319.0,0.9
202205022020,329.0,0.9
202205022025,204.0,0.9
202205022030,263.0,0.9
202205022035,323.0,0.9
202205022040,225.0,0.9
202205022045,315.0,1.3
202205022050,332.0,1.3
202205022055,198.0,0.4
202205022100,165.0,0.4
202205022110,313.0,0.9
202205022115,183.0,0.9
202205022120,233.0,0.9
202205022125,205.0,0.9
202205022130,206.0,0.9
202205022135,233.0,0.9
202205022140,290.0,0.9
202205022145,,0.0
202205022150,,0.0
202205022155,140.0,0.9
202205022200,335.0,0.9
202205022210,233.0,0.9
202205022215,326.0,0.9
202205022220,232.0,0.9
202205022225,,0.0
202205022230,,0.0
202205022235,,0.0
202205022240,,0.0
202205022245,199.0,0.9
202205022250,219.0,0.9
202205022255,249.0,0.4
202205022300,215.0,0.4
202205022310,182.0,0.9
202205022315,200.0,0.9
202205022320,199.0,0.9
202205022325,241.0,0.9
202205022330,205.0,0.9
202205022335,,0.0
202205022340,,0.0
202205022345,,0.0
202205022350,,0.0
202205022355,,0.0
202205030000,,0.0
202205030010,,0.0
202205030015,,0.0
202205030020,,0.0
202205030025,,0.0
202205030030,,0.0
202205030035,,0.0
202205030040,,0.0
202205030045,,0.0
202205030050,,0.0
202205030055,,0.0
202205030100,,0.0
202205030110,,0.0
202205030115,,0.0
202205030120,,0.0
202205030125,,0.0
202205030130,,0.0
202205030135,,0.0
202205030140,,0.0
202205030145,,0.0
202205030150,,0.0
202205030155,,0.0
202205030200,,0.0
202205030210,,0.0
202205030220,,0.0
202205030225,,0.0
202205030230,,0.0
202205030235,,0.0
202205030240,,0.0
202205030245,,0.0
202205030250,,0.0
202205030255,,0.0
202205030300,,0.0
202205030310,,0.0
202205030315,,0.0
202205030320,,0.0
202205030325,,0.0
202205030330,,0.0
202205030335,,0.0
202205030340,,0.0
202205030345,,0.0
202205030355,,0.0
202205030400,,0.0
202205030410,,0.0
202205030415,,0.0
202205030425,,0.0
202205030430,,0.0
202205030435,,0.0
202205030440,,0.0
202205030445,,0.0
202205030450,,0.0
202205030455,,0.0
202205030500,,0.0
202205030510,121.0,0.4
202205030515,,0.0
202205030520,,0.0
202205030525,,0.0
202205030530,,0.0
202205030535,,0.0
202205030540,,0.0
202205030545,,0.0
202205030550,,0.0
202205030555,,0.0
202205030600,,0.0
202205030610,,0.0
202205030615,117.0,0.9
202205030620,199.0,0.9
202205030625,,0.0
202205030630,,0.0
202205030635,152.0,0.4
202205030640,189.0,0.4
202205030645,214.0,0.9
202205030650,145.0,0.9
202205030655,169.0,0.9
202205030700,175.0,0.9
202205030710,,0.0
202205030715,,0.0
202205030720,,0.0
202205030725,,0.0
202205030730,,0.0
202205030735,194.0,0.4
202205030740,147.0,0.4
202205030745,92.0,0.4
202205030750,146.0,0.4
202205030755,134.0,0.4
202205030800,196.0,0.4
202205030810,,0.0
202205030815,,0.0
202205030820,,0.0
202205030825,,0.0
202205030830,,0.0
202205030835,,0.0
202205030845,,0.0
202205030850,,0.0
202205030855,,0.0
202205030900,,0.0
202205030910,,0.0
202205030915,,0.0
202205030920,,0.0
202205030930,,0.0
202205030940,,0.0
202205030945,,0.0
202205030950,,0.0
202205030955,,0.0
202205031000,,0.0
202205031010,,0.0
202205031015,,0.0
202205031025,,0.0
202205031030,,0.0
202205031035,,0.0
202205031040,,0.0
202205031045,210.0,0.9
202205031050,204.0,0.9
202205031055,,0.0
202205031100,,0.0
202205031110,,0.0
202205031115,,0.0
202205031120,,0.0
202205031125,,0.0
202205031130,,0.0
202205031140,,0.0
202205031145,,0.0
202205031150,,0.0
202205031155,,0.0
202205031210,,0.0
202205031215,182.0,0.4
202205031220,137.0,0.4
202205031225,105.0,0.4
202205031230,196.0,0.4
202205031235,210.0,0.4
202205031240,177.0,0.4
202205031245,187.0,0.9
202205031250,246.0,0.9
202205031255,204.0,0.9
202205031300,181.0,0.9
202205031310,195.0,0.9
202205031315,,0.0
202205031320,,0.0
202205031325,,0.0
202205031330,,0.0
202205031335,218.0,0.9
202205031340,256.0,0.9
202205031345,195.0,0.9
202205031350,198.0,0.9
202205031355,203.0,0.9
202205031400,203.0,0.9
202205031410,194.0,0.9
202205031415,190.0,0.9
202205031420,183.0,0.9
202205031425,236.0,0.9
202205031430,105.0,0.9
202205031435,147.0,0.4
202205031440,213.0,0.4
202205031445,117.0,0.9
202205031450,157.0,0.9
202205031455,213.0,0.4
202205031500,74.0,0.4
202205031515,254.0,0.9
202205031520,223.0,0.9
202205031525,220.0,0.9
202205031530,180.0,0.9
202205031535,187.0,0.9
202205031540,121.0,0.9
202205031545,224.0,0.4
202205031550,146.0,0.4
202205031555,218.0,2.2
202205031600,196.0,2.2
202205031610,199.0,0.9
202205031615,327.0,0.9
202205031620,235.0,0.9
202205031630,282.0,2.2
202205031635,240.0,1.3
202205031640,275.0,1.3
202205031645,198.0,0.9
202205031650,216.0,0.9
202205031655,273.0,0.9
202205031700,129.0,0.9
202205031710,231.0,1.3
202205031715,213.0,2.2
202205031720,247.0,2.2
202205031725,239.0,2.7
202205031730,224.0,2.7
202205031735,305.0,1.3
202205031740,180.0,1.3
202205031745,178.0,0.9
202205031750,194.0,0.9
202205031755,235.0,2.2
202205031800,149.0,2.2
202205031815,248.0,2.2
202205031820,310.0,2.2
202205031825,202.0,0.9
202205031830,244.0,0.9
202205031835,112.0,2.2
202205031840,235.0,2.2
202205031845,323.0,1.3
202205031850,196.0,1.3
202205031900,220.0,2.2
202205031910,249.0,2.2
202205031915,187.0,2.7
202205031925,235.0,2.2
202205031930,168.0,2.2
202205031935,192.0,1.3
202205031940,112.0,1.3
202205031945,203.0,2.7
202205031950,15.0,2.7
202205031955,212.0,0.9
202205032000,191.0,0.9
202205032010,229.0,2.2
202205032015,201.0,2.2
202205032020,174.0,2.2
202205032025,150.0,2.2
202205032030,318.0,2.2
202205032035,210.0,0.9
202205032040,129.0,0.9
202205032045,296.0,1.3
202205032050,193.0,1.3
202205032055,285.0,0.9
202205032100,222.0,0.9
202205032110,323.0,2.2
202205032115,229.0,0.9
202205032120,208.0,0.9
202205032125,200.0,1.3
202205032130,197.0,1.3
202205032135,295.0,0.9
202205032145,208.0,0.4
202205032150,184.0,0.4
202205032155,194.0,0.9
202205032200,274.0,0.9
202205032210,226.0,0.9
202205032215,165.0,1.3
202205032220,176.0,1.3
202205032225,206.0,1.3
202205032230,248.0,1.3
202205032235,185.0,0.9
202205032240,174.0,0.9
202205032245,168.0,0.9
202205032250,207.0,0.9
202205032255,202.0,1.3
202205032300,176.0,1.3
202205032310,196.0,2.2
202205032315,118.0,0.9
202205032320,129.0,0.9
202205032325,146.0,0.9
202205032330,211.0,0.9
202205032335,190.0,1.3
202205032340,191.0,1.3
202205032345,187.0,0.9
202205032350,200.0,0.9
202205032355,152.0,0.9
202205040000,211.0,0.9
202205040010,212.0,0.4
202205040015,154.0,0.4
202205040020,198.0,0.4
202205040025,210.0,0.9
202205040030,193.0,0.9
202205040035,198.0,0.4
202205040040,146.0,0.4
202205040045,213.0,0.4
202205040050,219.0,0.4
202205040055,,0.0
202205040100,,0.0
202205040115,,0.0
202205040120,,0.0
202205040125,,0.0
202205040130,,0.0
202205040135,,0.0
202205040140,,0.0
202205040145,,0.0
202205040150,,0.0
202205040155,,0.0
202205040200,,0.0
202205040210,,0.0
202205040215,,0.0
202205040220,,0.0
202205040225,,0.0
202205040230,,0.0
202205040235,193.0,0.4
202205040240,110.0,0.4
202205040255,85.0,0.4
202205040300,106.0,0.4
202205040310,115.0,0.4
202205040315,136.0,0.4
202205040320,126.0,0.4
202205040325,,0.0
202205040330,,0.0
202205040335,,0.0
202205040340,,0.0
202205040345,,0.0
202205040350,,0.0
202205040355,,0.0
202205040400,,0.0
202205040410,193.0,0.9
202205040415,187.0,0.9
202205040420,151.0,0.9
202205040430,134.0,0.4
202205040435,154.0,0.4
202205040440,145.0,0.4
202205040445,88.0,0.4
202205040450,147.0,0.4
202205040455,190.0,0.4
202205040500,169.0,0.4
202205040510,,0.0
202205040515,,0.0
202205040520,,0.0
202205040525,,0.0
202205040530,,0.0
202205040535,,0.0
202205040545,188.0,0.4
202205040550,205.0,0.4
202205040555,195.0,0.9
202205040600,186.0,0.9
202205040615,,0.0
202205040620,,0.0
202205040625,,0.0
202205040630,,0.0
202205040635,,0.0
202205040640,,0.0
202205040645,,0.0
202205040650,,0.0
202205040655,,0.0
202205040700,,0.0
202205040710,,0.0
202205040720,196.0,0.4
202205040725,,0.0
202205040730,,0.0
202205040735,,0.0
202205040740,,0.0
202205040745,202.0,0.4
202205040750,201.0,0.4
202205040755,189.0,0.9
202205040800,210.0,0.9
202205040810,121.0,0.9
202205040815,131.0,0.4
202205040820,136.0,0.4
202205040825,,0.0
202205040830,,0.0
202205040835,204.0,0.4
202205040840,193.0,0.4
202205040845,204.0,0.4
202205040850,211.0,0.4
202205040855,,0.0
202205040900,,0.0
202205040910,215.0,0.4
202205040915,183.0,0.9
202205040920,193.0,0.9
202205040925,221.0,0.9
202205040930,178.0,0.9
202205040935,211.0,0.4
202205040940,189.0,0.4
202205040945,,0.0
202205040950,,0.0
202205040955,,0.0
202205041000,,0.0
202205041010,,0.0
202205041015,,0.0
202205041020,,0.0
202205041025,,0.0
202205041030,,0.0
202205041035,,0.0
202205041040,,0.0
202205041050,,0.0
202205041055,,0.0
202205041110,,0.0
202205041115,,0.0
202205041120,,0.0
202205041125,,0.0
202205041130,,0.0
202205041135,,0.0
202205041140,,0.0
202205041145,,0.0
202205041150,,0.0
202205041155,,0.0
202205041210,,0.0
202205041215,,0.0
202205041220,,0.0
202205041225,,0.0
202205041230,,0.0
202205041235,,0.0
202205041240,,0.0
202205041245,,0.0
202205041250,,0.0
202205041255,,0.0
202205041300,,0.0
202205041310,,0.0
202205041315,,0.0
202205041320,,0.0
202205041325,,0.0
202205041330,,0.0
202205041335,232.0,0.9
202205041340,204.0,0.9
202205041345,299.0,0.9
202205041350,220.0,0.9
202205041355,,0.0
202205041400,,0.0
202205041410,,0.0
202205041415,,0.0
202205041420,,0.0
202205041425,,0.0
202205041430,,0.0
202205041440,,0.0
202205041445,,0.0
202205041450,,0.0
202205041455,331.0,0.4
202205041500,325.0,0.4
202205041510,190.0,0.9
202205041515,257.0,0.9
202205041520,239.0,0.9
202205041525,350.0,0.9
202205041530,204.0,0.9
202205041535,217.0,0.9
202205041540,319.0,0.9
202205041545,251.0,0.9
202205041550,351.0,0.9
202205041555,198.0,0.4
202205041600,52.0,0.4
202205041610,42.0,0.4
202205041615,338.0,0.9
202205041620,341.0,0.9
202205041625,351.0,0.9
202205041630,203.0,0.9
202205041635,177.0,0.9
202205041640,288.0,0.9
202205041645,355.0,0.9
202205041650,197.0,0.9
202205041655,213.0,0.9
202205041700,319.0,0.9
202205041710,193.0,0.9
202205041715,289.0,0.9
202205041725,188.0,0.9
202205041730,277.0,0.9
202205041735,5.0,0.9
202205041740,314.0,0.9
202205041745,144.0,0.9
202205041750,290.0,0.9
202205041755,,0.0
202205041800,,0.0
202205041810,216.0,0.9
202205041815,230.0,0.9
202205041820,178.0,0.9
202205041825,297.0,1.3
202205041830,0.0,1.3
202205041835,353.0,0.9
202205041840,18.0,0.9
202205041850,263.0,0.9
202205041855,14.0,0.9
202205041900,238.0,0.9
202205041910,201.0,0.4
202205041915,218.0,1.3
202205041920,194.0,1.3
202205041925,164.0,0.9
202205041930,186.0,0.9
202205041935,208.0,0.4
202205041940,211.0,0.4
202205041945,232.0,1.3
202205041950,230.0,1.3
202205041955,210.0,1.3
202205042000,250.0,1.3
202205042010,197.0,1.3
202205042015,229.0,1.3
202205042020,151.0,1.3
202205042025,211.0,2.2
202205042030,210.0,2.2
202205042035,188.0,1.3
202205042040,159.0,1.3
202205042045,216.0,0.4
202205042050,255.0,0.4
202205042100,310.0,0.9
202205042115,196.0,0.4
202205042120,214.0,0.4
202205042125,32.0,0.9
202205042130,186.0,0.9
202205042135,173.0,0.9
202205042140,182.0,0.9
202205042145,237.0,2.2
202205042150,224.0,2.2
202205042155,172.0,1.3
202205042200,215.0,1.3
202205042210,190.0,1.3
202205042215,218.0,0.9
202205042220,204.0,0.9
202205042225,213.0,2.2
202205042230,225.0,2.2
202205042235,217.0,1.3
202205042240,190.0,1.3
202205042245,209.0,0.9
202205042250,239.0,0.9
202205042255,259.0,0.4
202205042300,68.0,0.4
202205042310,,0.0
202205042315,,0.0
202205042320,,0.0
202205042325,,0.0
202205042330,,0.0
202205042335,,0.0
202205042340,,0.0
202205042345,,0.0
202205042350,,0.0
202205042355,,0.0
202205050000,,0.0
202205050010,,0.0
202205050015,,0.0
202205050020,,0.0
202205050030,,0.0
202205050035,,0.0
202205050040,,0.0
202205050045,,0.0
202205050050,,0.0
202205050055,,0.0
202205050100,,0.0
202205050110,,0.0
202205050115,,0.0
202205050120,,0.0
202205050130,,0.0
202205050135,,0.0
202205050145,,0.0
202205050150,,0.0
202205050155,,0.0
202205050200,,0.0
202205050210,185.0,0.9
202205050215,214.0,0.9
202205050225,199.0,0.9
202205050230,189.0,0.9
202205050235,201.0,0.9
202205050245,233.0,0.4
202205050250,215.0,0.4
202205050255,,0.0
202205050300,,0.0
202205050310,,0.0
202205050315,,0.0
202205050320,,0.0
202205050325,,0.0
202205050330,,0.0
202205050335,,0.0
202205050340,,0.0
202205050345,,0.0
202205050350,,0.0
202205050355,,0.0
202205050400,,0.0
202205050410,,0.0
202205050415,,0.0
202205050420,,0.0
202205050425,,0.0
202205050430,,0.0
202205050440,,0.0
202205050445,,0.0
202205050450,,0.0
202205050455,,0.0
202205050500,,0.0
202205050510,196.0,0.9
202205050515,,0.0
202205050520,,0.0
202205050525,,0.0
202205050530,,0.0
202205050535,,0.0
202205050540,,0.0
202205050545,,0.0
202205050550,,0.0
202205050555,,0.0
202205050600,,0.0
202205050615,,0.0
202205050620,,0.0
202205050625,,0.0
202205050630,,0.0
202205050635,,0.0
202205050645,,0.0
202205050650,,0.0
202205050655,,0.0
202205050700,,0.0
202205050710,,0.0
202205050715,,0.0
202205050720,,0.0
202205050725,,0.0
202205050730,,0.0
202205050735,,0.0
202205050740,,0.0
202205050745,,0.0
202205050750,,0.0
202205050755,,0.0
202205050800,,0.0
202205050810,,0.0
202205050815,,0.0
202205050820,,0.0
202205050825,,0.0
202205050830,,0.0
202205050835,,0.0
202205050840,,0.0
202205050845,,0.0
202205050850,,0.0
202205050855,,0.0
202205050900,,0.0
202205050910,,0.0
202205050915,,0.0
202205050920,,0.0
202205050925,,0.0
202205050930,,0.0
202205050935,,0.0
202205050940,,0.0
202205050945,,0.0
202205050950,,0.0
202205050955,,0.0
202205051000,,0.0
202205051010,,0.0
202205051015,,0.0
202205051020,,0.0
202205051025,,0.0
202205051030,,0.0
202205051035,,0.0
202205051040,,0.0
202205051045,,0.0
202205051050,,0.0
202205051055,,0.0
202205051100,,0.0
202205051110,,0.0
202205051115,,0.0
202205051120,,0.0
202205051125,,0.0
202205051130,,0.0
202205051135,,0.0
202205051140,,0.0
202205051145,,0.0
202205051150,,0.0
202205051155,,0.0
202205051200,,0.0
202205051210,,0.0
202205051215,,0.0
202205051220,,0.0
202205051225,,0.0
202205051230,,0.0
202205051235,,0.0
202205051240,,0.0
202205051245,,0.0
202205051250,,0.0
202205051255,347.0,0.4
202205051300,328.0,0.4
202205051310,,0.0
202205051315,339.0,0.4
202205051320,340.0,0.4
202205051325,,0.0
202205051335,333.0,0.4
202205051340,9.0,0.4
202205051345,351.0,0.9
202205051350,319.0,0.9
202205051355,,0.0
202205051400,,0.0
202205051410,320.0,0.9
202205051415,319.0,0.4
202205051420,359.0,0.4
202205051425,347.0,0.9
202205051430,354.0,0.9
202205051435,,0.0
202205051440,,0.0
202205051445,,0.0
202205051450,,0.0
202205051455,,0.0
202205051500,,0.0
202205051510,,0.0
202205051515,,0.0
202205051520,,0.0
202205051525,,0.0
202205051530,,0.0
202205051535,,0.0
202205051540,,0.0
202205051545,,0.0
202205051550,,0.0
202205051555,333.0,0.9
202205051600,285.0,0.9
202205051610,,0.0
202205051620,347.0,0.4
202205051625,3.0,0.4
202205051630,7.0,0.4
202205051635,317.0,0.9
202205051640,288.0,0.9
202205051645,340.0,0.9
202205051650,22.0,0.9
202205051655,353.0,0.9
202205051700,233.0,0.9
202205051710,347.0,0.9
202205051715,181.0,0.9
202205051720,211.0,0.9
202205051725,195.0,0.9
202205051730,114.0,0.9
202205051735,355.0,2.2
202205051740,0.0,2.2
202205051745,346.0,0.9
202205051750,320.0,0.9
202205051755,93.0,0.9
202205051800,205.0,0.9
202205051810,10.0,0.9
202205051815,257.0,0.4
202205051820,359.0,0.4
202205051825,,0.0
202205051830,,0.0
202205051835,189.0,0.9
202205051840,32.0,0.9
202205051850,333.0,0.9
202205051855,356.0,0.9
202205051900,0.0,0.9
202205051910,343.0,0.9
202205051915,343.0,0.9
202205051920,345.0,0.9
202205051925,7.0,1.3
202205051930,334.0,1.3
202205051935,333.0,0.4
202205051940,157.0,0.4
202205051945,283.0,0.9
202205051950,4.0,0.9
202205051955,30.0,0.4
202205052000,74.0,0.4
202205052010,330.0,0.9
202205052015,,0.0
202205052020,,0.0
202205052025,,0.0
202205052030,,0.0
202205052035,10.0,0.4
202205052040,344.0,0.4
202205052045,,0.0
202205052050,,0.0
202205052055,,0.0
202205052100,,0.0
202205052110,314.0,0.9
202205052115,334.0,0.9
202205052120,346.0,0.9
202205052125,,0.0
202205052130,,0.0
202205052135,,0.0
202205052140,,0.0
202205052145,,0.0
202205052155,,0.0
202205052200,,0.0
202205052210,,0.0
202205052215,,0.0
202205052220,,0.0
202205052225,,0.0
202205052235,,0.0
202205052240,,0.0
202205052245,,0.0
202205052250,,0.0
202205052255,,0.0
202205052300,,0.0
202205052310,,0.0
202205052315,,0.0
202205052320,,0.0
202205052325,,0.0
202205052330,,0.0
202205052335,,0.0
202205052340,,0.0
202205052345,,0.0
202205052350,,0.0
202205052355,,0.0
202205060000,,0.0
202205060010,,0.0
202205060015,,0.0
202205060020,,0.0
202205060025,,0.0
202205060030,,0.0
202205060035,,0.0
202205060040,,0.0
202205060045,,0.0
202205060050,,0.0
202205060055,,0.0
202205060100,,0.0
202205060110,,0.0
202205060115,199.0,0.9
202205060120,150.0,0.9
202205060125,189.0,1.3
202205060130,187.0,1.3
202205060135,168.0,1.3
202205060140,144.0,1.3
202205060145,106.0,0.9
202205060150,117.0,0.9
202205060155,,0.0
202205060200,,0.0
202205060210,,0.0
202205060215,,0.0
202205060220,,0.0
202205060225,,0.0
202205060230,,0.0
202205060235,,0.0
202205060240,,0.0
202205060245,,0.0
202205060250,,0.0
202205060255,,0.0
202205060300,,0.0
202205060310,,0.0
202205060315,,0.0
202205060320,,0.0
202205060325,,0.0
202205060330,,0.0
202205060335,,0.0
202205060340,,0.0
202205060345,,0.0
202205060350,,0.0
202205060355,,0.0
202205060400,,0.0
202205060410,,0.0
202205060415,,0.0
202205060420,,0.0
202205060425,,0.0
202205060430,,0.0
202205060435,,0.0
202205060440,,0.0
202205060445,,0.0
202205060450,,0.0
202205060455,,0.0
202205060500,,0.0
202205060515,,0.0
202205060520,,0.0
202205060525,,0.0
202205060530,,0.0
202205060535,,0.0
202205060545,,0.0
202205060550,,0.0
202205060555,,0.0
202205060600,,0.0
202205060610,,0.0
202205060615,,0.0
202205060620,,0.0
202205060625,,0.0
202205060630,,0.0
202205060635,,0.0
202205060640,,0.0
202205060645,,0.0
202205060650,,0.0
202205060655,,0.0
202205060700,,0.0
202205060710,,0.0
202205060715,,0.0
202205060720,,0.0
202205060725,,0.0
202205060730,,0.0
202205060740,,0.0
202205060745,,0.0
202205060750,,0.0
202205060755,,0.0
202205060800,,0.0
202205060815,,0.0
202205060820,,0.0
202205060825,,0.0
202205060830,,0.0
202205060835,,0.0
202205060840,,0.0
202205060845,,0.0
202205060850,,0.0
202205060855,,0.0
202205060900,,0.0
202205060910,,0.0
202205060915,,0.0
202205060920,,0.0
202205060925,,0.0
202205060930,,0.0
202205060935,,0.0
202205060945,,0.0
202205060950,,0.0
202205060955,,0.0
202205061000,,0.0
202205061010,,0.0
202205061015,,0.0
202205061020,,0.0
202205061025,,0.0
202205061030,,0.0
202205061035,,0.0
202205061040,,0.0
202205061045,,0.0
202205061050,,0.0
202205061055,,0.0
202205061100,,0.0
202205061110,,0.0
202205061115,,0.0
202205061120,,0.0
202205061125,,0.0
202205061130,,0.0
202205061135,,0.0
202205061140,,0.0
202205061145,,0.0
202205061155,,0.0
202205061200,,0.0
202205061210,,0.0
202205061215,,0.0
202205061220,,0.0
202205061225,192.0,0.9
202205061230,194.0,0.9
202205061235,193.0,0.9
202205061240,198.0,0.9
202205061245,213.0,0.9
202205061250,201.0,0.9
202205061255,212.0,0.9
202205061300,193.0,0.9
202205061310,197.0,2.2
202205061315,201.0,2.2
202205061320,203.0,2.2
202205061325,212.0,2.7
202205061330,188.0,2.7
202205061335,218.0,2.7
202205061340,217.0,2.7
202205061345,245.0,2.7
202205061350,185.0,2.7
202205061355,236.0,2.2
202205061400,207.0,2.2
202205061410,229.0,2.2
202205061415,244.0,2.2
202205061420,195.0,2.2
202205061425,180.0,2.2
202205061430,216.0,2.2
202205061435,234.0,2.7
202205061450,215.0,2.2
202205061455,172.0,2.2
202205061500,260.0,2.2
202205061510,221.0,2.2
202205061515,196.0,2.7
202205061520,157.0,2.7
202205061525,195.0,2.7
202205061530,179.0,2.7
202205061535,198.0,2.7
202205061540,221.0,2.7
202205061545,142.0,2.7
202205061550,235.0,2.7
202205061555,140.0,2.2
202205061600,184.0,2.2
202205061610,190.0,0.9
202205061615,236.0,2.2
202205061620,191.0,2.2
202205061625,176.0,2.2
202205061630,202.0,2.2
202205061635,190.0,2.2
202205061640,164.0,2.2
202205061645,213.0,1.3
202205061650,184.0,1.3
202205061655,178.0,2.2
202205061700,157.0,2.2
202205061710,203.0,1.3
202205061715,211.0,1.3
202205061720,225.0,1.3
202205061725,225.0,2.2
202205061730,160.0,2.2
202205061735,164.0,2.2
202205061740,177.0,2.2
202205061745,171.0,2.7
202205061750,210.0,2.7
202205061755,208.0,2.7
202205061800,215.0,2.7
202205061810,197.0,3.1
202205061815,168.0,3.1
202205061820,172.0,3.1
202205061825,213.0,2.7
202205061830,153.0,2.7
202205061835,176.0,2.7
202205061840,184.0,2.7
202205061845,195.0,4.0
202205061850,164.0,4.0
202205061855,182.0,3.6
202205061900,194.0,3.6
202205061910,234.0,3.1
202205061915,179.0,3.6
202205061920,239.0,3.6
202205061930,205.0,3.1
202205061935,204.0,3.1
202205061940,235.0,3.1
202205061945,207.0,4.0
202205061950,192.0,4.0
202205061955,235.0,4.5
202205062000,182.0,4.5
202205062010,148.0,2.2
202205062015,185.0,3.1
202205062020,145.0,3.1
202205062025,164.0,2.2
202205062030,190.0,2.2
202205062035,193.0,2.2
202205062040,208.0,2.2
202205062045,207.0,2.7
202205062050,140.0,2.7
202205062055,202.0,4.0
202205062110,230.0,3.1
202205062115,241.0,3.1
202205062120,203.0,3.1
202205062125,168.0,2.2
202205062130,210.0,2.2
202205062135,201.0,2.7
202205062140,186.0,2.7
202205062145,183.0,1.3
202205062150,180.0,1.3
202205062155,149.0,1.3
202205062200,199.0,1.3
202205062210,198.0,1.3
202205062215,217.0,2.2
202205062220,171.0,2.2
202205062225,151.0,2.2
202205062230,140.0,2.2
202205062235,117.0,2.2
202205062240,195.0,2.2
202205062245,173.0,2.2
202205062250,188.0,2.2
202205062255,211.0,2.2
202205062300,194.0,2.2
202205062310,205.0,2.2
202205062315,178.0,2.2
202205062320,201.0,2.2
202205062325,202.0,2.2
202205062330,217.0,2.2
202205062335,174.0,2.2
202205062340,206.0,2.2
202205062345,201.0,2.2
202205062350,188.0,2.2
202205062355,180.0,0.9
202205070000,187.0,0.9
202205070010,159.0,1.3
202205070015,190.0,2.2
202205070020,186.0,2.2
202205070025,188.0,2.2
202205070030,186.0,2.2
202205070035,203.0,2.7
202205070045,182.0,2.7
202205070050,169.0,2.7
202205070055,236.0,2.2
202205070100,202.0,2.2
202205070110,172.0,2.2
202205070115,189.0,2.2
202205070120,185.0,2.2
202205070125,196.0,2.2
202205070130,199.0,2.2
202205070135,226.0,2.2
202205070140,205.0,2.2
202205070145,203.0,1.3
202205070150,192.0,1.3
202205070155,204.0,2.2
202205070210,197.0,2.2
202205070215,223.0,2.2
202205070220,209.0,2.2
202205070225,231.0,0.9
202205070230,189.0,0.9
202205070235,210.0,1.3
202205070240,226.0,1.3
202205070245,136.0,1.3
202205070250,209.0,1.3
202205070255,282.0,0.9
202205070300,239.0,0.9
202205070310,191.0,0.9
202205070315,,0.0
202205070320,,0.0
202205070325,,0.0
202205070330,,0.0
202205070335,,0.0
202205070340,,0.0
202205070345,,0.0
202205070350,,0.0
202205070355,,0.0
202205070410,,0.0
202205070415,,0.0
202205070420,,0.0
202205070425,,0.0
202205070430,,0.0
202205070435,281.0,0.4
202205070440,355.0,0.4
202205070445,,0.0
202205070450,,0.0
202205070455,,0.0
202205070500,,0.0
202205070510,,0.0
202205070515,,0.0
202205070520,,0.0
202205070525,204.0,0.9
202205070530,206.0,0.9
202205070535,170.0,0.9
202205070540,207.0,0.9
202205070545,,0.0
202205070550,,0.0
202205070555,,0.0
202205070600,,0.0
202205070610,220.0,0.4
202205070615,,0.0
202205070620,,0.0
202205070625,,0.0
202205070630,,0.0
202205070635,203.0,0.4
202205070640,237.0,0.4
202205070645,221.0,0.4
202205070650,220.0,0.4
202205070655,193.0,0.4
202205070700,186.0,0.4
202205070710,,0.0
202205070715,,0.0
202205070720,,0.0
202205070725,200.0,0.9
202205070730,180.0,0.9
202205070735,,0.0
202205070740,,0.0
202205070745,190.0,0.4
202205070750,181.0,0.4
202205070755,,0.0
202205070800,,0.0
202205070810,,0.0
202205070815,,0.0
202205070820,,0.0
202205070825,215.0,0.9
202205070830,221.0,0.9
202205070835,,0.0
202205070840,,0.0
202205070845,,0.0
202205070850,,0.0
202205070855,,0.0
202205070900,,0.0
202205070910,,0.0
202205070915,,0.0
202205070920,,0.0
202205070925,,0.0
202205070930,,0.0
202205070935,,0.0
202205070940,,0.0
202205070945,231.0,0.4
202205070950,247.0,0.4
202205070955,,0.0
202205071000,,0.0
202205071010,,0.0
202205071015,208.0,0.4
202205071020,209.0,0.4
202205071025,199.0,0.9
202205071030,247.0,0.9
202205071035,204.0,0.4
202205071040,221.0,0.4
202205071045,191.0,0.9
202205071050,199.0,0.9
202205071055,230.0,0.9
202205071100,198.0,0.9
202205071110,,0.0
202205071115,194.0,0.9
202205071120,249.0,0.9
202205071125,225.0,0.9
202205071130,211.0,0.9
202205071135,201.0,0.9
202205071140,200.0,0.9
202205071145,194.0,0.9
202205071150,211.0,0.9
202205071155,187.0,0.9
202205071200,227.0,0.9
202205071210,252.0,0.9
202205071215,190.0,1.3
202205071220,209.0,1.3
202205071225,168.0,0.9
202205071230,216.0,0.9
202205071235,308.0,0.9
202205071240,248.0,0.9
202205071245,189.0,1.3
202205071250,272.0,1.3
202205071255,170.0,2.2
202205071300,295.0,2.2
202205071310,202.0,1.3
202205071315,212.0,2.7
202205071320,336.0,2.7
202205071325,345.0,2.2
202205071330,208.0,2.2
202205071335,342.0,2.2
202205071340,327.0,2.2
202205071345,241.0,0.9
202205071350,274.0,0.9
202205071355,239.0,1.3
202205071400,196.0,1.3
202205071415,213.0,0.9
202205071420,300.0,0.9
202205071425,162.0,2.2
202205071430,334.0,2.2
202205071435,349.0,2.2
202205071440,338.0,2.2
202205071445,213.0,0.9
202205071450,306.0,0.9
202205071455,345.0,2.2
202205071500,319.0,2.2
202205071510,319.0,1.3
202205071515,323.0,1.3
202205071520,329.0,1.3
202205071525,217.0,0.9
202205071535,189.0,2.2
202205071540,333.0,2.2
202205071555,317.0,0.9
202205071600,289.0,0.9
202205071610,177.0,0.9
202205071615,212.0,2.2
202205071620,224.0,2.2
202205071625,216.0,1.3
202205071630,293.0,1.3
202205071635,169.0,2.2
202205071640,342.0,2.2
202205071645,315.0,1.3
202205071655,220.0,2.2
202205071700,313.0,2.2
202205071710,191.0,2.2
202205071715,274.0,1.3
202205071720,179.0,1.3
202205071725,226.0,2.7
202205071730,321.0,2.7
202205071735,198.0,0.9
202205071740,333.0,0.9
202205071745,313.0,2.2
202205071755,233.0,2.2
202205071800,336.0,2.2
202205071810,329.0,1.3
202205071815,195.0,2.2
202205071820,202.0,2.2
202205071825,8.0,2.2
202205071830,149.0,2.2
202205071835,336.0,1.3
202205071840,331.0,1.3
202205071845,317.0,0.9
202205071850,339.0,0.9
202205071855,235.0,1.3
202205071900,332.0,1.3
202205071910,352.0,1.3
202205071915,341.0,1.3
202205071920,195.0,1.3
202205071925,204.0,2.2
202205071930,251.0,2.2
202205071935,336.0,2.2
202205071940,222.0,2.2
202205071945,314.0,2.2
202205071950,228.0,2.2
202205071955,247.0,2.2
202205072000,340.0,2.2
202205072010,345.0,1.3
202205072015,23.0,0.9
202205072020,32.0,0.9
202205072025,356.0,0.9
202205072030,261.0,0.9
202205072035,210.0,1.3
202205072040,225.0,1.3
202205072045,347.0,1.3
202205072050,7.0,1.3
202205072055,192.0,0.9
202205072100,22.0,0.9
202205072110,349.0,0.9
202205072115,261.0,0.9
202205072120,339.0,0.9
202205072125,201.0,1.3
202205072130,307.0,1.3
202205072135,340.0,2.2
202205072140,329.0,2.2
202205072145,350.0,0.9
202205072150,352.0,0.9
202205072155,319.0,1.3
202205072200,318.0,1.3
202205072210,,0.0
202205072215,322.0,1.3
202205072220,336.0,1.3
202205072225,322.0,1.3
202205072230,313.0,1.3
202205072235,349.0,0.9
202205072240,2.0,0.9
202205072245,8.0,1.3
202205072250,332.0,1.3
202205072255,307.0,0.9
202205072300,348.0,0.9
202205072310,340.0,0.9
202205072315,322.0,0.9
202205072320,348.0,0.9
202205072325,338.0,0.9
202205072330,306.0,0.9
202205072335,,0.0
202205072340,,0.0
202205072345,4.0,0.9
202205072350,336.0,0.9
202205072355,325.0,0.9
202205080000,325.0,0.9
202205080010,320.0,0.4
202205080015,340.0,0.9
202205080020,2.0,0.9
202205080025,,0.0
202205080030,,0.0
202205080035,,0.0
202205080040,,0.0
202205080045,349.0,0.9
202205080050,319.0,0.9
202205080055,335.0,0.9
202205080100,342.0,0.9
202205080110,316.0,0.9
202205080115,,0.0
202205080120,,0.0
202205080125,,0.0
202205080130,,0.0
202205080135,,0.0
202205080145,,0.0
202205080150,,0.0
202205080155,,0.0
202205080210,,0.0
202205080215,,0.0
202205080225,,0.0
202205080230,,0.0
202205080235,16.0,0.4
202205080240,332.0,0.4
202205080245,,0.0
202205080250,,0.0
202205080255,,0.0
202205080300,,0.0
202205080310,,0.0
202205080315,,0.0
202205080320,,0.0
202205080325,,0.0
202205080330,,0.0
202205080335,,0.0
202205080340,,0.0
202205080345,,0.0
202205080350,,0.0
202205080355,,0.0
202205080400,,0.0
202205080410,,0.0
202205080415,,0.0
202205080420,,0.0
202205080425,,0.0
202205080430,,0.0
202205080435,,0.0
202205080440,,0.0
202205080445,,0.0
202205080450,,0.0
202205080455,,0.0
202205080500,,0.0
202205080510,,0.0
202205080515,,0.0
202205080520,,0.0
202205080525,,0.0
202205080530,,0.0
202205080535,,0.0
202205080540,,0.0
202205080545,,0.0
202205080550,,0.0
202205080555,,0.0
202205080600,,0.0
202205080610,,0.0
202205080615,,0.0
202205080620,,0.0
202205080625,,0.0
202205080630,,0.0
202205080635,,0.0
202205080640,,0.0
202205080645,,0.0
202205080650,,0.0
202205080655,,0.0
202205080710,,0.0
202205080715,,0.0
202205080720,,0.0
202205080725,,0.0
202205080730,,0.0
202205080735,,0.0
202205080740,,0.0
202205080745,,0.0
202205080750,,0.0
202205080800,,0.0
202205080810,,0.0
202205080815,,0.0
202205080820,,0.0
202205080825,,0.0
202205080830,,0.0
202205080835,,0.0
202205080840,,0.0
202205080845,,0.0
202205080850,,0.0
202205080855,,0.0
202205080900,,0.0
202205080910,,0.0
202205080915,,0.0
202205080920,,0.0
202205080925,,0.0
202205080930,,0.0
202205080935,,0.0
202205080940,,0.0
202205080945,,0.0
202205080950,,0.0
202205080955,,0.0
202205081000,,0.0
202205081010,,0.0
202205081015,,0.0
202205081020,,0.0
202205081025,,0.0
202205081030,,0.0
202205081035,,0.0
202205081040,,0.0
202205081045,,0.0
202205081050,,0.0
202205081055,,0.0
202205081100,,0.0
202205081110,,0.0
202205081115,,0.0
202205081120,,0.0
202205081125,,0.0
202205081135,,0.0
202205081140,,0.0
202205081145,,0.0
202205081150,,0.0
202205081155,,0.0
202205081200,,0.0
202205081210,,0.0
202205081215,,0.0
202205081220,,0.0
202205081225,10.0,0.4
202205081230,12.0,0.4
202205081235,,0.0
202205081240,,0.0
202205081245,,0.0
202205081250,,0.0
202205081255,,0.0
202205081300,,0.0
202205081310,,0.0
202205081315,,0.0
202205081320,,0.0
202205081325,,0.0
202205081330,,0.0
202205081335,,0.0
202205081340,,0.0
202205081345,,0.0
202205081350,,0.0
202205081400,288.0,0.4
202205081410,345.0,0.4
202205081420,,0.0
202205081425,21.0,0.9
202205081435,20.0,0.9
202205081440,331.0,0.9
202205081445,358.0,0.4
202205081450,32.0,0.4
202205081455,356.0,0.4
202205081500,66.0,0.4
202205081510,9.0,0.9
202205081515,,0.0
202205081520,,0.0
202205081525,57.0,0.9
202205081530,357.0,0.9
202205081535,325.0,0.9
202205081540,1.0,0.9
202205081545,,0.0
202205081550,,0.0
202205081600,,0.0
202205081610,293.0,0.9
202205081615,,0.0
202205081620,,0.0
202205081625,358.0,0.4
202205081630,350.0,0.4
202205081645,355.0,0.9
202205081650,8.0,0.9
202205081655,354.0,0.9
202205081710,12.0,0.9
202205081715,343.0,0.9
202205081720,352.0,0.9
202205081725,1.0,0.4
202205081730,2.0,0.4
202205081735,344.0,0.9
202205081740,341.0,0.9
202205081745,11.0,0.9
202205081750,359.0,0.9
202205081755,4.0,0.9
202205081800,20.0,0.9
202205081815,337.0,0.4
202205081820,8.0,0.4
202205081825,348.0,0.9
202205081830,343.0,0.9
202205081835,327.0,0.9
202205081840,358.0,0.9
202205081845,316.0,0.9
202205081850,10.0,0.9
202205081855,350.0,0.4
202205081900,33.0,0.4
202205081910,0.0,0.9
202205081915,347.0,0.9
202205081920,340.0,0.9
202205081925,64.0,0.9
202205081930,333.0,0.9
202205081935,2.0,0.4
202205081940,12.0,0.4
202205081945,334.0,0.9
202205081950,295.0,0.9
202205081955,11.0,0.4
202205082000,355.0,0.4
202205082010,,0.0
202205082015,352.0,0.9
202205082020,119.0,0.9
202205082030,322.0,0.4
202205082035,5.0,0.9
202205082040,341.0,0.9
202205082045,353.0,0.4
202205082050,147.0,0.4
202205082055,,0.0
202205082100,,0.0
202205082115,346.0,0.4
202205082120,3.0,0.4
202205082130,,0.0
202205082135,337.0,0.4
202205082140,352.0,0.4
202205082145,359.0,0.4
202205082150,359.0,0.4
202205082155,14.0,0.9
202205082200,341.0,0.9
202205082210,316.0,0.9
202205082215,,0.0
202205082220,,0.0
202205082225,,0.0
202205082230,,0.0
202205082235,,0.0
202205082240,,0.0
202205082245,,0.0
202205082250,,0.0
202205082255,,0.0
202205082300,,0.0
202205082310,,0.0
202205082315,,0.0
202205082320,,0.0
202205082325,,0.0
202205082330,,0.0
202205082335,,0.0
202205082340,,0.0
202205082345,,0.0
202205082350,,0.0
202205082355,,0.0
202205090000,,0.0
202205090010,,0.0
202205090015,,0.0
202205090020,,0.0
202205090025,,0.0
202205090030,,0.0
202205090035,,0.0
202205090040,,0.0
202205090045,,0.0
202205090050,,0.0
202205090055,,0.0
202205090100,,0.0
202205090110,,0.0
202205090115,,0.0
202205090120,,0.0
202205090125,,0.0
202205090130,,0.0
202205090135,,0.0
202205090140,,0.0
202205090145,,0.0
202205090150,,0.0
202205090155,,0.0
202205090200,,0.0
202205090210,,0.0
202205090215,,0.0
202205090220,,0.0
202205090225,,0.0
202205090230,,0.0
202205090235,,0.0
202205090245,,0.0
202205090250,,0.0
202205090255,,0.0
202205090300,,0.0
202205090310,,0.0
202205090315,,0.0
202205090320,,0.0
202205090325,,0.0
202205090330,,0.0
202205090335,,0.0
202205090340,,0.0
202205090345,,0.0
202205090350,,0.0
202205090355,,0.0
202205090400,,0.0
202205090410,,0.0
202205090415,,0.0
202205090420,,0.0
202205090430,,0.0
202205090435,,0.0
202205090445,,0.0
202205090450,,0.0
202205090455,,0.0
202205090500,,0.0
202205090510,,0.0
202205090515,,0.0
202205090520,,0.0
202205090525,,0.0
202205090530,,0.0
202205090535,,0.0
202205090540,,0.0
202205090545,,0.0
202205090550,,0.0
202205090555,,0.0
202205090600,,0.0
202205090610,,0.0
202205090615,,0.0
202205090620,,0.0
202205090625,,0.0
202205090630,,0.0
202205090635,,0.0
202205090640,,0.0
202205090645,,0.0
202205090650,,0.0
202205090655,,0.0
202205090700,,0.0
202205090710,,0.0
202205090715,,0.0
202205090720,,0.0
202205090725,,0.0
202205090730,,0.0
202205090735,,0.0
202205090740,,0.0
202205090745,,0.0
202205090750,,0.0
202205090755,,0.0
202205090800,,0.0
202205090810,,0.0
202205090815,,0.0
202205090820,,0.0
202205090825,,0.0
202205090830,,0.0
202205090835,,0.0
202205090840,,0.0
202205090845,,0.0
202205090850,,0.0
202205090855,,0.0
202205090900,,0.0
202205090910,,0.0
202205090915,,0.0
202205090920,,0.0
202205090925,,0.0
202205090930,,0.0
202205090935,,0.0
202205090940,,0.0
202205090945,,0.0
202205090950,,0.0
202205090955,,0.0
202205091000,,0.0
202205091010,,0.0
202205091015,,0.0
202205091020,,0.0
202205091025,,0.0
202205091030,,0.0
202205091035,,0.0
202205091040,,0.0
202205091045,,0.0
202205091050,,0.0
202205091100,,0.0
202205091110,,0.0
202205091115,,0.0
202205091125,,0.0
202205091130,,0.0
202205091135,,0.0
202205091140,,0.0
202205091145,,0.0
202205091150,,0.0
202205091155,323.0,0.4
202205091210,,0.0
202205091215,,0.0
202205091220,,0.0
202205091225,,0.0
202205091230,,0.0
202205091235,,0.0
202205091240,,0.0
202205091245,,0.0
202205091250,,0.0
202205091255,7.0,0.4
202205091300,29.0,0.4
202205091310,,0.0
202205091315,,0.0
202205091320,,0.0
202205091325,,0.0
202205091330,,0.0
202205091335,5.0,0.4
202205091340,8.0,0.4
202205091345,23.0,0.4
202205091350,339.0,0.4
202205091355,350.0,0.4
202205091400,326.0,0.4
202205091410,358.0,0.9
202205091415,351.0,0.9
202205091420,9.0,0.9
202205091425,7.0,0.9
202205091430,287.0,0.9
202205091435,,0.0
202205091440,,0.0
202205091450,,0.0
202205091455,351.0,0.9
202205091500,345.0,0.9
202205091510,32.0,0.4
202205091515,,0.0
202205091520,,0.0
202205091525,346.0,0.4
202205091530,4.0,0.4
202205091535,10.0,0.9
202205091540,324.0,0.9
202205091545,1.0,0.9
202205091550,12.0,0.9
202205091555,10.0,0.9
202205091600,8.0,0.9
202205091610,292.0,0.4
202205091615,,0.0
202205091625,,0.0
202205091630,,0.0
202205091635,352.0,0.9
202205091640,7.0,0.9
202205091645,356.0,0.9
202205091650,39.0,0.9
202205091700,1.0,0.4
202205091710,341.0,0.4
202205091715,95.0,0.4
202205091720,320.0,0.4
202205091725,,0.0
202205091730,,0.0
202205091735,74.0,0.9
202205091740,357.0,0.9
202205091745,355.0,0.4
202205091750,340.0,0.4
202205091755,347.0,0.4
202205091800,353.0,0.4
202205091810,348.0,0.4
202205091820,333.0,0.4
202205091825,309.0,0.9
202205091830,11.0,0.9
202205091835,333.0,0.9
202205091840,285.0,0.9
202205091845,209.0,0.4
202205091855,,0.0
202205091900,,0.0
202205091910,18.0,0.4
202205091915,320.0,0.9
202205091920,6.0,0.9
202205091925,346.0,0.9
202205091930,332.0,0.9
202205091935,318.0,0.9
202205091940,332.0,0.9
202205091945,,0.0
202205091950,,0.0
202205091955,307.0,0.9
202205092000,19.0,0.9
202205092010,,0.0
202205092015,349.0,0.4
202205092020,307.0,0.4
202205092025,357.0,0.9
202205092030,56.0,0.9
202205092035,12.0,0.4
202205092040,338.0,0.4
202205092045,333.0,0.4
202205092050,338.0,0.4
202205092055,322.0,0.9
202205092100,334.0,0.9
202205092110,28.0,0.4
202205092115,,0.0
202205092130,,0.0
202205092135,342.0,0.4
202205092140,349.0,0.4
202205092145,30.0,0.4
202205092150,235.0,0.4
202205092155,,0.0
202205092200,,0.0
202205092215,322.0,0.4
202205092220,346.0,0.4
202205092225,,0.0
202205092230,,0.0
202205092235,25.0,0.9
202205092240,324.0,0.9
202205092245,,0.0
202205092250,,0.0
202205092255,,0.0
202205092300,,0.0
202205092315,,0.0
202205092320,,0.0
202205092325,,0.0
202205092330,,0.0
202205092340,,0.0
202205092345,,0.0
202205092350,,0.0
202205092355,,0.0
202205100000,,0.0
202205100010,,0.0
202205100015,,0.0
202205100025,,0.0
202205100030,,0.0
202205100035,,0.0
202205100040,,0.0
202205100045,,0.0
202205100050,,0.0
202205100055,,0.0
202205100100,,0.0
202205100110,,0.0
202205100115,,0.0
202205100120,,0.0
202205100125,,0.0
202205100130,,0.0
202205100135,,0.0
202205100140,,0.0
202205100145,,0.0
202205100150,,0.0
202205100155,,0.0
202205100200,,0.0
202205100210,,0.0
202205100215,,0.0
202205100220,,0.0
202205100225,,0.0
202205100230,,0.0
202205100235,,0.0
202205100240,,0.0
202205100245,,0.0
202205100250,,0.0
202205100255,,0.0
202205100300,,0.0
202205100310,,0.0
202205100315,,0.0
202205100320,,0.0
202205100325,,0.0
202205100335,,0.0
202205100340,,0.0
202205100345,,0.0
202205100350,,0.0
202205100355,,0.0
202205100410,,0.0
202205100415,,0.0
202205100420,,0.0
202205100425,,0.0
202205100430,,0.0
202205100435,,0.0
202205100440,,0.0
202205100445,,0.0
202205100455,,0.0
202205100500,,0.0
202205100510,,0.0
202205100515,,0.0
202205100520,,0.0
202205100530,,0.0
202205100535,,0.0
202205100540,,0.0
202205100545,,0.0
202205100550,,0.0
202205100555,,0.0
202205100600,,0.0
202205100610,,0.0
202205100615,,0.0
202205100620,,0.0
202205100625,,0.0
202205100630,,0.0
202205100635,,0.0
202205100640,,0.0
202205100645,,0.0
202205100650,,0.0
202205100655,,0.0
202205100700,,0.0
202205100710,,0.0
202205100715,,0.0
202205100720,,0.0
202205100725,,0.0
202205100730,,0.0
202205100735,,0.0
202205100740,,0.0
202205100745,,0.0
202205100750,,0.0
202205100755,,0.0
202205100800,,0.0
202205100810,,0.0
202205100815,,0.0
202205100820,,0.0
202205100825,,0.0
202205100830,,0.0
202205100835,,0.0
202205100845,,0.0
202205100900,,0.0
202205100910,,0.0
202205100915,,0.0
202205100920,,0.0
202205100925,,0.0
202205100930,,0.0
202205100935,,0.0
202205100940,,0.0
202205100945,,0.0
202205100950,,0.0
202205100955,,0.0
202205101000,,0.0
202205101010,,0.0
202205101015,,0.0
202205101020,,0.0
202205101025,,0.0
202205101030,,0.0
202205101035,,0.0
202205101040,,0.0
202205101045,,0.0
202205101050,,0.0
202205101055,,0.0
202205101100,,0.0
202205101110,,0.0
202205101115,,0.0
202205101120,,0.0
202205101125,,0.0
202205101130,,0.0
202205101135,,0.0
202205101140,,0.0
202205101145,,0.0
202205101150,,0.0
202205101155,,0.0
202205101200,,0.0
202205101210,,0.0
202205101215,,0.0
202205101220,,0.0
202205101225,,0.0
202205101230,,0.0
202205101235,,0.0
202205101240,,0.0
202205101245,,0.0
202205101250,,0.0
202205101255,,0.0
202205101300,,0.0
202205101310,,0.0
202205101315,,0.0
202205101320,,0.0
202205101325,,0.0
202205101330,,0.0
202205101335,,0.0
202205101340,,0.0
202205101345,,0.0
202205101350,,0.0
202205101355,337.0,0.9
202205101410,345.0,0.4
202205101415,,0.0
202205101420,,0.0
202205101425,,0.0
202205101430,,0.0
202205101435,343.0,0.4
202205101440,347.0,0.4
202205101445,24.0,0.4
202205101450,6.0,0.4
202205101455,,0.0
202205101500,,0.0
202205101510,18.0,0.9
202205101515,356.0,0.9
202205101525,336.0,0.9
202205101530,351.0,0.9
202205101535,338.0,0.9
202205101540,352.0,0.9
202205101545,352.0,0.9
202205101550,28.0,0.9
202205101555,16.0,0.9
202205101600,0.0,0.9
202205101610,354.0,0.4
202205101615,10.0,0.9
202205101620,358.0,0.9
202205101625,25.0,0.9
202205101630,352.0,0.9
202205101635,352.0,0.9
202205101640,11.0,0.9
202205101645,340.0,0.9
202205101650,11.0,0.9
202205101655,5.0,0.9
202205101700,350.0,0.9
202205101710,354.0,0.9
202205101715,340.0,0.9
202205101720,338.0,0.9
202205101725,333.0,1.3
202205101730,356.0,1.3
202205101735,351.0,1.3
202205101740,2.0,1.3
202205101745,27.0,0.9
202205101750,9.0,0.9
202205101755,,0.0
202205101800,,0.0
202205101810,340.0,0.9
202205101815,333.0,0.9
202205101820,25.0,0.9
202205101825,1.0,1.3
202205101830,4.0,1.3
202205101835,350.0,0.9
202205101840,78.0,0.9
202205101845,13.0,0.9
202205101850,350.0,0.9
202205101855,53.0,0.9
202205101900,4.0,0.9
202205101910,7.0,0.9
202205101915,349.0,0.9
202205101920,357.0,0.9
202205101925,8.0,0.9
202205101930,7.0,0.9
202205101935,353.0,0.9
202205101940,345.0,0.9
202205101945,348.0,0.9
202205101950,47.0,0.9
202205101955,350.0,0.4
202205102000,346.0,0.4
202205102010,12.0,0.9
202205102015,331.0,0.9
202205102020,282.0,0.9
202205102025,5.0,0.4
202205102030,0.0,0.4
202205102035,0.0,0.9
202205102040,43.0,0.9
202205102045,350.0,0.9
202205102050,334.0,0.9
202205102055,352.0,0.4
202205102100,348.0,0.4
202205102110,358.0,1.3
202205102115,1.0,0.9
202205102120,9.0,0.9
202205102125,343.0,0.9
202205102130,2.0,0.9
202205102135,8.0,0.4
202205102140,332.0,0.4
202205102145,0.0,0.4
202205102150,33.0,0.4
202205102155,344.0,0.4
202205102200,339.0,0.4
202205102210,,0.0
202205102215,341.0,0.9
202205102225,344.0,0.9
202205102230,2.0,0.9
202205102235,355.0,0.4
202205102240,0.0,0.4
202205102245,,0.0
202205102250,,0.0
202205102255,0.0,0.4
202205102300,343.0,0.4
202205102310,30.0,0.4
202205102315,,0.0
202205102320,,0.0
202205102325,,0.0
202205102330,,0.0
202205102335,,0.0
202205102340,,0.0
202205102345,,0.0
202205102350,,0.0
202205102355,,0.0
202205110000,,0.0
202205110010,,0.0
202205110015,,0.0
202205110020,,0.0
202205110025,,0.0
202205110030,,0.0
202205110035,,0.0
202205110040,,0.0
202205110045,,0.0
202205110050,,0.0
202205110055,,0.0
202205110100,,0.0
202205110110,,0.0
202205110115,,0.0
202205110120,,0.0
202205110125,,0.0
202205110130,,0.0
202205110135,,0.0
202205110140,,0.0
202205110145,,0.0
202205110150,,0.0
202205110155,,0.0
202205110200,,0.0
202205110210,,0.0
202205110215,,0.0
202205110220,,0.0
202205110225,,0.0
202205110230,,0.0
202205110235,,0.0
202205110240,,0.0
202205110245,,0.0
202205110250,,0.0
202205110255,,0.0
202205110300,,0.0
202205110310,,0.0
202205110315,,0.0
202205110320,,0.0
202205110325,,0.0
202205110330,,0.0
202205110335,,0.0
202205110340,,0.0
202205110345,,0.0
202205110350,,0.0
202205110355,,0.0
202205110400,,0.0
202205110410,,0.0
202205110415,,0.0
202205110420,,0.0
202205110430,,0.0
202205110435,,0.0
202205110440,,0.0
202205110445,,0.0
202205110450,,0.0
202205110455,,0.0
202205110500,,0.0
202205110510,,0.0
202205110515,,0.0
202205110520,,0.0
202205110525,,0.0
202205110600,,0.0
202205110610,,0.0
202205110620,,0.0
202205110625,,0.0
202205110630,,0.0
202205110635,,0.0
202205110640,,0.0
202205110645,,0.0
202205110650,,0.0
202205110655,,0.0
202205110700,,0.0
202205110710,,0.0
202205110715,,0.0
202205110720,,0.0
202205110725,,0.0
202205110730,,0.0
202205110735,,0.0
202205110740,,0.0
202205110745,,0.0
202205110750,,0.0
202205110755,,0.0
202205110800,,0.0
202205110810,,0.0
202205110815,,0.0
202205110820,,0.0
202205110825,,0.0
202205110835,,0.0
202205110840,,0.0
202205110845,,0.0
202205110850,,0.0
202205110855,,0.0
202205110900,,0.0
202205110910,,0.0
202205110915,,0.0
202205110920,,0.0
202205110925,,0.0
202205110930,,0.0
202205110935,,0.0
202205110940,,0.0
202205110945,,0.0
202205110950,,0.0
202205110955,,0.0
202205111000,,0.0
202205111010,,0.0
202205111020,,0.0
202205111025,,0.0
202205111030,,0.0
202205111035,,0.0
202205111040,,0.0
202205111045,,0.0
202205111050,,0.0
202205111055,,0.0
202205111100,,0.0
202205111115,,0.0
202205111120,,0.0
202205111130,,0.0
202205111135,,0.0
202205111140,,0.0
202205111145,,0.0
202205111150,,0.0
202205111155,,0.0
202205111200,,0.0
202205111220,,0.0
202205111225,,0.0
202205111230,,0.0
202205111235,,0.0
202205111240,,0.0
202205111245,,0.0
202205111250,,0.0
202205111255,,0.0
202205111300,,0.0
202205111310,39.0,0.9
202205111315,31.0,0.9
202205111320,345.0,0.9
202205111325,7.0,0.4
202205111330,14.0,0.4
202205111335,349.0,0.9
202205111340,358.0,0.9
202205111345,358.0,0.9
202205111350,2.0,0.9
202205111355,27.0,0.9
202205111400,19.0,0.9
202205111410,14.0,0.9
202205111415,329.0,0.9
202205111420,346.0,0.9
202205111425,355.0,0.9
202205111430,351.0,0.9
202205111435,14.0,0.9
202205111440,344.0,0.9
202205111445,3.0,0.9
202205111450,0.0,0.9
202205111455,5.0,0.9
202205111500,357.0,0.9
202205111510,11.0,0.9
202205111515,39.0,0.9
202205111520,23.0,0.9
202205111525,2.0,0.9
202205111530,357.0,0.9
202205111535,349.0,0.4
202205111540,336.0,0.4
202205111545,8.0,0.9
202205111550,349.0,0.9
202205111555,349.0,0.9
202205111600,6.0,0.9
202205111610,10.0,0.9
202205111615,355.0,0.9
202205111620,5.0,0.9
202205111625,358.0,0.9
202205111630,11.0,0.9
202205111635,356.0,0.9
202205111640,345.0,0.9
202205111645,26.0,0.9
202205111650,358.0,0.9
202205111655,345.0,0.4
202205111700,348.0,0.4
202205111710,358.0,0.9
202205111715,17.0,0.9
202205111720,342.0,0.9
202205111725,350.0,0.9
202205111730,352.0,0.9
202205111735,5.0,0.9
202205111740,354.0,0.9
202205111745,12.0,0.9
202205111755,19.0,0.9
202205111800,346.0,0.9
202205111810,348.0,0.9
202205111815,49.0,1.3
202205111820,354.0,1.3
202205111825,8.0,0.9
202205111830,353.0,0.9
202205111835,3.0,0.9
202205111840,348.0,0.9
202205111850,348.0,0.4
202205111855,343.0,0.9
202205111900,346.0,0.9
202205111915,61.0,0.9
202205111920,350.0,0.9
202205111925,344.0,0.9
202205111930,351.0,0.9
202205111935,1.0,0.9
202205111940,30.0,0.9
202205111945,,0.0
202205111950,,0.0
202205111955,343.0,0.9
202205112000,26.0,0.9
202205112010,346.0,0.9
202205112015,351.0,0.9
202205112020,18.0,0.9
202205112025,5.0,0.9
202205112030,355.0,0.9
202205112040,345.0,0.9
202205112045,5.0,1.3
202205112050,15.0,1.3
202205112055,66.0,0.9
202205112100,0.0,0.9
202205112110,351.0,0.9
202205112115,320.0,0.4
202205112120,345.0,0.4
202205112125,3.0,0.9
202205112135,11.0,0.9
202205112140,346.0,0.9
202205112145,329.0,0.9
202205112150,350.0,0.9
202205112155,7.0,0.9
202205112200,69.0,0.9
202205112210,347.0,0.9
202205112220,355.0,0.9
202205112225,348.0,0.9
202205112230,15.0,0.9
202205112235,3.0,0.9
202205112240,336.0,0.9
202205112245,345.0,0.9
202205112250,40.0,0.9
202205112255,,0.0
202205112300,,0.0
202205112310,149.0,0.4
202205112315,,0.0
202205112320,,0.0
202205112325,,0.0
202205112330,,0.0
202205112335,,0.0
202205112345,,0.0
202205112350,,0.0
202205112355,,0.0
202205120000,,0.0
202205120010,,0.0
202205120015,,0.0
202205120020,,0.0
202205120025,,0.0
202205120030,,0.0
202205120035,,0.0
202205120040,,0.0
202205120045,,0.0
202205120050,,0.0
202205120055,,0.0
202205120100,,0.0
202205120110,,0.0
202205120115,,0.0
202205120120,,0.0
202205120125,,0.0
202205120130,,0.0
202205120135,,0.0
202205120140,,0.0
202205120145,,0.0
202205120150,,0.0
202205120155,,0.0
202205120200,,0.0
202205120210,,0.0
202205120215,,0.0
202205120220,,0.0
202205120225,,0.0
202205120230,,0.0
202205120235,,0.0
202205120240,,0.0
202205120250,,0.0
202205120255,,0.0
202205120300,,0.0
202205120310,,0.0
202205120315,,0.0
202205120320,,0.0
202205120325,,0.0
202205120330,,0.0
202205120340,,0.0
202205120345,,0.0
202205120350,,0.0
202205120355,,0.0
202205120400,,0.0
202205120410,,0.0
202205120420,,0.0
202205120425,,0.0
202205120430,,0.0
202205120440,,0.0
202205120445,,0.0
202205120450,,0.0
202205120455,,0.0
202205120500,,0.0
202205120510,,0.0
202205120515,,0.0
202205120520,,0.0
202205120525,,0.0
202205120530,,0.0
202205120535,,0.0
202205120540,,0.0
202205120545,,0.0
202205120550,,0.0
202205120555,,0.0
202205120600,,0.0
202205120610,,0.0
202205120615,,0.0
202205120625,,0.0
202205120630,,0.0
202205120635,,0.0
202205120640,,0.0
202205120645,,0.0
202205120650,,0.0
202205120655,,0.0
202205120710,,0.0
202205120715,,0.0
202205120720,,0.0
202205120725,,0.0
202205120730,,0.0
202205120735,,0.0
202205120740,,0.0
202205120745,,0.0
202205120750,,0.0
202205120755,,0.0
202205120800,,0.0
202205120810,,0.0
202205120815,,0.0
202205120820,,0.0
202205120825,,0.0
202205120830,,0.0
202205120835,,0.0
202205120840,,0.0
202205120845,,0.0
202205120850,,0.0
202205120855,,0.0
202205120900,,0.0
202205120910,7.0,0.4
202205120915,,0.0
202205120920,,0.0
202205120925,,0.0
202205120930,,0.0
202205120935,,0.0
202205120940,,0.0
202205120945,,0.0
202205120950,,0.0
202205120955,,0.0
202205121000,,0.0
202205121010,,0.0
202205121015,,0.0
202205121020,,0.0
202205121025,,0.0
202205121030,,0.0
202205121035,,0.0
202205121040,,0.0
202205121045,,0.0
202205121055,,0.0
202205121100,,0.0
202205121110,,0.0
202205121115,,0.0
202205121120,,0.0
202205121125,,0.0
202205121130,,0.0
202205121135,,0.0
202205121140,,0.0
202205121145,331.0,0.9
202205121150,331.0,0.9
202205121155,,0.0
202205121200,,0.0
202205121210,7.0,0.9
202205121215,,0.0
202205121220,,0.0
202205121225,,0.0
202205121230,,0.0
202205121235,330.0,0.9
202205121240,351.0,0.9
202205121245,340.0,0.9
202205121250,324.0,0.9
202205121255,,0.0
202205121300,,0.0
202205121310,11.0,0.4
202205121315,304.0,0.9
202205121320,6.0,0.9
202205121325,288.0,0.4
202205121330,311.0,0.4
202205121335,,0.0
202205121340,,0.0
202205121345,19.0,0.9
202205121355,349.0,0.9
202205121400,42.0,0.9
202205121410,345.0,0.9
202205121415,30.0,0.9
202205121420,68.0,0.9
202205121425,325.0,0.4
202205121430,10.0,0.4
202205121435,323.0,0.9
202205121440,353.0,0.9
202205121445,5.0,0.9
202205121450,4.0,0.9
202205121455,351.0,0.9
202205121500,24.0,0.9
202205121510,345.0,0.9
202205121515,353.0,0.9
202205121520,355.0,0.9
202205121525,43.0,0.4
202205121530,353.0,0.4
202205121535,5.0,0.4
202205121540,8.0,0.4
202205121545,332.0,0.9
202205121550,2.0,0.9
202205121555,1.0,0.9
202205121600,333.0,0.9
202205121610,279.0,0.9
202205121615,1.0,0.9
202205121620,339.0,0.9
202205121625,0.0,0.9
202205121630,349.0,0.9
202205121635,355.0,0.9
202205121640,351.0,0.9
202205121645,342.0,1.3
202205121650,354.0,1.3
202205121655,2.0,0.9
202205121700,5.0,0.9
202205121710,357.0,1.3
202205121715,308.0,0.9
202205121720,355.0,0.9
202205121725,340.0,0.9
202205121730,335.0,0.9
202205121735,278.0,0.9
202205121740,8.0,0.9
202205121745,339.0,0.9
202205121750,355.0,0.9
202205121755,349.0,1.3
202205121800,345.0,1.3
202205121810,333.0,0.9
202205121815,355.0,0.9
202205121820,350.0,0.9
202205121825,349.0,0.9
202205121830,64.0,0.9
202205121835,332.0,0.9
202205121840,346.0,0.9
202205121845,0.0,0.9
202205121850,339.0,0.9
202205121855,328.0,0.9
202205121900,344.0,0.9
202205121910,353.0,0.9
202205121915,355.0,0.9
202205121920,286.0,0.9
202205121925,19.0,0.9
202205121930,337.0,0.9
202205121935,17.0,0.9
202205121940,351.0,0.9
202205121945,349.0,0.9
202205121950,7.0,0.9
202205122000,309.0,0.9
202205122010,347.0,0.4
202205122015,343.0,0.4
202205122020,19.0,0.4
202205122025,359.0,0.4
202205122030,15.0,0.4
202205122035,6.0,0.9
202205122040,348.0,0.9
202205122045,328.0,0.9
202205122050,1.0,0.9
202205122055,30.0,0.9
202205122100,340.0,0.9
202205122110,3.0,0.4
202205122115,327.0,0.4
202205122120,11.0,0.4
202205122130,328.0,0.9
202205122135,7.0,0.9
202205122140,4.0,0.9
202205122145,353.0,0.9
202205122150,347.0,0.9
202205122155,355.0,0.9
202205122200,2.0,0.9
202205122210,50.0,0.9
202205122215,332.0,0.9
202205122220,7.0,0.9
202205122225,22.0,0.9
202205122230,281.0,0.9
202205122235,4.0,0.9
202205122240,46.0,0.9
202205122245,,0.0
202205122250,,0.0
202205122255,,0.0
202205122300,,0.0
202205122310,73.0,0.4
202205122315,,0.0
202205122320,,0.0
202205122325,,0.0
202205122330,,0.0
202205122335,,0.0
202205122340,,0.0
202205122345,,0.0
202205122350,,0.0
202205122355,,0.0
202205130010,331.0,0.9
202205130015,,0.0
202205130020,,0.0
202205130025,333.0,0.4
202205130030,355.0,0.4
202205130040,18.0,0.4
202205130045,30.0,0.9
202205130050,348.0,0.9
202205130055,294.0,0.4
202205130100,47.0,0.4
202205130115,,0.0
202205130120,,0.0
202205130125,,0.0
202205130130,,0.0
202205130135,,0.0
202205130140,,0.0
202205130145,,0.0
202205130150,,0.0
202205130155,,0.0
202205130200,,0.0
202205130210,,0.0
202205130215,,0.0
202205130220,,0.0
202205130225,,0.0
202205130230,,0.0
202205130240,,0.0
202205130245,,0.0
202205130250,,0.0
202205130255,,0.0
202205130300,,0.0
202205130310,,0.0
202205130315,,0.0
202205130320,,0.0
202205130330,,0.0
202205130335,,0.0
202205130340,,0.0
202205130345,,0.0
202205130350,,0.0
202205130355,,0.0
202205130400,,0.0
202205130410,,0.0
202205130415,,0.0
202205130420,,0.0
202205130425,,0.0
202205130430,,0.0
202205130435,,0.0
202205130440,,0.0
202205130445,,0.0
202205130450,,0.0
202205130455,,0.0
202205130500,,0.0
202205130510,,0.0
202205130515,,0.0
202205130520,,0.0
202205130525,,0.0
202205130530,,0.0
202205130535,,0.0
202205130540,,0.0
202205130545,,0.0
202205130550,,0.0
202205130600,,0.0
202205130610,,0.0
202205130615,,0.0
202205130620,,0.0
202205130625,,0.0
202205130630,,0.0
202205130635,,0.0
202205130640,,0.0
202205130645,,0.0
202205130650,,0.0
202205130655,,0.0
202205130700,,0.0
202205130710,,0.0
202205130715,,0.0
202205130720,,0.0
202205130725,,0.0
202205130730,,0.0
202205130735,,0.0
202205130740,,0.0
202205130745,,0.0
202205130755,,0.0
202205130800,,0.0
202205130810,,0.0
202205130815,,0.0
202205130820,,0.0
202205130825,,0.0
202205130830,,0.0
202205130840,,0.0
202205130845,,0.0
202205130850,,0.0
202205130855,,0.0
202205130900,,0.0
202205130915,,0.0
202205130920,,0.0
202205130925,,0.0
202205130930,,0.0
202205130935,,0.0
202205130940,,0.0
202205130945,,0.0
202205130950,,0.0
202205130955,,0.0
202205131000,,0.0
202205131010,,0.0
202205131015,,0.0
202205131020,,0.0
202205131025,,0.0
202205131030,,0.0
202205131035,,0.0
202205131040,,0.0
202205131045,,0.0
202205131050,,0.0
202205131055,,0.0
202205131100,,0.0
202205131110,,0.0
202205131115,,0.0
202205131120,,0.0
202205131125,,0.0
202205131130,,0.0
202205131135,,0.0
202205131140,,0.0
202205131145,,0.0
202205131150,,0.0
202205131155,,0.0
202205131200,,0.0
202205131210,,0.0
202205131215,,0.0
202205131220,,0.0
202205131225,,0.0
202205131230,,0.0
202205131235,,0.0
202205131240,,0.0
202205131245,,0.0
202205131250,,0.0
202205131255,,0.0
202205131300,,0.0
202205131310,,0.0
202205131315,,0.0
202205131320,,0.0
202205131325,,0.0
202205131330,,0.0
202205131335,,0.0
202205131340,,0.0
202205131345,,0.0
202205131350,,0.0
202205131355,,0.0
202205131400,,0.0
202205131410,,0.0
202205131415,,0.0
202205131420,,0.0
202205131430,,0.0
202205131435,,0.0
202205131440,,0.0
202205131445,,0.0
202205131450,,0.0
202205131455,,0.0
202205131500,,0.0
202205131510,,0.0
202205131515,,0.0
202205131520,,0.0
202205131525,,0.0
202205131530,,0.0
202205131535,,0.0
202205131545,341.0,0.4
202205131550,99.0,0.4
202205131555,,0.0
202205131600,,0.0
202205131610,337.0,0.4
202205131615,315.0,0.4
202205131620,254.0,0.4
202205131625,,0.0
202205131630,,0.0
202205131635,,0.0
202205131640,,0.0
202205131650,,0.0
202205131655,,0.0
202205131700,,0.0
202205131710,,0.0
202205131715,328.0,0.9
202205131720,81.0,0.9
202205131725,77.0,0.4
202205131730,337.0,0.4
202205131735,285.0,0.4
202205131740,336.0,0.4
202205131745,,0.0
202205131750,,0.0
202205131755,,0.0
202205131800,,0.0
202205131810,,0.0
202205131815,,0.0
202205131820,,0.0
202205131825,,0.0
202205131830,,0.0
202205131840,,0.0
202205131845,,0.0
202205131850,,0.0
202205131900,,0.0
202205131910,,0.0
202205131915,,0.0
202205131920,,0.0
202205131925,,0.0
202205131930,,0.0
202205131935,,0.0
202205131940,,0.0
202205131945,,0.0
202205131950,,0.0
202205131955,,0.0
202205132000,,0.0
202205132010,,0.0
202205132015,,0.0
202205132020,,0.0
202205132025,,0.0
202205132030,,0.0
202205132035,,0.0
202205132040,,0.0
202205132045,,0.0
202205132050,,0.0
202205132055,,0.0
202205132100,,0.0
202205132110,,0.0
202205132115,,0.0
202205132120,,0.0
202205132125,,0.0
202205132130,,0.0
202205132135,,0.0
202205132140,,0.0
202205132145,,0.0
202205132150,,0.0
202205132155,,0.0
202205132210,,0.0
202205132215,,0.0
202205132220,,0.0
202205132225,,0.0
202205132230,,0.0
202205132235,,0.0
202205132240,,0.0
202205132245,,0.0
202205132255,,0.0
202205132300,,0.0
202205132310,,0.0
202205132315,,0.0
202205132320,,0.0
202205132325,,0.0
202205132330,,0.0
202205132335,,0.0
202205132340,,0.0
202205132345,,0.0
202205132350,,0.0
202205140000,,0.0
202205140010,,0.0
202205140020,,0.0
202205140025,,0.0
202205140030,,0.0
202205140035,,0.0
202205140040,,0.0
202205140045,,0.0
202205140050,,0.0
202205140055,,0.0
202205140100,,0.0
202205140110,,0.0
202205140115,,0.0
202205140120,,0.0
202205140125,,0.0
202205140130,,0.0
202205140135,,0.0
202205140140,,0.0
202205140145,,0.0
202205140150,,0.0
202205140155,,0.0
202205140200,,0.0
202205140210,,0.0
202205140215,,0.0
202205140220,,0.0
202205140225,,0.0
202205140230,,0.0
202205140235,,0.0
202205140240,,0.0
202205140245,,0.0
202205140250,,0.0
202205140255,,0.0
202205140300,,0.0
202205140310,,0.0
202205140315,,0.0
202205140320,,0.0
202205140325,,0.0
202205140330,,0.0
202205140335,,0.0
202205140340,,0.0
202205140345,,0.0
202205140350,,0.0
202205140355,,0.0
202205140400,,0.0
202205140410,,0.0
202205140415,,0.0
202205140420,,0.0
202205140425,,0.0
202205140430,,0.0
202205140435,,0.0
202205140440,,0.0
202205140445,,0.0
202205140450,,0.0
202205140455,,0.0
202205140500,,0.0
202205140510,,0.0
202205140520,,0.0
202205140525,,0.0
202205140530,,0.0
202205140535,,0.0
202205140540,,0.0
202205140545,,0.0
202205140550,,0.0
202205140555,,0.0
202205140600,,0.0
202205140610,,0.0
202205140615,,0.0
202205140620,,0.0
202205140625,,0.0
202205140630,,0.0
202205140640,,0.0
202205140645,,0.0
202205140650,,0.0
202205140655,,0.0
202205140700,,0.0
202205140710,,0.0
202205140715,,0.0
202205140720,,0.0
202205140730,,0.0
202205140735,,0.0
202205140740,,0.0
202205140745,,0.0
202205140800,,0.0
202205140810,,0.0
202205140815,,0.0
202205140820,,0.0
202205140825,,0.0
202205140830,,0.0
202205140835,,0.0
202205140840,,0.0
202205140845,,0.0
202205140850,,0.0
202205140855,,0.0
202205140900,,0.0
202205140910,,0.0
202205140915,,0.0
202205140920,,0.0
202205140925,,0.0
202205140930,,0.0
202205140935,,0.0
202205140940,,0.0
202205140945,,0.0
202205140950,,0.0
202205140955,,0.0
202205141000,,0.0
202205141010,,0.0
202205141015,,0.0
202205141020,,0.0
202205141025,,0.0
202205141030,,0.0
202205141035,,0.0
202205141040,,0.0
202205141045,,0.0
202205141050,,0.0
202205141055,,0.0
202205141100,,0.0
202205141110,,0.0
202205141115,,0.0
202205141120,,0.0
202205141125,,0.0
202205141130,,0.0
202205141135,,0.0
202205141140,,0.0
202205141145,,0.0
202205141150,,0.0
202205141155,,0.0
202205141200,,0.0
202205141210,,0.0
202205141215,,0.0
202205141225,,0.0
202205141230,,0.0
202205141235,,0.0
202205141240,,0.0
202205141245,,0.0
202205141250,,0.0
202205141255,,0.0
202205141300,,0.0
202205141310,,0.0
202205141315,,0.0
202205141320,,0.0
202205141325,,0.0
202205141330,,0.0
202205141335,,0.0
202205141340,,0.0
202205141345,,0.0
202205141355,,0.0
202205141400,,0.0
202205141410,,0.0
202205141415,,0.0
202205141425,,0.0
202205141430,,0.0
202205141435,,0.0
202205141440,,0.0
202205141445,,0.0
202205141450,,0.0
202205141455,,0.0
202205141500,,0.0
202205141510,,0.0
202205141515,,0.0
202205141520,,0.0
202205141525,,0.0
202205141530,,0.0
202205141535,,0.0
202205141540,,0.0
202205141545,,0.0
202205141550,,0.0
202205141555,,0.0
202205141600,,0.0
202205141610,,0.0
202205141615,,0.0
202205141620,,0.0
202205141625,,0.0
202205141630,,0.0
202205141635,,0.0
202205141640,,0.0
202205141645,,0.0
202205141650,,0.0
202205141655,,0.0
202205141700,,0.0
202205141710,,0.0
202205141715,266.0,0.4
202205141720,111.0,0.4
202205141725,305.0,0.9
202205141730,7.0,0.9
202205141735,5.0,0.4
202205141740,143.0,0.4
202205141745,,0.0
202205141750,,0.0
202205141755,,0.0
202205141800,,0.0
202205141810,,0.0
202205141815,327.0,0.4
202205141820,349.0,0.4
202205141825,309.0,0.4
202205141830,5.0,0.4
202205141835,41.0,0.9
202205141840,4.0,0.9
202205141845,,0.0
202205141850,,0.0
202205141855,216.0,0.9
202205141900,250.0,0.9
202205141910,291.0,1.3
202205141915,6.0,0.9
202205141920,117.0,0.9
202205141925,,0.0
202205141935,305.0,0.4
202205141940,39.0,0.4
202205141945,324.0,0.4
202205141950,311.0,0.4
202205141955,321.0,0.4
202205142000,328.0,0.4
202205142010,357.0,0.4
202205142015,11.0,0.9
202205142020,202.0,0.9
202205142025,187.0,0.9
202205142030,323.0,0.9
202205142035,301.0,0.9
202205142040,336.0,0.9
202205142045,,0.0
202205142050,,0.0
202205142055,,0.0
202205142100,,0.0
202205142110,320.0,0.9
202205142115,349.0,0.9
202205142120,339.0,0.9
202205142125,,0.0
202205142130,,0.0
202205142135,,0.0
202205142140,,0.0
202205142150,,0.0
202205142155,,0.0
202205142200,,0.0
202205142210,,0.0
202205142215,,0.0
202205142220,,0.0
202205142225,,0.0
202205142230,,0.0
202205142235,,0.0
202205142240,,0.0
202205142245,,0.0
202205142250,,0.0
202205142255,,0.0
202205142300,,0.0
202205142310,,0.0
202205142320,,0.0
202205142325,,0.0
202205142330,,0.0
202205142335,,0.0
202205142340,,0.0
202205142345,,0.0
202205142350,,0.0
202205142355,,0.0
202205150000,,0.0
202205150010,,0.0
202205150015,,0.0
202205150020,,0.0
202205150025,,0.0
202205150030,,0.0
202205150035,,0.0
202205150040,,0.0
202205150045,,0.0
202205150050,,0.0
202205150055,,0.0
202205150110,,0.0
202205150115,,0.0
202205150120,,0.0
202205150125,,0.0
202205150130,,0.0
202205150135,,0.0
202205150140,,0.0
202205150145,,0.0
202205150150,,0.0
202205150155,,0.0
202205150200,,0.0
202205150215,,0.0
202205150220,,0.0
202205150225,,0.0
202205150235,,0.0
202205150240,,0.0
202205150245,,0.0
202205150250,,0.0
202205150255,,0.0
202205150300,,0.0
202205150310,,0.0
202205150315,,0.0
202205150320,,0.0
202205150325,,0.0
202205150330,,0.0
202205150335,,0.0
202205150340,,0.0
202205150345,,0.0
202205150355,,0.0
202205150400,,0.0
202205150410,,0.0
202205150415,,0.0
202205150420,,0.0
202205150425,,0.0
202205150430,,0.0
202205150435,,0.0
202205150440,,0.0
202205150445,,0.0
202205150450,,0.0
202205150455,,0.0
202205150500,,0.0
202205150510,,0.0
202205150515,,0.0
202205150520,,0.0
202205150525,,0.0
202205150530,,0.0
202205150535,,0.0
202205150540,,0.0
202205150545,,0.0
202205150550,,0.0
202205150555,,0.0
202205150600,,0.0
202205150610,,0.0
202205150615,,0.0
202205150620,,0.0
202205150625,,0.0
202205150630,,0.0
202205150635,,0.0
202205150640,,0.0
202205150645,,0.0
202205150650,,0.0
202205150655,,0.0
202205150700,,0.0
202205150710,,0.0
202205150715,,0.0
202205150720,,0.0
202205150725,,0.0
202205150730,,0.0
202205150735,,0.0
202205150740,,0.0
202205150750,,0.0
202205150755,,0.0
202205150800,,0.0
202205150810,,0.0
202205150815,,0.0
202205150820,,0.0
202205150825,,0.0
202205150830,,0.0
202205150835,,0.0
202205150840,,0.0
202205150845,,0.0
202205150850,,0.0
202205150855,,0.0
202205150900,,0.0
202205150910,,0.0
202205150915,,0.0
202205150920,,0.0
202205150925,,0.0
202205150930,,0.0
202205150935,,0.0
202205150940,,0.0
202205150945,,0.0
202205150950,,0.0
202205150955,,0.0
202205151000,,0.0
202205151010,,0.0
202205151015,,0.0
202205151020,,0.0
202205151025,,0.0
202205151030,,0.0
202205151035,,0.0
202205151040,,0.0
202205151045,,0.0
202205151050,,0.0
202205151055,,0.0
202205151100,,0.0
202205151115,,0.0
202205151120,,0.0
202205151125,,0.0
202205151130,,0.0
202205151135,,0.0
202205151140,,0.0
202205151145,,0.0
202205151150,,0.0
202205151155,,0.0
202205151200,,0.0
202205151210,,0.0
202205151220,219.0,0.4
202205151225,170.0,0.9
202205151230,197.0,0.9
202205151235,203.0,0.9
202205151240,224.0,0.9
202205151245,,0.0
202205151250,,0.0
202205151255,,0.0
202205151300,,0.0
202205151310,,0.0
202205151315,,0.0
202205151320,,0.0
202205151325,,0.0
202205151330,,0.0
202205151335,,0.0
202205151340,,0.0
202205151345,,0.0
202205151350,,0.0
202205151355,,0.0
202205151400,,0.0
202205151410,,0.0
202205151415,,0.0
202205151420,,0.0
202205151425,,0.0
202205151430,,0.0
202205151435,316.0,0.9
202205151440,144.0,0.9
202205151445,,0.0
202205151450,,0.0
202205151455,,0.0
202205151500,,0.0
202205151510,,0.0
202205151515,,0.0
202205151520,,0.0
202205151525,222.0,0.4
202205151530,219.0,0.4
202205151535,306.0,0.9
202205151540,177.0,0.9
202205151545,222.0,0.9
202205151550,238.0,0.9
202205151555,136.0,0.9
202205151600,197.0,0.9
202205151610,14.0,0.9
202205151615,228.0,0.9
202205151620,288.0,0.9
202205151625,213.0,1.3
202205151630,157.0,1.3
202205151635,118.0,0.9
202205151640,227.0,0.9
202205151645,180.0,0.9
202205151650,209.0,0.9
202205151655,134.0,0.9
202205151700,238.0,0.9
202205151710,201.0,0.9
202205151720,123.0,0.9
202205151725,181.0,0.9
202205151730,225.0,0.9
202205151735,231.0,0.9
202205151740,190.0,0.9
202205151745,217.0,0.9
202205151750,182.0,0.9
202205151755,225.0,0.9
202205151800,296.0,0.9
202205151810,5.0,0.9
202205151815,,0.0
202205151820,,0.0
202205151825,337.0,0.4
202205151830,291.0,0.4
202205151835,331.0,0.9
202205151840,347.0,0.9
202205151845,186.0,0.9
202205151850,348.0,0.9
202205151855,240.0,0.9
202205151900,28.0,0.9
202205151910,194.0,0.9
202205151915,169.0,0.9
202205151920,221.0,0.9
202205151925,290.0,1.3
202205151930,111.0,1.3
202205151935,,0.0
202205151940,,0.0
202205151945,,0.0
202205151950,,0.0
202205151955,340.0,0.4
202205152000,270.0,0.4
202205152010,314.0,0.4
202205152015,,0.0
202205152020,,0.0
202205152025,0.0,0.9
202205152030,337.0,0.9
202205152035,,0.0
202205152040,,0.0
202205152045,,0.0
202205152055,,0.0
202205152100,,0.0
202205152110,,0.0
202205152115,,0.0
202205152120,,0.0
202205152125,,0.0
202205152130,,0.0
202205152135,,0.0
202205152140,,0.0
202205152145,,0.0
202205152150,,0.0
202205152155,,0.0
202205152200,,0.0
202205152210,,0.0
202205152215,,0.0
202205152220,,0.0
202205152225,,0.0
202205152230,,0.0
202205152235,,0.0
202205152240,,0.0
202205152245,,0.0
202205152250,,0.0
202205152255,,0.0
202205152300,,0.0
202205152310,,0.0
202205152315,,0.0
202205152320,,0.0
202205152325,,0.0
202205152330,,0.0
202205152335,,0.0
202205152340,,0.0
202205152345,,0.0
202205152350,,0.0
202205152355,,0.0
202205160000,,0.0
202205160010,,0.0
202205160015,,0.0
202205160020,,0.0
202205160025,,0.0
202205160030,,0.0
202205160035,,0.0
202205160040,,0.0
202205160045,,0.0
202205160050,,0.0
202205160055,,0.0
202205160100,,0.0
202205160110,,0.0
202205160115,,0.0
202205160120,,0.0
202205160125,,0.0
202205160130,,0.0
202205160135,,0.0
202205160140,,0.0
202205160145,,0.0
202205160150,,0.0
202205160155,,0.0
202205160200,,0.0
202205160210,200.0,0.4
202205160215,,0.0
202205160220,,0.0
202205160225,211.0,0.9
202205160230,218.0,0.9
202205160235,173.0,1.3
202205160240,171.0,1.3
202205160245,175.0,0.9
202205160250,212.0,0.9
202205160255,213.0,0.4
202205160300,164.0,0.4
202205160310,129.0,0.9
202205160315,,0.0
202205160320,,0.0
202205160325,170.0,0.4
202205160330,203.0,0.4
202205160335,126.0,0.4
202205160340,132.0,0.4
202205160345,128.0,0.4
202205160350,157.0,0.4
202205160355,,0.0
202205160400,,0.0
202205160410,136.0,0.4
202205160415,190.0,0.4
202205160420,164.0,0.4
202205160425,207.0,0.9
202205160430,162.0,0.9
202205160435,194.0,0.9
202205160440,187.0,0.9
202205160445,156.0,0.4
202205160455,104.0,0.4
202205160500,270.0,0.4
202205160510,,0.0
202205160515,,0.0
202205160520,,0.0
202205160525,,0.0
202205160530,,0.0
202205160535,214.0,0.9
202205160540,184.0,0.9
202205160545,,0.0
202205160550,,0.0
202205160555,198.0,0.9
202205160600,194.0,0.9
202205160610,138.0,0.4
202205160615,167.0,0.4
202205160620,213.0,0.4
202205160625,181.0,0.4
202205160630,183.0,0.4
202205160635,,0.0
202205160640,,0.0
202205160645,,0.0
202205160650,,0.0
202205160700,,0.0
202205160710,,0.0
202205160715,,0.0
202205160720,,0.0
202205160725,213.0,0.9
202205160735,200.0,0.9
202205160740,147.0,0.9
202205160745,203.0,0.9
202205160750,213.0,0.9
202205160755,224.0,0.9
202205160800,188.0,0.9
202205160810,,0.0
202205160815,,0.0
202205160820,,0.0
202205160825,,0.0
202205160830,,0.0
202205160835,,0.0
202205160840,,0.0
202205160845,,0.0
202205160850,,0.0
202205160855,,0.0
202205160900,,0.0
202205160910,,0.0
202205160915,,0.0
202205160920,,0.0
202205160925,,0.0
202205160930,,0.0
202205160935,,0.0
202205160940,,0.0
202205160945,,0.0
202205160950,,0.0
202205160955,,0.0
202205161000,,0.0
202205161010,,0.0
202205161015,,0.0
202205161020,,0.0
202205161025,,0.0
202205161030,,0.0
202205161035,,0.0
202205161040,,0.0
202205161050,,0.0
202205161055,,0.0
202205161100,,0.0
202205161110,,0.0
202205161115,,0.0
202205161120,,0.0
202205161125,,0.0
202205161130,,0.0
202205161135,,0.0
202205161140,,0.0
202205161150,,0.0
202205161155,,0.0
202205161200,,0.0
202205161210,,0.0
202205161215,,0.0
202205161220,,0.0
202205161225,,0.0
202205161230,,0.0
202205161235,,0.0
202205161240,,0.0
202205161245,206.0,0.4
202205161250,226.0,0.4
202205161255,221.0,0.9
202205161300,245.0,0.9
202205161310,310.0,0.9
202205161315,,0.0
202205161320,,0.0
202205161325,,0.0
202205161330,,0.0
202205161335,,0.0
202205161340,,0.0
202205161345,,0.0
202205161350,,0.0
202205161355,,0.0
202205161400,,0.0
202205161410,,0.0
202205161415,214.0,0.9
202205161420,309.0,0.9
202205161425,276.0,0.9
202205161430,345.0,0.9
202205161435,,0.0
202205161440,,0.0
202205161445,11.0,0.9
202205161450,112.0,0.9
202205161455,47.0,0.9
202205161500,215.0,0.9
202205161510,218.0,0.9
202205161515,323.0,0.9
202205161520,301.0,0.9
202205161525,79.0,0.9
202205161530,280.0,0.9
202205161535,209.0,0.9
202205161540,159.0,0.9
202205161545,208.0,0.9
202205161550,148.0,0.9
202205161555,92.0,1.3
202205161600,342.0,1.3
202205161610,206.0,0.9
202205161615,208.0,0.9
202205161620,116.0,0.9
202205161625,331.0,0.9
202205161630,208.0,0.9
202205161635,347.0,0.4
202205161640,146.0,0.4
202205161645,261.0,0.9
202205161650,206.0,0.9
202205161655,289.0,1.3
202205161700,198.0,1.3
202205161715,187.0,0.9
202205161720,236.0,0.9
202205161725,197.0,0.9
202205161730,167.0,0.9
202205161735,232.0,0.9
202205161740,132.0,0.9
202205161745,210.0,0.9
202205161750,203.0,0.9
202205161755,265.0,0.9
202205161800,343.0,0.9
202205161815,338.0,0.9
202205161820,182.0,0.9
202205161825,227.0,0.9
202205161830,107.0,0.9
202205161835,135.0,1.3
202205161840,312.0,1.3
202205161845,320.0,0.9
202205161850,258.0,0.9
202205161855,326.0,0.4
202205161900,232.0,0.4
202205161910,313.0,0.9
202205161915,352.0,0.9
202205161920,342.0,0.9
202205161925,201.0,0.9
202205161930,240.0,0.9
202205161935,213.0,1.3
202205161940,254.0,1.3
202205161945,225.0,1.3
202205161950,305.0,1.3
202205162000,212.0,1.3
202205162010,341.0,0.9
202205162015,322.0,2.2
202205162020,205.0,2.2
202205162025,178.0,0.9
202205162030,210.0,0.9
202205162035,279.0,2.2
202205162040,293.0,2.2
202205162045,304.0,1.3
202205162050,270.0,1.3
202205162055,193.0,1.3
202205162100,193.0,1.3
202205162110,263.0,0.9
202205162115,40.0,1.3
202205162120,192.0,1.3
202205162125,44.0,0.9
202205162130,18.0,0.9
202205162135,175.0,0.9
202205162140,220.0,0.9
202205162145,327.0,0.9
202205162155,0.0,0.9
202205162200,314.0,0.9
202205162220,178.0,0.9
202205162225,198.0,0.9
202205162230,199.0,0.9
202205162235,119.0,1.3
202205162240,307.0,1.3
202205162245,228.0,1.3
202205162250,20.0,1.3
202205162255,85.0,0.9
202205162300,309.0,0.9
202205162310,,0.0
202205162315,,0.0
202205162320,,0.0
202205162325,,0.0
202205162330,,0.0
202205162335,,0.0
202205162340,,0.0
202205162345,,0.0
202205162350,,0.0
202205162355,,0.0
202205170000,,0.0
202205170010,,0.0
202205170015,,0.0
202205170020,,0.0
202205170025,,0.0
202205170030,,0.0
202205170035,,0.0
202205170040,,0.0
202205170045,,0.0
202205170055,,0.0
202205170100,,0.0
202205170110,,0.0
202205170115,,0.0
202205170120,,0.0
202205170125,,0.0
202205170130,,0.0
202205170135,,0.0
202205170140,,0.0
202205170145,,0.0
202205170150,,0.0
202205170155,,0.0
202205170200,,0.0
202205170210,,0.0
202205170215,,0.0
202205170220,,0.0
202205170225,,0.0
202205170230,,0.0
202205170235,,0.0
202205170240,,0.0
202205170245,,0.0
202205170250,,0.0
202205170255,,0.0
202205170300,,0.0
202205170310,,0.0
202205170315,,0.0
202205170320,,0.0
202205170325,,0.0
202205170330,,0.0
202205170335,,0.0
202205170340,,0.0
202205170345,,0.0
202205170350,,0.0
202205170355,,0.0
202205170400,,0.0
202205170410,,0.0
202205170420,,0.0
202205170425,,0.0
202205170430,,0.0
202205170435,,0.0
202205170440,,0.0
202205170445,,0.0
202205170450,,0.0
202205170455,,0.0
202205170500,,0.0
202205170510,356.0,0.4
202205170515,,0.0
202205170520,,0.0
202205170525,,0.0
202205170530,,0.0
202205170535,,0.0
202205170540,,0.0
202205170545,,0.0
202205170550,,0.0
202205170555,,0.0
202205170600,,0.0
202205170610,,0.0
202205170615,,0.0
202205170620,,0.0
202205170625,,0.0
202205170630,,0.0
202205170635,,0.0
202205170640,,0.0
202205170645,,0.0
202205170650,,0.0
202205170655,,0.0
202205170700,,0.0
202205170710,,0.0
202205170720,,0.0
202205170725,,0.0
202205170730,,0.0
202205170735,,0.0
202205170740,,0.0
202205170745,,0.0
202205170750,,0.0
202205170755,,0.0
202205170800,,0.0
202205170810,,0.0
202205170825,,0.0
202205170830,,0.0
202205170835,,0.0
202205170840,,0.0
202205170850,,0.0
202205170855,,0.0
202205170900,,0.0
202205170910,,0.0
202205170920,,0.0
202205170925,,0.0
202205170930,,0.0
202205170935,,0.0
202205170940,,0.0
202205170945,,0.0
202205170950,,0.0
202205170955,,0.0
202205171000,,0.0
202205171010,,0.0
202205171015,,0.0
202205171020,,0.0
202205171025,,0.0
202205171030,,0.0
202205171035,,0.0
202205171040,,0.0
202205171045,,0.0
202205171050,,0.0
202205171055,,0.0
202205171100,,0.0
202205171110,,0.0
202205171115,,0.0
202205171120,,0.0
202205171125,,0.0
202205171130,,0.0
202205171140,,0.0
202205171145,,0.0
202205171150,,0.0
202205171155,,0.0
202205171200,,0.0
202205171215,,0.0
202205171220,,0.0
202205171225,,0.0
202205171230,,0.0
202205171235,,0.0
202205171240,,0.0
202205171245,,0.0
202205171250,,0.0
202205171255,,0.0
202205171300,,0.0
202205171315,,0.0
202205171320,,0.0
202205171325,,0.0
202205171330,,0.0
202205171335,,0.0
202205171340,,0.0
202205171345,,0.0
202205171350,,0.0
202205171355,357.0,0.9
202205171400,6.0,0.9
202205171410,323.0,0.9
202205171415,6.0,0.9
202205171425,,0.0
202205171440,78.0,0.9
202205171445,294.0,0.4
202205171450,350.0,0.4
202205171455,82.0,0.4
202205171500,325.0,0.4
202205171510,14.0,0.9
202205171515,,0.0
202205171520,,0.0
202205171525,346.0,0.9
202205171530,10.0,0.9
202205171535,336.0,0.4
202205171540,337.0,0.4
202205171550,344.0,0.9
202205171555,,0.0
202205171600,,0.0
202205171610,282.0,0.9
202205171620,,0.0
202205171625,,0.0
202205171630,,0.0
202205171635,329.0,0.9
202205171640,304.0,0.9
202205171645,332.0,0.9
202205171655,168.0,0.4
202205171700,354.0,0.4
202205171710,226.0,0.4
202205171715,323.0,0.4
202205171725,1.0,0.9
202205171730,326.0,0.9
202205171735,28.0,0.9
202205171740,322.0,0.9
202205171745,301.0,0.9
202205171750,319.0,0.9
202205171755,306.0,0.9
202205171800,340.0,0.9
202205171810,328.0,0.9
202205171815,130.0,0.4
202205171820,339.0,0.4
202205171825,345.0,0.9
202205171830,329.0,0.9
202205171835,48.0,0.9
202205171840,268.0,0.9
202205171845,87.0,0.9
202205171855,293.0,0.4
202205171900,309.0,0.4
202205171910,314.0,0.4
202205171915,344.0,0.9
202205171920,305.0,0.9
202205171925,342.0,0.9
202205171935,339.0,0.9
202205171940,185.0,0.9
202205171945,265.0,0.9
202205171950,152.0,0.9
202205171955,223.0,0.9
202205172000,319.0,0.9
202205172010,353.0,0.4
202205172015,342.0,0.9
202205172020,358.0,0.9
202205172025,317.0,0.4
202205172030,347.0,0.4
202205172035,345.0,0.9
202205172040,348.0,0.9
202205172045,347.0,0.9
202205172050,330.0,0.9
202205172055,348.0,0.9
202205172100,338.0,0.9
202205172110,324.0,1.3
202205172115,332.0,0.9
202205172125,336.0,1.3
202205172130,8.0,1.3
202205172135,325.0,0.4
202205172140,330.0,0.4
202205172145,335.0,0.9
202205172150,320.0,0.9
202205172155,318.0,0.9
202205172200,340.0,0.9
202205172210,,0.0
202205172215,353.0,0.4
202205172220,328.0,0.4
202205172225,338.0,0.4
202205172230,330.0,0.4
202205172235,331.0,0.9
202205172240,14.0,0.9
202205172245,332.0,0.4
202205172250,271.0,0.4
202205172255,142.0,0.9
202205172300,344.0,0.9
202205172310,,0.0
202205172315,,0.0
202205172320,,0.0
202205172325,,0.0
202205172330,,0.0
202205172335,,0.0
202205172340,,0.0
202205172345,,0.0
202205172350,,0.0
202205172355,,0.0
202205180000,,0.0
202205180010,,0.0
202205180020,,0.0
202205180025,,0.0
202205180030,,0.0
202205180035,,0.0
202205180040,,0.0
202205180045,,0.0
202205180050,,0.0
202205180055,,0.0
202205180100,,0.0
202205180110,,0.0
202205180115,,0.0
202205180120,,0.0
202205180125,,0.0
202205180135,,0.0
202205180145,,0.0
202205180150,,0.0
202205180155,,0.0
202205180200,,0.0
202205180210,,0.0
202205180215,,0.0
202205180220,,0.0
202205180225,,0.0
202205180230,,0.0
202205180235,,0.0
202205180240,,0.0
202205180245,,0.0
202205180250,,0.0
202205180255,,0.0
202205180300,,0.0
202205180310,,0.0
202205180315,,0.0
202205180320,,0.0
202205180325,,0.0
202205180330,,0.0
202205180335,,0.0
202205180340,,0.0
202205180345,,0.0
202205180350,,0.0
202205180355,,0.0
202205180400,,0.0
202205180410,,0.0
202205180415,,0.0
202205180420,,0.0
202205180425,,0.0
202205180430,,0.0
202205180435,,0.0
202205180440,,0.0
202205180445,,0.0
202205180450,,0.0
202205180455,,0.0
202205180500,,0.0
202205180510,,0.0
202205180515,,0.0
202205180520,,0.0
202205180525,,0.0
202205180530,,0.0
202205180535,,0.0
202205180540,,0.0
202205180545,,0.0
202205180550,,0.0
202205180555,,0.0
202205180600,,0.0
202205180610,,0.0
202205180615,,0.0
202205180620,,0.0
202205180625,,0.0
202205180630,,0.0
202205180640,,0.0
202205180645,,0.0
202205180650,,0.0
202205180655,,0.0
202205180700,,0.0
202205180710,,0.0
202205180715,,0.0
202205180720,,0.0
202205180725,,0.0
202205180730,,0.0
202205180735,,0.0
202205180740,,0.0
202205180745,,0.0
202205180750,,0.0
202205180755,,0.0
202205180800,,0.0
202205180810,,0.0
202205180815,,0.0
202205180820,,0.0
202205180825,,0.0
202205180830,,0.0
202205180835,,0.0
202205180840,,0.0
202205180845,,0.0
202205180850,,0.0
202205180855,,0.0
202205180900,,0.0
202205180910,,0.0
202205180915,,0.0
202205180920,,0.0
202205180925,,0.0
202205180930,,0.0
202205180935,,0.0
202205180940,,0.0
202205180945,,0.0
202205180950,,0.0
202205180955,,0.0
202205181000,,0.0
202205181010,,0.0
202205181015,,0.0
202205181020,,0.0
202205181025,,0.0
202205181030,,0.0
202205181035,,0.0
202205181040,,0.0
202205181045,,0.0
202205181050,,0.0
202205181055,,0.0
202205181100,,0.0
202205181110,,0.0
202205181115,,0.0
202205181120,,0.0
202205181125,,0.0
202205181135,,0.0
202205181140,,0.0
202205181145,,0.0
202205181150,,0.0
202205181155,,0.0
202205181200,,0.0
202205181210,,0.0
202205181215,,0.0
202205181220,,0.0
202205181230,,0.0
202205181235,,0.0
202205181240,,0.0
202205181245,,0.0
202205181250,,0.0
202205181255,,0.0
202205181300,,0.0
202205181310,,0.0
202205181315,,0.0
202205181320,,0.0
202205181325,,0.0
202205181330,,0.0
202205181335,,0.0
202205181340,,0.0
202205181345,,0.0
202205181350,,0.0
202205181355,,0.0
202205181400,,0.0
202205181410,,0.0
202205181415,,0.0
202205181420,,0.0
202205181430,,0.0
202205181435,,0.0
202205181440,,0.0
202205181445,,0.0
202205181450,,0.0
202205181455,,0.0
202205181500,,0.0
202205181510,,0.0
202205181515,,0.0
202205181520,,0.0
202205181525,,0.0
202205181530,,0.0
202205181535,304.0,0.9
202205181540,239.0,0.9
202205181545,,0.0
202205181555,320.0,0.4
202205181600,304.0,0.4
202205181610,119.0,0.9
202205181615,304.0,0.9
202205181620,76.0,0.9
202205181625,105.0,0.4
202205181630,224.0,0.4
202205181635,,0.0
202205181640,,0.0
202205181645,119.0,0.9
202205181650,131.0,0.9
202205181655,319.0,0.4
202205181700,82.0,0.4
202205181710,,0.0
202205181715,111.0,0.9
202205181720,104.0,0.9
202205181725,191.0,0.9
202205181730,65.0,0.9
202205181735,219.0,0.4
202205181740,124.0,0.4
202205181745,129.0,0.9
202205181755,,0.0
202205181800,,0.0
202205181810,,0.0
202205181815,,0.0
202205181820,,0.0
202205181825,326.0,1.3
202205181830,260.0,1.3
202205181835,101.0,0.9
202205181840,178.0,0.9
202205181845,227.0,0.9
202205181850,264.0,0.9
202205181855,204.0,0.9
202205181900,265.0,0.9
202205181910,136.0,0.9
202205181915,188.0,0.9
202205181920,264.0,0.9
202205181925,220.0,0.9
202205181930,185.0,0.9
202205181935,110.0,0.9
202205181940,132.0,0.9
202205181945,262.0,0.9
202205181950,227.0,0.9
202205181955,259.0,0.9
202205182000,89.0,0.9
202205182010,116.0,0.4
202205182015,161.0,0.4
202205182020,240.0,0.4
202205182025,134.0,0.9
202205182030,154.0,0.9
202205182035,195.0,1.3
202205182040,204.0,1.3
202205182045,225.0,1.3
202205182050,177.0,1.3
202205182055,210.0,2.2
202205182100,229.0,2.2
202205182110,211.0,0.9
202205182115,214.0,2.2
202205182120,107.0,2.2
202205182125,115.0,0.9
202205182130,136.0,0.9
202205182135,185.0,0.9
202205182140,142.0,0.9
202205182145,181.0,2.2
202205182150,226.0,2.2
202205182155,204.0,1.3
202205182200,207.0,1.3
202205182210,217.0,1.3
202205182215,196.0,0.9
202205182220,156.0,0.9
202205182225,74.0,1.3
202205182230,164.0,1.3
202205182235,193.0,0.9
202205182240,170.0,0.9
202205182245,198.0,2.2
202205182250,137.0,2.2
202205182255,223.0,0.9
202205182300,212.0,0.9
202205182310,247.0,1.3
202205182315,198.0,0.9
202205182320,205.0,0.9
202205182325,157.0,0.9
202205182330,190.0,0.9
202205182335,159.0,0.9
202205182340,158.0,0.9
202205182345,173.0,0.4
202205182350,209.0,0.4
202205182355,160.0,0.4
202205190000,107.0,0.4
202205190010,,0.0
202205190015,,0.0
202205190020,,0.0
202205190025,,0.0
202205190030,,0.0
202205190035,,0.0
202205190040,,0.0
202205190045,,0.0
202205190050,,0.0
202205190055,,0.0
202205190100,,0.0
202205190110,,0.0
202205190115,,0.0
202205190120,,0.0
202205190130,,0.0
202205190135,,0.0
202205190140,,0.0
202205190145,,0.0
202205190150,,0.0
202205190155,,0.0
202205190200,,0.0
202205190210,,0.0
202205190215,,0.0
202205190220,,0.0
202205190225,,0.0
202205190230,,0.0
202205190235,,0.0
202205190240,,0.0
202205190245,,0.0
202205190250,,0.0
202205190255,,0.0
202205190315,,0.0
202205190320,,0.0
202205190325,,0.0
202205190330,,0.0
202205190335,,0.0
202205190340,,0.0
202205190350,,0.0
202205190355,,0.0
202205190400,,0.0
202205190410,,0.0
202205190415,,0.0
202205190420,,0.0
202205190425,,0.0
202205190430,,0.0
202205190435,,0.0
202205190440,,0.0
202205190445,,0.0
202205190450,,0.0
202205190455,212.0,0.4
202205190500,206.0,0.4
202205190510,155.0,0.4
202205190515,149.0,0.4
202205190520,202.0,0.4
202205190535,226.0,0.4
202205190540,226.0,0.4
202205190545,191.0,0.4
202205190550,175.0,0.4
202205190555,,0.0
202205190600,,0.0
202205190610,,0.0
202205190615,181.0,0.9
202205190620,212.0,0.9
202205190625,,0.0
202205190630,,0.0
202205190635,232.0,0.4
202205190645,233.0,0.9
202205190650,193.0,0.9
202205190655,187.0,0.4
202205190700,227.0,0.4
202205190710,218.0,0.9
202205190715,,0.0
202205190720,,0.0
202205190725,,0.0
202205190730,,0.0
202205190735,,0.0
202205190740,,0.0
202205190745,,0.0
202205190750,,0.0
202205190755,,0.0
202205190800,,0.0
202205190810,176.0,0.9
202205190815,,0.0
202205190820,,0.0
202205190825,,0.0
202205190830,,0.0
202205190835,,0.0
202205190840,,0.0
202205190845,,0.0
202205190850,,0.0
202205190855,202.0,0.9
202205190900,183.0,0.9
202205190910,194.0,0.9
202205190915,,0.0
202205190920,,0.0
202205190925,,0.0
202205190930,,0.0
202205190935,,0.0
202205190940,,0.0
202205190945,,0.0
202205190950,,0.0
202205190955,,0.0
202205191000,,0.0
202205191010,,0.0
202205191015,,0.0
202205191020,,0.0
202205191025,,0.0
202205191030,,0.0
202205191035,,0.0
202205191040,,0.0
202205191045,,0.0
202205191050,,0.0
202205191055,,0.0
202205191100,,0.0
202205191110,212.0,0.9
202205191115,192.0,0.9
202205191120,226.0,0.9
202205191125,192.0,0.9
202205191130,246.0,0.9
202205191135,220.0,1.3
202205191140,203.0,1.3
202205191145,215.0,1.3
202205191150,192.0,1.3
202205191155,211.0,2.2
202205191200,185.0,2.2
202205191210,208.0,0.9
202205191215,210.0,0.9
202205191220,192.0,0.9
202205191225,211.0,0.9
202205191230,226.0,0.9
202205191235,193.0,2.2
202205191240,188.0,2.2
202205191250,183.0,0.9
202205191255,291.0,0.9
202205191300,201.0,0.9
202205191310,236.0,1.3
202205191315,224.0,2.2
202205191320,215.0,2.2
202205191325,199.0,2.2
202205191330,197.0,2.2
202205191335,229.0,1.3
202205191340,110.0,1.3
202205191345,198.0,0.9
202205191350,156.0,0.9
202205191355,255.0,1.3
202205191400,205.0,1.3
202205191410,216.0,0.9
202205191415,208.0,2.2
202205191420,156.0,2.2
202205191425,248.0,0.9
202205191430,212.0,0.9
202205191435,172.0,1.3
202205191440,292.0,1.3
202205191445,216.0,0.9
202205191450,142.0,0.9
202205191455,205.0,1.3
202205191500,254.0,1.3
202205191510,355.0,1.3
202205191515,321.0,1.3
202205191520,194.0,1.3
202205191525,204.0,1.3
202205191530,197.0,1.3
202205191535,329.0,2.2
202205191540,258.0,2.2
202205191545,160.0,2.2
202205191550,334.0,2.2
202205191555,349.0,0.9
202205191600,15.0,0.9
202205191610,195.0,1.3
202205191615,244.0,1.3
202205191625,342.0,1.3
202205191630,178.0,1.3
202205191635,333.0,1.3
202205191640,202.0,1.3
202205191645,218.0,0.9
202205191655,199.0,2.2
202205191700,190.0,2.2
202205191710,222.0,2.2
202205191715,209.0,0.9
202205191720,174.0,0.9
202205191725,203.0,2.2
202205191730,225.0,2.2
202205191735,235.0,1.3
202205191740,228.0,1.3
202205191745,201.0,1.3
202205191750,198.0,1.3
202205191755,220.0,2.2
202205191800,329.0,2.2
202205191810,228.0,1.3
202205191815,281.0,0.9
202205191820,190.0,0.9
202205191825,350.0,1.3
202205191830,237.0,1.3
202205191835,115.0,1.3
202205191840,170.0,1.3
202205191845,208.0,0.9
202205191850,235.0,0.9
202205191855,194.0,2.2
202205191900,21.0,2.2
202205191910,178.0,2.2
202205191915,191.0,1.3
202205191920,208.0,1.3
202205191925,206.0,2.2
202205191930,252.0,2.2
202205191935,199.0,2.2
202205191940,183.0,2.2
202205191945,214.0,2.7
202205191950,171.0,2.7
202205191955,186.0,2.2
202205192000,210.0,2.2
202205192010,266.0,2.7
202205192015,189.0,1.3
202205192020,322.0,1.3
202205192025,55.0,0.9
202205192030,339.0,0.9
202205192035,334.0,0.9
202205192040,328.0,0.9
202205192045,192.0,0.9
202205192050,200.0,0.9
202205192055,347.0,2.2
202205192100,328.0,2.2
202205192115,213.0,2.2
202205192120,358.0,2.2
202205192125,89.0,0.9
202205192130,185.0,0.9
202205192135,233.0,0.9
202205192140,230.0,0.9
202205192145,201.0,2.2
202205192150,226.0,2.2
202205192155,212.0,2.2
202205192200,257.0,2.2
202205192210,215.0,2.2
202205192215,186.0,0.9
202205192220,236.0,0.9
202205192225,193.0,0.9
202205192230,204.0,0.9
202205192235,295.0,1.3
202205192240,153.0,1.3
202205192245,204.0,1.3
202205192250,152.0,1.3
202205192255,192.0,1.3
202205192300,209.0,1.3
202205192310,190.0,2.2
202205192315,192.0,1.3
202205192320,200.0,1.3
202205192325,197.0,2.2
202205192330,202.0,2.2
202205192335,188.0,2.2
202205192340,191.0,2.2
202205192345,199.0,2.2
202205192350,212.0,2.2
202205192355,206.0,2.2
202205200000,215.0,2.2
202205200010,228.0,0.9
202205200015,131.0,0.9
202205200020,216.0,0.9
202205200025,211.0,0.9
202205200030,214.0,0.9
202205200035,192.0,0.9
202205200040,208.0,0.9
202205200045,192.0,0.9
202205200050,227.0,0.9
202205200055,190.0,0.4
202205200100,218.0,0.4
202205200110,171.0,0.4
202205200115,,0.0
202205200120,,0.0
202205200125,,0.0
202205200135,,0.0
202205200140,,0.0
202205200145,,0.0
202205200150,,0.0
202205200155,,0.0
202205200200,,0.0
202205200210,,0.0
202205200215,,0.0
202205200220,,0.0
202205200225,,0.0
202205200230,,0.0
202205200235,,0.0
202205200240,,0.0
202205200245,,0.0
202205200250,,0.0
202205200255,,0.0
202205200300,,0.0
202205200310,,0.0
202205200315,,0.0
202205200320,,0.0
202205200325,,0.0
202205200330,,0.0
202205200335,,0.0
202205200340,,0.0
202205200345,,0.0
202205200350,,0.0
202205200400,,0.0
202205200410,194.0,0.4
202205200415,210.0,0.4
202205200420,187.0,0.4
202205200425,147.0,0.9
202205200430,213.0,0.9
202205200435,182.0,0.4
202205200440,180.0,0.4
202205200445,,0.0
202205200450,,0.0
202205200455,184.0,1.3
202205200500,220.0,1.3
202205200510,207.0,0.9
202205200515,217.0,0.9
202205200520,200.0,0.9
202205200525,165.0,0.9
202205200530,199.0,0.9
202205200535,191.0,0.9
202205200540,197.0,0.9
202205200545,198.0,0.9
202205200550,178.0,0.9
202205200555,179.0,0.9
202205200600,194.0,0.9
202205200610,184.0,0.9
202205200615,180.0,1.3
202205200620,203.0,1.3
202205200625,189.0,2.2
202205200630,204.0,2.2
202205200635,183.0,1.3
202205200640,193.0,1.3
202205200645,165.0,1.3
202205200650,247.0,1.3
202205200655,237.0,0.9
202205200700,166.0,0.9
202205200710,198.0,2.2
202205200715,219.0,2.2
202205200725,179.0,2.2
202205200730,223.0,2.2
202205200735,209.0,2.2
202205200740,189.0,2.2
202205200745,191.0,2.2
202205200750,216.0,2.2
202205200755,196.0,2.2
202205200800,207.0,2.2
202205200810,183.0,2.2
202205200815,198.0,0.9
202205200820,208.0,0.9
202205200825,222.0,1.3
202205200830,185.0,1.3
202205200835,214.0,1.3
202205200840,161.0,1.3
202205200845,184.0,1.3
202205200850,225.0,1.3
202205200855,188.0,0.9
202205200900,214.0,0.9
202205200910,209.0,0.9
202205200915,193.0,0.9
202205200920,190.0,0.9
202205200925,185.0,0.9
202205200930,215.0,0.9
202205200935,205.0,0.4
202205200940,186.0,0.4
202205200945,203.0,0.4
202205200950,186.0,0.4
202205200955,168.0,0.4
202205201000,164.0,0.4
202205201010,,0.0
202205201015,,0.0
202205201020,,0.0
202205201025,,0.0
202205201030,,0.0
202205201035,,0.0
202205201040,,0.0
202205201045,204.0,0.4
202205201050,214.0,0.4
202205201055,207.0,0.9
202205201100,217.0,0.9
202205201110,,0.0
202205201115,,0.0
202205201120,,0.0
202205201125,,0.0
202205201135,,0.0
202205201145,,0.0
202205201150,,0.0
202205201155,226.0,0.9
202205201210,131.0,0.9
202205201215,259.0,1.3
202205201220,223.0,1.3
202205201225,213.0,1.3
202205201230,192.0,1.3
202205201235,185.0,1.3
202205201240,214.0,1.3
202205201245,217.0,0.9
202205201250,253.0,0.9
202205201255,216.0,0.9
202205201300,186.0,0.9
202205201310,196.0,1.3
202205201315,213.0,0.9
202205201320,209.0,0.9
202205201325,211.0,0.9
202205201330,243.0,0.9
202205201335,186.0,0.9
202205201340,285.0,0.9
202205201345,294.0,1.3
202205201350,214.0,1.3
202205201355,,0.0
202205201400,,0.0
202205201410,,0.0
202205201415,211.0,0.9
202205201420,224.0,0.9
202205201425,300.0,1.3
202205201430,334.0,1.3
202205201435,200.0,0.9
202205201440,155.0,0.9
202205201445,213.0,0.9
202205201450,274.0,0.9
202205201455,146.0,0.9
202205201500,185.0,0.9
202205201510,222.0,1.3
202205201515,222.0,1.3
202205201520,192.0,1.3
202205201525,205.0,1.3
202205201530,259.0,1.3
202205201535,224.0,0.9
202205201540,200.0,0.9
202205201545,210.0,1.3
202205201550,116.0,1.3
202205201555,198.0,2.2
202205201600,228.0,2.2
202205201610,158.0,2.2
202205201615,153.0,2.2
202205201620,187.0,2.2
202205201625,206.0,2.2
202205201630,202.0,2.2
202205201635,166.0,1.3
202205201640,139.0,1.3
202205201645,227.0,1.3
202205201650,171.0,1.3
202205201655,0.0,2.2
202205201700,209.0,2.2
202205201710,236.0,2.2
202205201715,129.0,2.2
202205201720,174.0,2.2
202205201725,200.0,2.2
202205201735,170.0,0.9
202205201740,184.0,0.9
202205201745,180.0,2.2
202205201750,206.0,2.2
202205201755,171.0,2.2
202205201800,88.0,2.2
202205201810,195.0,2.2
202205201815,168.0,1.3
202205201825,211.0,2.2
202205201830,213.0,2.2
202205201835,197.0,2.2
202205201840,189.0,2.2
202205201845,158.0,2.7
202205201850,233.0,2.7
202205201855,225.0,2.2
202205201900,213.0,2.2
202205201910,170.0,2.7
202205201915,109.0,2.7
202205201925,214.0,1.3
202205201935,196.0,0.9
202205201940,215.0,0.9
202205201945,122.0,0.9
202205201955,223.0,2.2
202205202000,226.0,2.2
202205202010,196.0,2.7
202205202015,167.0,2.2
202205202020,184.0,2.2
202205202025,169.0,2.2
202205202030,230.0,2.2
202205202035,240.0,2.2
202205202040,291.0,2.2
202205202045,193.0,2.2
202205202050,170.0,2.2
202205202055,218.0,2.2
202205202100,255.0,2.2
202205202110,167.0,2.2
202205202120,235.0,2.2
202205202125,207.0,2.2
202205202130,211.0,2.2
202205202135,159.0,0.9
202205202140,203.0,0.9
202205202145,238.0,0.9
202205202150,52.0,0.9
202205202155,93.0,2.2
202205202200,208.0,2.2
202205202210,160.0,0.9
202205202215,182.0,0.9
202205202220,204.0,0.9
202205202225,189.0,1.3
202205202230,198.0,1.3
202205202240,133.0,1.3
202205202245,147.0,2.2
202205202250,212.0,2.2
202205202255,187.0,1.3
202205202300,202.0,1.3
202205202310,192.0,0.9
202205202320,335.0,0.9
202205202325,201.0,0.9
202205202330,181.0,0.9
202205202335,172.0,0.9
202205202340,138.0,0.9
202205202345,,0.0
202205202350,,0.0
202205202355,,0.0
202205210010,,0.0
202205210015,,0.0
202205210020,,0.0
202205210025,,0.0
202205210035,,0.0
202205210040,,0.0
202205210045,,0.0
202205210050,,0.0
202205210055,,0.0
202205210100,,0.0
202205210110,,0.0
202205210115,,0.0
202205210120,,0.0
202205210125,,0.0
202205210130,,0.0
202205210135,,0.0
202205210145,,0.0
202205210150,,0.0
202205210155,,0.0
202205210200,,0.0
202205210210,,0.0
202205210215,,0.0
202205210220,,0.0
202205210225,,0.0
202205210230,,0.0
202205210235,,0.0
202205210240,,0.0
202205210245,,0.0
202205210250,,0.0
202205210255,,0.0
202205210300,,0.0
202205210310,177.0,0.4
202205210315,148.0,0.4
202205210320,129.0,0.4
202205210325,167.0,0.9
202205210330,116.0,0.9
202205210335,109.0,0.9
202205210340,124.0,0.9
202205210345,,0.0
202205210350,,0.0
202205210355,103.0,0.4
202205210400,157.0,0.4
202205210410,114.0,0.9
202205210415,182.0,0.9
202205210420,112.0,0.9
202205210425,163.0,0.9
202205210430,187.0,0.9
202205210435,161.0,0.9
202205210440,139.0,0.9
202205210445,168.0,0.9
202205210450,148.0,0.9
202205210455,117.0,0.9
202205210510,189.0,0.9
202205210515,193.0,0.9
202205210520,147.0,0.9
202205210525,185.0,0.9
202205210530,106.0,0.9
202205210535,114.0,0.4
202205210540,151.0,0.4
202205210545,,0.0
202205210550,,0.0
202205210555,,0.0
202205210600,,0.0
202205210610,,0.0
202205210615,,0.0
202205210620,,0.0
202205210625,,0.0
202205210630,,0.0
202205210635,,0.0
202205210640,,0.0
202205210645,,0.0
202205210650,,0.0
202205210655,,0.0
202205210700,,0.0
202205210710,,0.0
202205210715,,0.0
202205210720,,0.0
202205210725,,0.0
202205210730,,0.0
202205210735,204.0,0.4
202205210740,188.0,0.4
202205210745,191.0,0.9
202205210750,177.0,0.9
202205210755,189.0,1.3
202205210800,129.0,1.3
202205210810,145.0,0.9
202205210815,128.0,0.9
202205210820,113.0,0.9
202205210825,160.0,0.4
202205210830,120.0,0.4
202205210835,157.0,0.9
202205210840,175.0,0.9
202205210845,196.0,0.9
202205210855,217.0,1.3
202205210900,189.0,1.3
202205210910,198.0,1.3
202205210915,198.0,0.9
202205210920,213.0,0.9
202205210925,211.0,0.9
202205210930,180.0,0.9
202205210935,192.0,1.3
202205210940,226.0,1.3
202205210945,184.0,1.3
202205210950,165.0,1.3
202205211000,227.0,1.3
202205211010,146.0,1.3
202205211015,105.0,0.9
202205211020,200.0,0.9
202205211025,201.0,0.4
202205211030,201.0,0.4
202205211035,,0.0
202205211040,,0.0
202205211045,,0.0
202205211050,,0.0
202205211055,168.0,0.4
202205211100,219.0,0.4
202205211110,,0.0
202205211115,202.0,0.9
202205211120,198.0,0.9
202205211125,221.0,0.9
202205211130,198.0,0.9
202205211135,180.0,0.9
202205211140,217.0,0.9
202205211145,230.0,0.9
202205211150,224.0,0.9
202205211155,219.0,0.9
202205211200,212.0,0.9
202205211210,200.0,0.9
202205211215,194.0,0.9
202205211220,227.0,0.9
202205211225,211.0,0.9
202205211230,188.0,0.9
202205211235,193.0,0.9
202205211240,202.0,0.9
202205211245,209.0,1.3
202205211250,212.0,1.3
202205211255,197.0,2.2
202205211300,212.0,2.2
202205211310,204.0,1.3
202205211325,310.0,0.9
202205211330,187.0,0.9
202205211335,344.0,0.9
202205211340,214.0,0.9
202205211345,279.0,0.4
202205211350,319.0,0.4
202205211355,334.0,0.4
202205211400,232.0,0.4
202205211410,241.0,0.4
202205211415,202.0,0.9
202205211425,290.0,0.9
202205211430,52.0,0.9
202205211435,228.0,0.9
202205211440,270.0,0.9
202205211445,329.0,0.9
202205211450,177.0,0.9
202205211455,230.0,0.4
202205211500,5.0,0.4
202205211510,149.0,0.9
202205211515,147.0,0.9
202205211520,9.0,0.9
202205211525,,0.0
202205211530,,0.0
202205211535,166.0,0.9
202205211540,188.0,0.9
202205211545,329.0,0.9
202205211550,215.0,0.9
202205211555,161.0,0.4
202205211600,232.0,0.4
202205211610,191.0,1.3
202205212235,,0.0
202205212240,,0.0
202205212245,,0.0
202205212250,,0.0
202205212255,,0.0
202205212300,,0.0
202205212310,,0.0
202205212315,,0.0
202205212320,,0.0
202205212325,81.0,0.4
202205212330,59.0,0.4
202205212335,121.0,0.4
202205212340,350.0,0.4
202205212345,,0.0
202205212350,,0.0
202205212355,,0.0
202205220000,,0.0
202205220010,,0.0
202205220015,,0.0
202205220020,,0.0
202205220025,,0.0
202205220030,,0.0
202205220035,,0.0
202205220040,,0.0
202205220045,,0.0
202205220050,,0.0
202205220055,,0.0
202205220100,,0.0
202205220110,,0.0
202205220115,133.0,0.4
202205220120,124.0,0.4
202205220125,141.0,0.4
202205220130,132.0,0.4
202205220135,128.0,0.4
202205220140,121.0,0.4
202205220145,,0.0
202205220150,,0.0
202205220155,,0.0
202205220210,,0.0
202205220215,,0.0
202205220220,,0.0
202205220225,,0.0
202205220230,,0.0
202205220235,81.0,0.4
202205220240,135.0,0.4
202205220245,191.0,0.4
202205220250,181.0,0.4
202205220255,131.0,0.4
202205220300,101.0,0.4
202205220310,143.0,0.4
202205220315,33.0,0.9
202205220320,133.0,0.9
202205220325,,0.0
202205220330,,0.0
202205220335,118.0,0.9
202205220340,203.0,0.9
202205220345,185.0,0.9
202205220350,161.0,0.9
202205220355,180.0,0.9
202205220400,177.0,0.9
202205220410,169.0,0.9
202205220415,154.0,0.9
202205220420,153.0,0.9
202205220425,174.0,0.9
202205220430,223.0,0.9
202205220435,146.0,0.9
202205220440,219.0,0.9
202205220445,173.0,0.9
202205220450,211.0,0.9
202205220455,,0.0
202205220500,,0.0
202205220510,195.0,0.4
202205220515,191.0,0.4
202205220520,178.0,0.4
202205220525,,0.0
202205220530,,0.0
202205220535,,0.0
202205220540,,0.0
202205220545,,0.0
202205220550,,0.0
202205220555,,0.0
202205220600,,0.0
202205220615,,0.0
202205220620,,0.0
202205220625,,0.0
202205220630,,0.0
202205220635,,0.0
202205220640,,0.0
202205220645,,0.0
202205220650,,0.0
202205220655,,0.0
202205220700,,0.0
202205220710,,0.0
202205220715,,0.0
202205220720,,0.0
202205220725,,0.0
202205220730,,0.0
202205220735,,0.0
202205220740,,0.0
202205220745,,0.0
202205220750,,0.0
202205220755,,0.0
202205220800,,0.0
202205220810,,0.0
202205220825,,0.0
202205220830,,0.0
202205220835,,0.0
202205220840,,0.0
202205220845,,0.0
202205220850,,0.0
202205220855,,0.0
202205220900,,0.0
202205220910,,0.0
202205220915,,0.0
202205220920,,0.0
202205220925,,0.0
202205220930,,0.0
202205220935,,0.0
202205220940,,0.0
202205220945,,0.0
202205220950,,0.0
202205220955,,0.0
202205221010,230.0,0.9
202205221015,,0.0
202205221020,,0.0
202205221025,,0.0
202205221030,,0.0
202205221035,,0.0
202205221040,,0.0
202205221045,,0.0
202205221050,,0.0
202205221055,,0.0
202205221100,,0.0
202205221110,,0.0
202205221115,,0.0
202205221120,,0.0
202205221125,,0.0
202205221130,,0.0
202205221135,,0.0
202205221140,,0.0
202205221145,208.0,0.9
202205221150,206.0,0.9
202205221155,187.0,1.3
202205221200,236.0,1.3
202205221210,178.0,0.9
202205221215,95.0,0.9
202205221220,193.0,0.9
202205221225,,0.0
202205221230,,0.0
202205221235,,0.0
202205221240,,0.0
202205221245,,0.0
202205221250,,0.0
202205221255,,0.0
202205221310,326.0,0.4
202205221315,,0.0
202205221320,,0.0
202205221325,,0.0
202205221330,,0.0
202205221335,224.0,0.4
202205221340,204.0,0.4
202205221345,,0.0
202205221350,,0.0
202205221355,,0.0
202205221400,,0.0
202205221410,,0.0
202205221415,,0.0
202205221420,,0.0
202205221425,,0.0
202205221430,,0.0
202205221435,,0.0
202205221440,,0.0
202205221445,,0.0
202205221450,,0.0
202205221455,,0.0
202205221500,,0.0
202205221510,,0.0
202205221515,,0.0
202205221520,,0.0
202205221525,,0.0
202205221530,,0.0
202205221535,218.0,0.9
202205221540,110.0,0.9
202205221545,173.0,0.9
202205221550,122.0,0.9
202205221555,343.0,0.9
202205221600,159.0,0.9
202205221610,159.0,0.9
202205221615,255.0,0.4
202205221620,172.0,0.4
202205221625,233.0,0.9
202205221635,135.0,0.9
202205221640,202.0,0.9
202205221645,299.0,0.9
202205221650,143.0,0.9
202205221655,204.0,0.9
202205221700,207.0,0.9
202205221710,238.0,1.3
202205221715,241.0,0.9
202205221720,181.0,0.9
202205221725,329.0,1.3
202205221730,189.0,1.3
202205221735,231.0,0.9
202205221740,185.0,0.9
202205221745,124.0,0.9
202205221750,220.0,0.9
202205221755,230.0,1.3
202205221800,113.0,1.3
202205221810,199.0,2.2
202205221815,257.0,1.3
202205221820,217.0,1.3
202205221825,229.0,2.7
202205221830,91.0,2.7
202205221835,313.0,0.9
202205221840,180.0,0.9
202205221845,298.0,0.9
202205221850,216.0,0.9
202205221855,137.0,2.2
202205221900,209.0,2.2
202205221910,180.0,0.9
202205221915,254.0,0.9
202205221920,214.0,0.9
202205221925,144.0,0.9
202205221930,160.0,0.9
202205221935,173.0,1.3
202205221940,137.0,1.3
202205221945,78.0,1.3
202205221950,210.0,1.3
202205221955,218.0,0.9
202205222000,182.0,0.9
202205222010,197.0,1.3
202205222015,200.0,0.9
202205222020,206.0,0.9
202205222025,132.0,1.3
202205222030,246.0,1.3
202205222035,266.0,1.3
202205222040,155.0,1.3
202205222050,206.0,0.9
202205222055,210.0,1.3
202205222110,202.0,1.3
202205222115,195.0,1.3
202205222120,172.0,1.3
202205222125,259.0,1.3
202205222130,191.0,1.3
202205222135,225.0,0.9
202205222140,298.0,0.9
202205222145,198.0,0.9
202205222150,216.0,0.9
202205222155,181.0,2.2
202205222200,171.0,2.2
202205222210,220.0,1.3
202205222215,203.0,1.3
202205222220,174.0,1.3
202205222225,192.0,1.3
202205222230,193.0,1.3
202205222235,210.0,0.9
202205222240,225.0,0.9
202205222245,188.0,0.9
202205222250,192.0,0.9
202205222255,198.0,1.3
202205222300,236.0,1.3
202205222315,216.0,2.2
202205222320,209.0,2.2
202205222325,155.0,2.2
202205222330,188.0,2.2
202205222335,191.0,2.2
202205222340,188.0,2.2
202205222345,199.0,2.2
202205222350,183.0,2.2
202205222355,157.0,2.2
202205230000,276.0,2.2
202205230010,191.0,1.3
202205230015,196.0,1.3
202205230020,190.0,1.3
202205230025,143.0,0.9
202205230030,149.0,0.9
202205230035,,0.0
202205230040,,0.0
202205230045,,0.0
202205230050,,0.0
202205230055,,0.0
202205230100,,0.0
202205230110,,0.0
202205230115,,0.0
202205230120,,0.0
202205230125,200.0,0.9
202205230130,103.0,0.9
202205230135,140.0,0.4
202205230140,135.0,0.4
202205230145,,0.0
202205230150,,0.0
202205230155,,0.0
202205230200,,0.0
202205230210,244.0,0.4
202205230215,228.0,0.4
202205230220,227.0,0.4
202205230230,131.0,0.4
202205230235,188.0,0.9
202205230240,203.0,0.9
202205230245,158.0,0.9
202205230250,178.0,0.9
202205230255,,0.0
202205230300,,0.0
202205230310,177.0,0.9
202205230315,82.0,0.4
202205230320,202.0,0.4
202205230325,,0.0
202205230330,,0.0
202205230335,132.0,0.4
202205230340,85.0,0.4
202205230345,,0.0
202205230350,,0.0
202205230355,,0.0
202205230400,,0.0
202205230410,,0.0
202205230415,,0.0
202205230420,,0.0
202205230425,,0.0
202205230430,,0.0
202205230435,235.0,0.4
202205230440,186.0,0.4
202205230445,,0.0
202205230450,,0.0
202205230455,198.0,0.4
202205230500,159.0,0.4
202205230510,,0.0
202205230515,,0.0
202205230520,,0.0
202205230525,,0.0
202205230530,,0.0
202205230535,,0.0
202205230540,,0.0
202205230545,,0.0
202205230550,,0.0
202205230555,,0.0
202205230600,,0.0
202205230610,,0.0
202205230615,,0.0
202205230620,,0.0
202205230625,,0.0
202205230630,,0.0
202205230635,,0.0
202205230640,,0.0
202205230645,,0.0
202205230650,,0.0
202205230655,,0.0
202205230700,,0.0
202205230710,,0.0
202205230715,,0.0
202205230720,,0.0
202205230725,,0.0
202205230730,,0.0
202205230735,,0.0
202205230740,,0.0
202205230745,,0.0
202205230750,,0.0
202205230755,,0.0
202205230800,,0.0
202205230810,,0.0
202205230815,,0.0
202205230820,,0.0
202205230830,,0.0
202205230835,,0.0
202205230840,,0.0
202205230845,,0.0
202205230850,,0.0
202205230855,,0.0
202205230900,,0.0
202205230910,,0.0
202205230915,,0.0
202205230920,,0.0
202205230925,,0.0
202205230930,,0.0
202205230935,,0.0
202205230940,,0.0
202205230945,,0.0
202205230950,,0.0
202205230955,,0.0
202205231000,,0.0
202205231010,,0.0
202205231015,,0.0
202205231020,,0.0
202205231025,,0.0
202205231030,,0.0
202205231035,,0.0
202205231040,,0.0
202205231045,,0.0
202205231050,,0.0
202205231055,,0.0
202205231100,,0.0
202205231110,,0.0
202205231115,,0.0
202205231120,,0.0
202205231125,,0.0
202205231135,,0.0
202205231140,,0.0
202205231150,,0.0
202205231155,,0.0
202205231200,,0.0
202205231210,,0.0
202205231215,,0.0
202205231220,,0.0
202205231225,,0.0
202205231230,,0.0
202205231235,,0.0
202205231240,,0.0
202205231245,,0.0
202205231255,,0.0
202205231300,,0.0
202205231310,,0.0
202205231315,,0.0
202205231320,,0.0
202205231325,,0.0
202205231330,,0.0
202205231335,,0.0
202205231340,,0.0
202205231345,,0.0
202205231350,,0.0
202205231355,,0.0
202205231400,,0.0
202205231410,128.0,0.4
202205231415,110.0,0.4
202205231420,138.0,0.4
202205231425,,0.0
202205231430,,0.0
202205231435,,0.0
202205231440,,0.0
202205231445,112.0,1.3
202205231450,161.0,1.3
202205231455,162.0,1.3
202205231500,200.0,1.3
202205231510,261.0,0.9
202205231515,,0.0
202205231520,,0.0
202205231525,,0.0
202205231530,,0.0
202205231535,,0.0
202205231540,,0.0
202205231545,,0.0
202205231550,,0.0
202205231555,,0.0
202205231600,,0.0
202205231610,,0.0
202205231615,,0.0
202205231620,,0.0
202205231625,,0.0
202205231630,,0.0
202205231635,,0.0
202205231640,,0.0
202205231645,,0.0
202205231650,,0.0
202205231655,,0.0
202205231700,,0.0
202205231710,,0.0
202205231715,,0.0
202205231720,,0.0
202205231725,,0.0
202205231730,,0.0
202205231735,,0.0
202205231740,,0.0
202205231750,,0.0
202205231755,,0.0
202205231800,,0.0
202205231810,,0.0
202205231815,,0.0
202205231820,,0.0
202205231825,,0.0
202205231830,,0.0
202205231835,,0.0
202205231840,,0.0
202205231845,,0.0
202205231850,,0.0
202205231855,,0.0
202205231900,,0.0
202205231910,,0.0
202205231915,,0.0
202205231920,,0.0
202205231925,119.0,0.4
202205231930,103.0,0.4
202205231935,108.0,0.4
202205231940,119.0,0.4
202205231945,,0.0
202205231950,,0.0
202205231955,89.0,0.4
202205232000,73.0,0.4
202205232010,,0.0
202205232015,144.0,0.9
202205232020,128.0,0.9
202205232025,99.0,0.4
202205232030,125.0,0.4
202205232035,,0.0
202205232040,,0.0
202205232045,199.0,0.4
202205232050,182.0,0.4
202205232055,232.0,1.3
202205232110,197.0,0.9
202205232115,178.0,0.9
202205232120,182.0,0.9
202205232125,159.0,0.9
202205232130,172.0,0.9
202205232135,126.0,0.4
202205232140,208.0,0.4
202205232145,140.0,0.4
202205232150,101.0,0.4
202205232155,,0.0
202205232210,,0.0
202205232215,,0.0
202205232220,,0.0
202205232230,,0.0
202205232235,,0.0
202205232240,,0.0
202205232245,,0.0
202205232250,,0.0
202205232255,,0.0
202205232300,,0.0
202205232310,,0.0
202205232315,,0.0
202205232320,,0.0
202205232325,,0.0
202205232330,,0.0
202205232335,,0.0
202205232340,,0.0
202205232345,112.0,0.4
202205232350,139.0,0.4
202205232355,,0.0
202205240000,,0.0
202205240010,,0.0
202205240025,,0.0
202205240030,,0.0
202205240035,,0.0
202205240040,,0.0
202205240045,,0.0
202205240050,,0.0
202205240055,,0.0
202205240100,,0.0
202205240110,,0.0
202205240115,,0.0
202205240120,,0.0
202205240125,,0.0
202205240130,,0.0
202205240135,,0.0
202205240140,,0.0
202205240145,,0.0
202205240150,,0.0
202205240155,,0.0
202205240200,,0.0
202205240215,,0.0
202205240220,,0.0
202205240230,,0.0
202205240235,,0.0
202205240240,,0.0
202205240245,,0.0
202205240250,,0.0
202205240255,,0.0
202205240300,,0.0
202205240310,,0.0
202205240315,,0.0
202205240320,,0.0
202205240325,,0.0
202205240330,,0.0
202205240335,199.0,0.9
202205240340,179.0,0.9
202205240345,148.0,0.4
202205240350,214.0,0.4
202205240355,209.0,0.9
202205240410,221.0,0.9
202205240415,192.0,0.9
202205240420,194.0,0.9
202205240425,,0.0
202205240430,,0.0
202205240435,171.0,0.4
202205240440,209.0,0.4
202205240445,207.0,0.9
202205240450,177.0,0.9
202205240455,,0.0
202205240510,172.0,0.9
202205240515,195.0,0.9
202205240520,192.0,0.9
202205240525,219.0,0.4
202205240530,207.0,0.4
202205240535,196.0,0.9
202205240540,204.0,0.9
202205240545,207.0,0.4
202205240550,201.0,0.4
202205240555,220.0,0.9
202205240600,242.0,0.9
202205240610,216.0,0.9
202205240615,,0.0
202205240620,,0.0
202205240630,,0.0
202205240635,,0.0
202205240640,,0.0
202205240645,,0.0
202205240650,,0.0
202205240655,,0.0
202205240700,,0.0
202205240710,,0.0
202205240715,,0.0
202205240720,,0.0
202205240725,,0.0
202205240730,,0.0
202205240735,,0.0
202205240740,,0.0
202205240745,,0.0
202205240750,,0.0
202205240755,,0.0
202205240800,,0.0
202205240810,,0.0
202205240825,,0.0
202205240830,,0.0
202205240835,,0.0
202205240840,,0.0
202205240845,,0.0
202205240850,,0.0
202205240855,,0.0
202205240900,,0.0
202205240910,,0.0
202205240915,,0.0
202205240920,,0.0
202205240925,,0.0
202205240930,,0.0
202205240935,,0.0
202205240940,,0.0
202205240945,,0.0
202205240950,,0.0
202205240955,,0.0
202205241000,,0.0
202205241010,,0.0
202205241015,,0.0
202205241020,,0.0
202205241025,,0.0
202205241030,,0.0
202205241035,,0.0
202205241040,,0.0
202205241045,,0.0
202205241050,,0.0
202205241055,,0.0
202205241100,,0.0
202205241110,,0.0
202205241115,,0.0
202205241120,,0.0
202205241125,,0.0
202205241130,,0.0
202205241135,,0.0
202205241140,,0.0
202205241145,,0.0
202205241150,,0.0
202205241155,,0.0
202205241200,,0.0
202205241210,,0.0
202205241215,,0.0
202205241220,,0.0
202205241225,,0.0
202205241230,,0.0
202205241235,,0.0
202205241240,,0.0
202205241245,,0.0
202205241250,,0.0
202205241255,,0.0
202205241300,,0.0
202205241310,,0.0
202205241315,,0.0
202205241320,,0.0
202205241325,,0.0
202205241330,,0.0
202205241335,,0.0
202205241340,,0.0
202205241345,,0.0
202205241355,,0.0
202205241410,,0.0
202205241415,,0.0
202205241420,,0.0
202205241425,,0.0
202205241430,,0.0
202205241435,,0.0
202205241440,,0.0
202205241445,,0.0
202205241450,,0.0
202205241455,,0.0
202205241500,,0.0
202205241510,180.0,0.4
202205241515,,0.0
202205241520,,0.0
202205241525,,0.0
202205241530,,0.0
202205241535,,0.0
202205241540,,0.0
202205241545,129.0,0.4
202205241550,197.0,0.4
202205241555,149.0,0.4
202205241600,259.0,0.4
202205241610,,0.0
202205241615,109.0,0.4
202205241620,286.0,0.4
202205241625,192.0,0.4
202205241630,190.0,0.4
202205241635,225.0,0.9
202205241640,244.0,0.9
202205241645,179.0,0.9
202205241650,234.0,0.9
202205241655,95.0,0.9
202205241700,252.0,0.9
202205241710,,0.0
202205241720,0.0,0.9
202205241725,359.0,0.4
202205241730,310.0,0.4
202205241735,301.0,0.9
202205241740,261.0,0.9
202205241745,279.0,0.4
202205241750,263.0,0.4
202205241755,183.0,0.9
202205241800,204.0,0.9
202205241810,331.0,0.9
202205241815,185.0,0.9
202205241820,221.0,0.9
202205241825,253.0,0.9
202205241830,102.0,0.9
202205241835,215.0,0.4
202205241840,318.0,0.4
202205241845,202.0,0.4
202205241850,164.0,0.4
202205241855,217.0,0.9
202205241900,162.0,0.9
202205241910,318.0,0.9
202205241915,318.0,0.9
202205241920,205.0,0.9
202205241925,261.0,0.4
202205241930,262.0,0.4
202205241935,212.0,0.9
202205241940,128.0,0.9
202205241945,181.0,0.9
202205241950,205.0,0.9
202205241955,2.0,0.4
202205242000,308.0,0.4
202205242010,215.0,0.4
202205242015,248.0,0.4
202205242025,203.0,1.3
202205242030,303.0,1.3
202205242035,240.0,0.4
202205242040,184.0,0.4
202205242045,184.0,0.4
202205242050,314.0,0.4
202205242055,,0.0
202205242100,,0.0
202205242110,241.0,0.4
202205242115,208.0,0.4
202205242120,283.0,0.4
202205242130,115.0,0.4
202205242135,,0.0
202205242140,,0.0
202205242145,,0.0
202205242150,,0.0
202205242155,,0.0
202205242200,,0.0
202205242210,,0.0
202205242215,,0.0
202205242220,,0.0
202205242225,,0.0
202205242230,,0.0
202205242235,,0.0
202205242245,,0.0
202205242250,,0.0
202205242255,,0.0
202205242300,,0.0
202205242310,,0.0
202205242315,,0.0
202205242320,,0.0
202205242325,,0.0
202205242330,,0.0
202205242335,,0.0
202205242340,,0.0
202205242345,,0.0
202205242350,,0.0
202205242355,,0.0
202205250000,,0.0
202205250010,,0.0
202205250015,,0.0
202205250020,,0.0
202205250025,,0.0
202205250030,,0.0
202205250035,,0.0
202205250040,,0.0
202205250050,,0.0
202205250055,,0.0
202205250100,,0.0
202205250110,,0.0
202205250115,,0.0
202205250120,,0.0
202205250125,,0.0
202205250130,,0.0
202205250135,,0.0
202205250140,,0.0
202205250150,,0.0
202205250155,,0.0
202205250200,,0.0
202205250210,,0.0
202205250215,,0.0
202205250220,,0.0
202205250225,,0.0
202205250230,,0.0
202205250235,,0.0
202205250240,,0.0
202205250245,,0.0
202205250250,,0.0
202205250255,,0.0
202205250300,,0.0
202205250310,,0.0
202205250315,,0.0
202205250320,,0.0
202205250325,,0.0
202205250330,,0.0
202205250335,,0.0
202205250345,,0.0
202205250350,,0.0
202205250355,,0.0
202205250400,,0.0
202205250410,,0.0
202205250415,,0.0
202205250420,,0.0
202205250425,,0.0
202205250430,,0.0
202205250435,,0.0
202205250440,,0.0
202205250445,,0.0
202205250450,,0.0
202205250455,,0.0
202205250500,,0.0
202205250510,,0.0
202205250515,,0.0
202205250525,,0.0
202205250530,,0.0
202205250535,,0.0
202205250540,,0.0
202205250545,,0.0
202205250550,,0.0
202205250555,,0.0
202205250600,,0.0
202205250610,,0.0
202205250615,,0.0
202205250620,,0.0
202205250625,,0.0
202205250630,,0.0
202205250635,,0.0
202205250640,,0.0
202205250645,,0.0
202205250650,,0.0
202205250655,,0.0
202205250700,,0.0
202205250710,,0.0
202205250715,,0.0
202205250720,,0.0
202205250725,,0.0
202205250730,,0.0
202205250735,,0.0
202205250740,,0.0
202205250745,,0.0
202205250750,,0.0
202205250755,,0.0
202205250800,,0.0
202205250810,,0.0
202205250815,,0.0
202205250825,,0.0
202205250830,,0.0
202205250835,,0.0
202205250840,,0.0
202205250845,,0.0
202205250850,,0.0
202205250855,,0.0
202205250900,,0.0
202205250910,,0.0
202205250915,,0.0
202205250920,,0.0
202205250925,,0.0
202205250930,,0.0
202205250935,,0.0
202205250940,,0.0
202205250950,,0.0
202205250955,,0.0
202205251000,,0.0
202205251010,,0.0
202205251015,,0.0
202205251020,,0.0
202205251025,,0.0
202205251030,,0.0
202205251035,,0.0
202205251040,,0.0
202205251045,,0.0
202205251050,,0.0
202205251055,,0.0
202205251100,,0.0
202205251110,,0.0
202205251115,,0.0
202205251120,,0.0
202205251125,,0.0
202205251130,,0.0
202205251135,,0.0
202205251140,,0.0
202205251150,,0.0
202205251155,,0.0
202205251210,,0.0
202205251215,,0.0
202205251220,,0.0
202205251225,,0.0
202205251230,,0.0
202205251235,,0.0
202205251240,,0.0
202205251245,,0.0
202205251250,,0.0
202205251255,,0.0
202205251300,,0.0
202205251310,,0.0
202205251315,,0.0
202205251320,,0.0
202205251325,,0.0
202205251330,,0.0
202205251335,,0.0
202205251340,,0.0
202205251345,,0.0
202205251350,,0.0
202205251355,,0.0
202205251400,,0.0
202205251410,,0.0
202205251415,,0.0
202205251420,,0.0
202205251425,,0.0
202205251430,,0.0
202205251435,,0.0
202205251440,,0.0
202205251445,,0.0
202205251450,,0.0
202205251455,,0.0
202205251500,,0.0
202205251510,,0.0
202205251515,,0.0
202205251520,,0.0
202205251525,,0.0
202205251530,,0.0
202205251535,,0.0
202205251540,,0.0
202205251545,,0.0
202205251550,,0.0
202205251555,,0.0
202205251600,,0.0
202205251610,,0.0
202205251615,,0.0
202205251620,,0.0
202205251625,,0.0
202205251630,,0.0
202205251635,,0.0
202205251640,,0.0
202205251645,,0.0
202205251650,,0.0
202205251655,,0.0
202205251700,,0.0
202205251710,,0.0
202205251715,,0.0
202205251720,,0.0
202205251725,,0.0
202205251730,,0.0
202205251735,,0.0
202205251745,,0.0
202205251750,,0.0
202205251755,,0.0
202205251800,,0.0
202205251810,,0.0
202205251815,,0.0
202205251820,,0.0
202205251825,,0.0
202205251830,,0.0
202205251835,,0.0
202205251840,,0.0
202205251850,,0.0
202205251900,,0.0
202205251910,,0.0
202205251915,,0.0
202205251920,,0.0
202205251925,,0.0
202205251930,,0.0
202205251935,138.0,0.4
202205251940,101.0,0.4
202205251945,72.0,0.4
202205251950,48.0,0.4
202205251955,117.0,0.4
202205252000,102.0,0.4
202205252010,93.0,0.4
202205252015,,0.0
202205252020,,0.0
202205252025,,0.0
202205252030,,0.0
202205252035,,0.0
202205252040,,0.0
202205252045,,0.0
202205252050,,0.0
202205252055,,0.0
202205252100,,0.0
202205252110,,0.0
202205252115,,0.0
202205252120,,0.0
202205252125,,0.0
202205252130,,0.0
202205252135,,0.0
202205252140,,0.0
202205252145,,0.0
202205252150,,0.0
202205252155,,0.0
202205252200,,0.0
202205252215,,0.0
202205252220,,0.0
202205252225,,0.0
202205252230,,0.0
202205252235,,0.0
202205252240,,0.0
202205252245,,0.0
202205252250,,0.0
202205252255,,0.0
202205252300,,0.0
202205252315,,0.0
202205252320,,0.0
202205252325,,0.0
202205252330,,0.0
202205252335,,0.0
202205252340,,0.0
202205252350,,0.0
202205252355,,0.0
202205260000,,0.0
202205260010,,0.0
202205260015,,0.0
202205260020,,0.0
202205260025,,0.0
202205260030,,0.0
202205260035,,0.0
202205260040,,0.0
202205260045,,0.0
202205260050,,0.0
202205260055,,0.0
202205260100,,0.0
202205260110,,0.0
202205260115,,0.0
202205260120,,0.0
202205260125,,0.0
202205260130,,0.0
202205260135,,0.0
202205260140,,0.0
202205260145,,0.0
202205260150,,0.0
202205260155,,0.0
202205260200,,0.0
202205260210,,0.0
202205260215,,0.0
202205260220,,0.0
202205260225,,0.0
202205260230,,0.0
202205260235,,0.0
202205260240,,0.0
202205260245,,0.0
202205260250,,0.0
202205260255,,0.0
202205260300,,0.0
202205260310,,0.0
202205260315,,0.0
202205260320,,0.0
202205260325,,0.0
202205260330,,0.0
202205260335,,0.0
202205260340,,0.0
202205260345,,0.0
202205260355,,0.0
202205260400,,0.0
202205260415,,0.0
202205260420,,0.0
202205260425,,0.0
202205260430,,0.0
202205260435,,0.0
202205260440,,0.0
202205260445,,0.0
202205260450,,0.0
202205260455,,0.0
202205260510,,0.0
202205260515,,0.0
202205260520,,0.0
202205260525,,0.0
202205260530,,0.0
202205260540,,0.0
202205260545,,0.0
202205260550,,0.0
202205260600,,0.0
202205260610,,0.0
202205260620,,0.0
202205260625,,0.0
202205260635,,0.0
202205260640,,0.0
202205260645,,0.0
202205260650,,0.0
202205260655,,0.0
202205260700,,0.0
202205260710,,0.0
202205260715,,0.0
202205260720,,0.0
202205260725,,0.0
202205260730,,0.0
202205260735,,0.0
202205260740,,0.0
202205260745,,0.0
202205260750,,0.0
202205260755,,0.0
202205260800,,0.0
202205260815,,0.0
202205260820,,0.0
202205260830,,0.0
202205260835,,0.0
202205260845,,0.0
202205260850,,0.0
202205260855,,0.0
202205260900,,0.0
202205260910,,0.0
202205260915,,0.0
202205260920,,0.0
202205260925,,0.0
202205260930,,0.0
202205260935,,0.0
202205260940,,0.0
202205260945,,0.0
202205260950,,0.0
202205260955,,0.0
202205261000,,0.0
202205261010,,0.0
202205261015,,0.0
202205261020,,0.0
202205261025,,0.0
202205261030,,0.0
202205261035,,0.0
202205261040,,0.0
202205261045,,0.0
202205261050,,0.0
202205261055,,0.0
202205261100,,0.0
202205261110,,0.0
202205261115,,0.0
202205261125,,0.0
202205261130,,0.0
202205261135,,0.0
202205261140,,0.0
202205261145,,0.0
202205261150,,0.0
202205261155,,0.0
202205261200,,0.0
202205261210,,0.0
202205261215,,0.0
202205261225,,0.0
202205261230,,0.0
202205261235,,0.0
202205261245,,0.0
202205261250,,0.0
202205261255,92.0,0.4
202205261300,39.0,0.4
202205261310,139.0,0.9
202205261315,139.0,0.9
202205261320,93.0,0.9
202205261325,100.0,0.9
202205261330,125.0,0.9
202205261335,79.0,0.4
202205261340,86.0,0.4
202205261345,97.0,0.9
202205261350,54.0,0.9
202205261355,132.0,0.9
202205261400,216.0,0.9
202205261410,,0.0
202205261415,113.0,0.4
202205261420,88.0,0.4
202205261425,115.0,0.9
202205261430,115.0,0.9
202205261435,110.0,0.4
202205261440,125.0,0.4
202205261445,77.0,0.9
202205261450,104.0,0.9
202205261455,162.0,0.9
202205261500,83.0,0.9
202205261510,147.0,0.9
202205261515,149.0,0.9
202205261520,127.0,0.9
202205261525,128.0,0.9
202205261530,107.0,0.9
202205261535,88.0,1.3
202205261540,96.0,1.3
202205261545,57.0,0.4
202205261550,97.0,0.4
202205261555,102.0,0.9
202205261600,85.0,0.9
202205261610,114.0,0.4
202205261615,117.0,0.9
202205261620,76.0,0.9
202205261625,132.0,0.9
202205261630,69.0,0.9
202205261635,73.0,0.9
202205261640,140.0,0.9
202205261645,94.0,0.4
202205261650,76.0,0.4
202205261655,129.0,0.9
202205261700,90.0,0.9
202205261710,125.0,0.9
202205261715,171.0,0.9
202205261720,107.0,0.9
202205261725,138.0,0.9
202205261730,122.0,0.9
202205261735,192.0,0.9
202205261740,155.0,0.9
202205261745,123.0,0.9
202205261750,115.0,0.9
202205261755,134.0,0.9
202205261800,105.0,0.9
202205261810,149.0,0.9
202205261815,170.0,2.2
202205261820,105.0,2.2
202205261825,90.0,1.3
202205261830,33.0,1.3
202205261835,142.0,0.9
202205261840,123.0,0.9
202205261845,116.0,0.9
202205261850,157.0,0.9
202205261855,107.0,0.9
202205261915,147.0,0.9
202205261920,162.0,0.9
202205261925,136.0,0.4
202205261930,125.0,0.4
202205261935,100.0,0.9
202205261945,91.0,0.9
202205261950,182.0,0.9
202205261955,103.0,0.9
202205262000,68.0,0.9
202205262010,149.0,0.9
202205262015,148.0,0.9
202205262020,127.0,0.9
202205262035,120.0,0.9
202205262045,123.0,0.9
202205262050,115.0,0.9
202205262100,88.0,0.9
202205262110,,0.0
202205262115,,0.0
202205262120,,0.0
202205262125,,0.0
202205262130,,0.0
202205262135,186.0,2.2
202205262145,201.0,2.2
202205262150,184.0,2.2
202205262155,187.0,1.3
202205262200,126.0,1.3
202205262210,219.0,0.9
202205262215,206.0,0.4
202205262220,154.0,0.4
202205262225,191.0,0.9
202205262230,247.0,0.9
202205262235,324.0,1.3
202205262240,85.0,1.3
202205262245,,0.0
202205262250,,0.0
202205262255,137.0,0.9
202205262300,231.0,0.9
202205262310,,0.0
202205262315,,0.0
202205262320,,0.0
202205262325,,0.0
202205262330,,0.0
202205262335,,0.0
202205262340,,0.0
202205262345,,0.0
202205262350,,0.0
202205262355,,0.0
202205270000,,0.0
202205270010,,0.0
202205270015,,0.0
202205270020,,0.0
202205270025,,0.0
202205270030,,0.0
202205270035,,0.0
202205270040,,0.0
202205270050,,0.0
202205270055,,0.0
202205270100,,0.0
202205270110,,0.0
202205270115,,0.0
202205270120,,0.0
202205270125,,0.0
202205270130,,0.0
202205270140,,0.0
202205270145,,0.0
202205270150,,0.0
202205270155,,0.0
202205270200,,0.0
202205270210,,0.0
202205270215,,0.0
202205270220,,0.0
202205270225,,0.0
202205270230,,0.0
202205270235,,0.0
202205270240,,0.0
202205270245,,0.0
202205270250,,0.0
202205270255,,0.0
202205270300,,0.0
202205270310,,0.0
202205270315,,0.0
202205270320,,0.0
202205270325,,0.0
202205270335,,0.0
202205270340,,0.0
202205270350,,0.0
202205270355,,0.0
202205270400,,0.0
202205270410,,0.0
202205270420,,0.0
202205270425,,0.0
202205270430,,0.0
202205270435,,0.0
202205270440,,0.0
202205270445,,0.0
202205270500,,0.0
202205270510,,0.0
202205270515,,0.0
202205270520,,0.0
202205270525,,0.0
202205270530,,0.0
202205270535,,0.0
202205270540,,0.0
202205270545,,0.0
202205270550,,0.0
202205270555,,0.0
202205270600,,0.0
202205270610,,0.0
202205270615,,0.0
202205270620,,0.0
202205270625,,0.0
202205270630,,0.0
202205270635,,0.0
202205270640,,0.0
202205270645,,0.0
202205270650,,0.0
202205270655,,0.0
202205270700,,0.0
202205270710,,0.0
202205270715,,0.0
202205270720,,0.0
202205270725,123.0,0.4
202205270730,188.0,0.4
202205270735,171.0,0.4
202205270740,191.0,0.4
202205270745,158.0,0.9
202205270750,204.0,0.9
202205270755,,0.0
202205270800,,0.0
202205270810,206.0,0.4
202205270815,199.0,0.9
202205270820,193.0,0.9
202205270825,186.0,0.9
202205270830,197.0,0.9
202205270835,196.0,0.9
202205270840,188.0,0.9
202205270845,182.0,0.9
202205270850,198.0,0.9
202205270855,202.0,0.9
202205270900,140.0,0.9
202205270910,188.0,0.9
202205270915,200.0,0.9
202205270920,222.0,0.9
202205270925,194.0,0.9
202205270930,125.0,0.9
202205270935,160.0,0.9
202205270940,185.0,0.9
202205270945,192.0,0.9
202205270950,212.0,0.9
202205270955,177.0,0.9
202205271000,187.0,0.9
202205271010,240.0,1.3
202205271020,200.0,0.9
202205271025,187.0,0.9
202205271030,131.0,0.9
202205271035,154.0,1.3
202205271040,178.0,1.3
202205271045,191.0,1.3
202205271050,190.0,1.3
202205271055,192.0,1.3
202205271100,91.0,1.3
202205271110,171.0,0.9
202205271115,241.0,0.9
202205271120,229.0,0.9
202205271125,181.0,0.9
202205271135,245.0,1.3
202205271140,198.0,1.3
202205271145,258.0,0.9
202205271150,187.0,0.9
202205271155,223.0,0.9
202205271200,203.0,0.9
202205271210,233.0,0.9
202205271220,229.0,1.3
202205271225,199.0,0.9
202205271230,197.0,0.9
202205271235,212.0,1.3
202205271240,144.0,1.3
202205271245,216.0,1.3
202205271250,206.0,1.3
202205271255,195.0,1.3
202205271300,223.0,1.3
202205271310,221.0,2.2
202205271315,219.0,0.9
202205271320,198.0,0.9
202205271325,236.0,2.2
202205271335,191.0,2.2
202205271340,150.0,2.2
202205271350,223.0,0.9
202205271355,207.0,2.2
202205271400,261.0,2.2
202205271410,200.0,0.9
202205271415,218.0,2.2
202205271420,235.0,2.2
202205271425,186.0,2.2
202205271430,213.0,2.2
202205271435,218.0,1.3
202205271440,207.0,1.3
202205271445,185.0,2.2
202205271450,332.0,2.2
202205271455,198.0,0.9
202205271500,330.0,0.9
202205271510,11.0,1.3
202205271515,311.0,0.9
202205271520,205.0,0.9
202205271525,202.0,1.3
202205271530,317.0,1.3
202205271535,10.0,0.9
202205271540,284.0,0.9
202205271545,194.0,0.9
202205271550,348.0,0.9
202205271555,336.0,0.9
202205271610,288.0,0.9
202205271615,179.0,0.9
202205271620,87.0,0.9
202205271625,208.0,0.9
202205271630,231.0,0.9
202205271635,160.0,1.3
202205271640,210.0,1.3
202205271645,212.0,1.3
202205271655,204.0,2.2
202205271700,286.0,2.2
202205271710,256.0,1.3
202205271715,214.0,1.3
202205271720,299.0,1.3
202205271725,226.0,2.2
202205271730,235.0,2.2
202205271735,120.0,2.2
202205271740,161.0,2.2
202205271745,206.0,1.3
202205271750,259.0,1.3
202205271755,333.0,1.3
202205271800,298.0,1.3
202205271810,187.0,1.3
202205271820,221.0,0.9
202205271825,186.0,2.2
202205271830,237.0,2.2
202205271835,302.0,2.2
202205271840,218.0,2.2
202205271845,205.0,2.2
202205271850,217.0,2.2
202205271855,229.0,2.2
202205271900,165.0,2.2
202205271910,263.0,2.7
202205271915,211.0,2.2
202205271920,197.0,2.2
202205271930,231.0,2.2
202205271935,202.0,1.3
202205271945,210.0,2.2
202205271950,202.0,2.2
202205271955,196.0,2.2
202205272000,137.0,2.2
202205272010,184.0,2.2
202205272015,238.0,2.2
202205272020,220.0,2.2
202205272025,210.0,2.2
202205272030,164.0,2.2
202205272035,221.0,2.2
202205272040,219.0,2.2
202205272045,206.0,2.2
202205272050,212.0,2.2
202205272055,198.0,2.2
202205272100,215.0,2.2
202205272110,235.0,2.2
202205272115,177.0,2.2
202205272120,209.0,2.2
202205272125,220.0,2.2
202205272130,221.0,2.2
202205272135,198.0,1.3
202205272140,229.0,1.3
202205272145,205.0,2.7
202205272150,200.0,2.7
202205272155,170.0,2.2
202205272200,190.0,2.2
202205272210,194.0,1.3
202205272215,125.0,2.2
202205272220,170.0,2.2
202205272225,200.0,0.9
202205272230,198.0,0.9
202205272240,240.0,1.3
202205272245,194.0,1.3
202205272250,204.0,1.3
202205272255,217.0,0.9
202205272300,218.0,0.9
202205272310,218.0,1.3
202205272315,195.0,0.9
202205272320,220.0,0.9
202205272325,168.0,0.9
202205272330,204.0,0.9
202205272335,208.0,0.9
202205272340,209.0,0.9
202205272345,232.0,0.9
202205272350,196.0,0.9
202205272355,183.0,0.9
202205280000,177.0,0.9
202205280010,194.0,0.9
202205280015,158.0,0.9
202205280020,192.0,0.9
202205280030,235.0,0.4
202205280035,,0.0
202205280040,,0.0
202205280045,,0.0
202205280050,,0.0
202205280055,,0.0
202205280100,,0.0
202205280110,,0.0
202205280115,215.0,0.4
202205280120,265.0,0.4
202205280125,266.0,0.9
202205280130,215.0,0.9
202205280135,215.0,0.4
202205280145,193.0,0.9
202205280150,179.0,0.9
202205280155,210.0,0.4
202205280200,209.0,0.4
202205280210,,0.0
202205280215,207.0,0.4
202205280220,207.0,0.4
202205280230,,0.0
202205280235,,0.0
202205280240,,0.0
202205280245,,0.0
202205280250,,0.0
202205280255,262.0,0.4
202205280300,209.0,0.4
202205280310,,0.0
202205280315,184.0,0.4
202205280320,109.0,0.4
202205280325,205.0,0.4
202205280330,191.0,0.4
202205280335,226.0,0.9
202205280340,221.0,0.9
202205280345,197.0,0.9
202205280350,215.0,0.9
202205280355,201.0,0.9
202205280400,219.0,0.9
202205280410,193.0,0.9
202205280415,197.0,0.9
202205280420,314.0,0.9
202205280425,305.0,0.4
202205280430,282.0,0.4
202205280435,315.0,0.4
202205280440,334.0,0.4
202205280445,301.0,0.4
202205280450,310.0,0.4
202205280455,330.0,0.4
202205280500,334.0,0.4
202205280510,316.0,0.9
202205280515,316.0,0.4
202205280520,315.0,0.4
202205280525,303.0,0.4
202205280530,318.0,0.4
202205280535,,0.0
202205280540,,0.0
202205280545,,0.0
202205280550,,0.0
202205280555,,0.0
202205280600,,0.0
202205280610,,0.0
202205280615,302.0,0.4
202205280620,302.0,0.4
202205280625,,0.0
202205280630,,0.0
202205280635,,0.0
202205280640,,0.0
202205280650,,0.0
202205280655,,0.0
202205280700,,0.0
202205280710,,0.0
202205280715,,0.0
202205280720,,0.0
202205280725,,0.0
202205280730,,0.0
202205280735,,0.0
202205280740,,0.0
202205280745,,0.0
202205280750,,0.0
202205280755,,0.0
202205280800,,0.0
202205280810,,0.0
202205280815,,0.0
202205280820,,0.0
202205280825,,0.0
202205280830,,0.0
202205280835,,0.0
202205280840,,0.0
202205280845,,0.0
202205280850,,0.0
202205280855,,0.0
202205280900,,0.0
202205280910,,0.0
202205280915,,0.0
202205280920,,0.0
202205280925,,0.0
202205280930,,0.0
202205280935,,0.0
202205280940,,0.0
202205280945,,0.0
202205280950,,0.0
202205280955,,0.0
202205281000,,0.0
202205281010,,0.0
202205281015,,0.0
202205281020,,0.0
202205281025,,0.0
202205281030,,0.0
202205281035,,0.0
202205281040,,0.0
202205281045,,0.0
202205281050,,0.0
202205281055,,0.0
202205281100,,0.0
202205281110,,0.0
202205281115,298.0,0.4
202205281120,317.0,0.4
202205281125,,0.0
202205281130,,0.0
202205281135,111.0,0.4
202205281140,11.0,0.4
202205281145,307.0,0.4
202205281150,22.0,0.4
202205281155,,0.0
202205281200,,0.0
202205281210,353.0,0.9
202205281215,350.0,0.9
202205281220,339.0,0.9
202205281225,357.0,0.9
202205281230,1.0,0.9
202205281235,18.0,0.9
202205281240,319.0,0.9
202205281245,320.0,0.9
202205281250,339.0,0.9
202205281255,330.0,0.4
202205281300,350.0,0.4
202205281310,15.0,0.9
202205281315,336.0,0.9
202205281320,32.0,0.9
202205281325,12.0,0.9
202205281330,14.0,0.9
202205281335,307.0,0.4
202205281340,344.0,0.4
202205281345,308.0,0.9
202205281350,354.0,0.9
202205281355,3.0,0.9
202205281400,354.0,0.9
202205281410,228.0,0.9
202205281415,327.0,0.9
202205281420,134.0,0.9
202205281425,,0.0
202205281430,,0.0
202205281435,206.0,0.9
202205281440,308.0,0.9
202205281445,290.0,0.9
202205281450,284.0,0.9
202205281455,229.0,0.9
202205281500,121.0,0.9
202205281510,229.0,0.9
202205281515,229.0,0.9
202205281520,124.0,0.9
202205281525,313.0,0.9
202205281530,205.0,0.9
202205281535,313.0,0.9
202205281540,356.0,0.9
202205281545,160.0,0.9
202205281550,213.0,0.9
202205281555,238.0,1.3
202205281600,318.0,1.3
202205281610,206.0,0.9
202205281615,230.0,1.3
202205281620,194.0,1.3
202205281625,225.0,0.9
202205281630,352.0,0.9
202205281635,228.0,1.3
202205281640,317.0,1.3
202205281645,219.0,0.9
202205281650,142.0,0.9
202205281655,171.0,1.3
202205281700,237.0,1.3
202205281710,217.0,2.2
202205281715,333.0,2.2
202205281720,216.0,2.2
202205281725,57.0,2.2
202205281730,301.0,2.2
202205281735,282.0,0.9
202205281740,207.0,0.9
202205281745,292.0,0.9
202205281750,205.0,0.9
202205281755,155.0,1.3
202205281800,173.0,1.3
202205281810,72.0,2.2
202205281815,275.0,1.3
202205281820,308.0,1.3
202205281825,357.0,0.9
202205281830,12.0,0.9
202205281835,207.0,0.9
202205281840,356.0,0.9
202205281845,280.0,1.3
202205281850,343.0,1.3
202205281855,220.0,0.9
202205281900,333.0,0.9
202205281910,330.0,1.3
202205281915,317.0,1.3
202205281920,25.0,1.3
202205281925,246.0,0.9
202205281930,205.0,0.9
202205281935,225.0,1.3
202205281940,267.0,1.3
202205281945,277.0,2.2
202205281950,300.0,2.2
202205281955,12.0,1.3
202205282000,316.0,1.3
202205282010,351.0,0.9
202205282015,12.0,0.9
202205282020,10.0,0.9
202205282025,322.0,0.9
202205282030,304.0,0.9
202205282035,301.0,0.9
202205282040,318.0,0.9
202205282045,201.0,0.9
202205282050,276.0,0.9
202205282055,275.0,0.9
202205282100,183.0,0.9
202205282110,344.0,0.9
202205282115,340.0,0.9
202205282120,301.0,0.9
202205282125,250.0,0.9
202205282130,15.0,0.9
202205282135,39.0,0.9
202205282140,337.0,0.9
202205282150,153.0,0.4
202205282155,315.0,0.9
202205282200,15.0,0.9
202205282210,37.0,0.9
202205282215,268.0,0.9
202205282220,337.0,0.9
202205282225,328.0,0.9
202205282230,333.0,0.9
202205282235,355.0,0.9
202205282240,16.0,0.9
202205282245,335.0,0.9
202205282250,2.0,0.9
202205282255,319.0,0.4
202205282300,327.0,0.4
202205282310,323.0,0.4
202205282315,,0.0
202205282320,,0.0
202205282325,326.0,0.4
202205282330,321.0,0.4
202205282335,324.0,0.4
202205282340,305.0,0.4
202205282345,,0.0
202205282350,,0.0
202205282355,,0.0
202205290000,,0.0
202205290010,,0.0
202205290015,,0.0
202205290020,,0.0
202205290025,,0.0
202205290030,,0.0
202205290035,,0.0
202205290040,,0.0
202205290045,,0.0
202205290050,,0.0
202205290055,,0.0
202205290100,,0.0
202205290110,,0.0
202205290115,,0.0
202205290120,,0.0
202205290125,,0.0
202205290130,,0.0
202205290135,,0.0
202205290140,,0.0
202205290145,,0.0
202205290150,,0.0
202205290155,,0.0
202205290200,,0.0
202205290210,,0.0
202205290215,,0.0
202205290225,,0.0
202205290230,,0.0
202205290235,,0.0
202205290240,,0.0
202205290245,,0.0
202205290250,,0.0
202205290255,,0.0
202205290300,,0.0
202205290310,,0.0
202205290315,,0.0
202205290320,,0.0
202205290325,,0.0
202205290330,,0.0
202205290335,,0.0
202205290340,,0.0
202205290345,,0.0
202205290350,,0.0
202205290400,,0.0
202205290410,,0.0
202205290415,,0.0
202205290420,,0.0
202205290430,,0.0
202205290435,,0.0
202205290440,,0.0
202205290445,,0.0
202205290450,,0.0
202205290455,,0.0
202205290500,,0.0
202205290510,,0.0
202205290515,,0.0
202205290520,,0.0
202205290525,,0.0
202205290530,,0.0
202205290535,,0.0
202205290540,,0.0
202205290545,,0.0
202205290550,,0.0
202205290555,,0.0
202205290600,,0.0
202205290610,,0.0
202205290615,,0.0
202205290620,,0.0
202205290625,,0.0
202205290630,,0.0
202205290635,,0.0
202205290640,,0.0
202205290645,,0.0
202205290650,,0.0
202205290655,,0.0
202205290700,,0.0
202205290710,,0.0
202205290715,,0.0
202205290720,,0.0
202205290725,,0.0
202205290730,,0.0
202205290735,,0.0
202205290740,,0.0
202205290745,,0.0
202205290750,,0.0
202205290755,,0.0
202205290800,,0.0
202205290810,,0.0
202205290815,,0.0
202205290820,,0.0
202205290825,,0.0
202205290830,,0.0
202205290835,,0.0
202205290840,,0.0
202205290845,,0.0
202205290850,,0.0
202205290855,,0.0
202205290900,,0.0
202205290910,,0.0
202205290920,,0.0
202205290940,,0.0
202205290945,,0.0
202205290950,,0.0
202205290955,,0.0
202205291000,,0.0
202205291010,,0.0
202205291015,,0.0
202205291020,,0.0
202205291025,,0.0
202205291030,,0.0
202205291035,,0.0
202205291040,,0.0
202205291045,,0.0
202205291050,,0.0
202205291055,,0.0
202205291100,,0.0
202205291110,,0.0
202205291115,,0.0
202205291120,,0.0
202205291125,,0.0
202205291130,,0.0
202205291135,,0.0
202205291140,,0.0
202205291145,,0.0
202205291150,,0.0
202205291155,,0.0
202205291200,,0.0
202205291210,,0.0
202205291215,,0.0
202205291220,,0.0
202205291225,,0.0
202205291230,,0.0
202205291235,,0.0
202205291240,,0.0
202205291245,,0.0
202205291250,,0.0
202205291255,,0.0
202205291300,,0.0
202205291310,,0.0
202205291315,,0.0
202205291320,,0.0
202205291325,,0.0
202205291330,,0.0
202205291335,,0.0
202205291340,,0.0
202205291345,,0.0
202205291350,,0.0
202205291355,,0.0
202205291400,,0.0
202205291410,,0.0
202205291415,,0.0
202205291420,,0.0
202205291425,,0.0
202205291430,,0.0
202205291435,,0.0
202205291440,,0.0
202205291445,,0.0
202205291450,,0.0
202205291455,,0.0
202205291500,,0.0
202205291510,,0.0
202205291515,,0.0
202205291520,,0.0
202205291525,,0.0
202205291530,,0.0
202205291535,,0.0
202205291540,,0.0
202205291545,,0.0
202205291550,,0.0
202205291555,,0.0
202205291600,,0.0
202205291610,,0.0
202205291615,,0.0
202205291620,,0.0
202205291625,,0.0
202205291630,,0.0
202205291635,,0.0
202205291640,,0.0
202205291645,348.0,0.4
202205291650,301.0,0.4
202205291655,353.0,0.4
202205291700,336.0,0.4
202205291710,23.0,0.4
202205291715,,0.0
202205291720,,0.0
202205291725,,0.0
202205291730,,0.0
202205291740,,0.0
202205291745,313.0,0.9
202205291750,338.0,0.9
202205291755,,0.0
202205291800,,0.0
202205291810,330.0,0.4
202205291815,,0.0
202205291820,,0.0
202205291825,,0.0
202205291830,,0.0
202205291835,,0.0
202205291840,,0.0
202205291845,,0.0
202205291850,,0.0
202205291855,26.0,0.9
202205291900,138.0,0.9
202205291910,115.0,0.9
202205291915,331.0,0.4
202205291920,299.0,0.4
202205291925,,0.0
202205291930,,0.0
202205291935,149.0,0.4
202205291940,250.0,0.4
202205291945,,0.0
202205291950,,0.0
202205291955,,0.0
202205292000,,0.0
202205292015,,0.0
202205292025,,0.0
202205292030,,0.0
202205292035,,0.0
202205292040,,0.0
202205292045,,0.0
202205292050,,0.0
202205292055,,0.0
202205292100,,0.0
202205292110,,0.0
202205292115,,0.0
202205292120,,0.0
202205292125,,0.0
202205292130,,0.0
202205292135,,0.0
202205292145,,0.0
202205292150,,0.0
202205292155,,0.0
202205292200,,0.0
202205292210,,0.0
202205292220,,0.0
202205292225,,0.0
202205292230,,0.0
202205292235,,0.0
202205292240,,0.0
202205292245,,0.0
202205292250,,0.0
202205292255,,0.0
202205292300,,0.0
202205292310,,0.0
202205292315,,0.0
202205292320,,0.0
202205292330,,0.0
202205292335,,0.0
202205292340,,0.0
202205292345,,0.0
202205292350,,0.0
202205292355,,0.0
202205300000,,0.0
202205300010,,0.0
202205300015,,0.0
202205300020,,0.0
202205300025,,0.0
202205300030,,0.0
202205300035,,0.0
202205300040,,0.0
202205300045,,0.0
202205300050,,0.0
202205300055,,0.0
202205300100,,0.0
202205300110,,0.0
202205300115,,0.0
202205300120,,0.0
202205300125,,0.0
202205300130,,0.0
202205300135,,0.0
202205300140,,0.0
202205300150,,0.0
202205300155,99.0,0.4
202205300200,174.0,0.4
202205300210,,0.0
202205300215,,0.0
202205300220,,0.0
202205300225,,0.0
202205300230,,0.0
202205300235,139.0,0.4
202205300240,100.0,0.4
202205300250,131.0,0.4
202205300255,,0.0
202205300300,,0.0
202205300310,,0.0
202205300315,,0.0
202205300320,,0.0
202205300330,,0.0
202205300335,,0.0
202205300340,,0.0
202205300345,,0.0
202205300350,,0.0
202205300355,52.0,0.4
202205300400,52.0,0.4
202205300410,,0.0
202205300415,123.0,0.4
202205300420,106.0,0.4
202205300425,88.0,0.4
202205300430,56.0,0.4
202205300435,,0.0
202205300440,,0.0
202205300445,112.0,0.4
202205300450,108.0,0.4
202205300455,,0.0
202205300500,,0.0
202205300510,177.0,0.4
202205300515,,0.0
202205300520,,0.0
202205300525,,0.0
202205300530,,0.0
202205300535,,0.0
202205300540,,0.0
202205300545,,0.0
202205300550,,0.0
202205300600,,0.0
202205300610,,0.0
202205300615,,0.0
202205300620,,0.0
202205300630,,0.0
202205300635,,0.0
202205300640,,0.0
202205300645,,0.0
202205300650,,0.0
202205300655,,0.0
202205300700,,0.0
202205300710,,0.0
202205300715,,0.0
202205300720,,0.0
202205300725,,0.0
202205300730,,0.0
202205300735,,0.0
202205300740,,0.0
202205300745,,0.0
202205300750,,0.0
202205300800,,0.0
202205300810,,0.0
202205300815,,0.0
202205300820,,0.0
202205300825,,0.0
202205300830,,0.0
202205300835,,0.0
202205300840,,0.0
202205300845,,0.0
202205300850,,0.0
202205300855,,0.0
202205300900,,0.0
202205300915,,0.0
202205300920,,0.0
202205300925,,0.0
202205300930,,0.0
202205300935,,0.0
202205300940,,0.0
202205300945,,0.0
202205300950,,0.0
202205301000,,0.0
202205301010,,0.0
202205301015,,0.0
202205301020,,0.0
202205301025,,0.0
202205301030,,0.0
202205301035,,0.0
202205301040,,0.0
202205301045,,0.0
202205301050,,0.0
202205301055,,0.0
202205301100,,0.0
202205301110,,0.0
202205301115,,0.0
202205301120,,0.0
202205301125,,0.0
202205301130,,0.0
202205301135,,0.0
202205301140,,0.0
202205301150,,0.0
202205301155,,0.0
202205301200,,0.0
202205301210,,0.0
202205301215,,0.0
202205301220,,0.0
202205301225,,0.0
202205301230,,0.0
202205301235,,0.0
202205301240,,0.0
202205301245,,0.0
202205301250,,0.0
202205301255,,0.0
202205301300,,0.0
202205301310,,0.0
202205301315,,0.0
202205301320,,0.0
202205301325,,0.0
202205301330,,0.0
202205301335,,0.0
202205301340,,0.0
202205301345,,0.0
202205301350,,0.0
202205301400,72.0,0.4
202205301410,,0.0
202205301415,,0.0
202205301420,,0.0
202205301425,,0.0
202205301430,,0.0
202205301435,,0.0
202205301440,,0.0
202205301445,,0.0
202205301450,,0.0
202205301455,,0.0
202205301500,,0.0
202205301510,,0.0
202205301520,,0.0
202205301525,,0.0
202205301530,,0.0
202205301535,,0.0
202205301540,,0.0
202205301545,,0.0
202205301550,,0.0
202205301555,,0.0
202205301600,,0.0
202205301610,,0.0
202205301615,,0.0
202205301620,,0.0
202205301625,,0.0
202205301630,,0.0
202205301635,,0.0
202205301640,,0.0
202205301645,,0.0
202205301650,,0.0
202205301655,,0.0
202205301700,,0.0
202205301710,,0.0
202205301715,,0.0
202205301720,,0.0
202205301725,,0.0
202205301730,,0.0
202205301735,,0.0
202205301740,,0.0
202205301745,,0.0
202205301750,,0.0
202205301755,,0.0
202205301800,,0.0
202205301810,,0.0
202205301815,,0.0
202205301820,,0.0
202205301825,,0.0
202205301830,,0.0
202205301835,,0.0
202205301840,,0.0
202205301845,,0.0
202205301850,,0.0
202205301855,,0.0
202205301900,,0.0
202205301910,,0.0
202205301920,,0.0
202205301925,,0.0
202205301930,,0.0
202205301935,3.0,0.4
202205301940,341.0,0.4
202205301945,,0.0
202205301950,,0.0
202205301955,,0.0
202205302000,,0.0
202205302010,,0.0
202205302015,,0.0
202205302020,,0.0
202205302025,,0.0
202205302030,,0.0
202205302035,,0.0
202205302040,,0.0
202205302045,103.0,0.9
202205302050,63.0,0.9
202205302055,119.0,0.9
202205302100,140.0,0.9
202205302110,193.0,0.9
202205302115,177.0,0.9
202205302120,106.0,0.9
202205302125,167.0,0.9
202205302130,194.0,0.9
202205302135,,0.0
202205302140,,0.0
202205302150,218.0,0.9
202205302155,217.0,0.4
202205302200,131.0,0.4
202205302210,,0.0
202205302215,,0.0
202205302220,,0.0
202205302225,,0.0
202205302230,,0.0
202205302235,,0.0
202205302240,,0.0
202205302245,,0.0
202205302250,,0.0
202205302255,,0.0
202205302300,,0.0
202205302310,,0.0
202205302315,,0.0
202205302320,,0.0
202205302325,,0.0
202205302330,,0.0
202205302335,,0.0
202205302340,,0.0
202205302345,,0.0
202205302350,,0.0
202205302355,,0.0
202205310000,,0.0
202205310010,,0.0
202205310015,,0.0
202205310020,,0.0
202205310025,,0.0
202205310030,,0.0
202205310035,,0.0
202205310040,,0.0
202205310045,,0.0
202205310050,,0.0
202205310055,,0.0
202205310100,,0.0
202205310110,,0.0
202205310115,,0.0
202205310120,,0.0
202205310130,,0.0
202205310140,,0.0
202205310145,,0.0
202205310150,,0.0
202205310155,,0.0
202205310200,,0.0
202205310210,,0.0
202205310215,,0.0
202205310225,,0.0
202205310230,,0.0
202205310235,,0.0
202205310240,,0.0
202205310245,,0.0
202205310255,,0.0
202205310300,,0.0
202205310310,,0.0
202205310315,,0.0
202205310320,,0.0
202205310325,,0.0
202205310330,,0.0
202205310335,,0.0
202205310340,,0.0
202205310345,,0.0
202205310350,,0.0
202205310355,,0.0
202205310400,,0.0
202205310410,,0.0
202205310415,,0.0
202205310420,,0.0
202205310425,,0.0
202205310430,,0.0
202205310435,,0.0
202205310440,,0.0
202205310445,,0.0
202205310450,,0.0
202205310455,,0.0
202205310500,,0.0
202205310510,,0.0
202205310515,,0.0
202205310520,,0.0
202205310525,,0.0
202205310530,,0.0
202205310535,,0.0
202205310540,,0.0
202205310545,,0.0
202205310550,,0.0
202205310555,,0.0
202205310600,,0.0
202205310610,,0.0
202205310615,,0.0
202205310620,,0.0
202205310625,,0.0
202205310630,,0.0
202205310635,,0.0
202205310640,,0.0
202205310645,,0.0
202205310650,,0.0
202205310655,,0.0
202205310700,,0.0
202205310710,,0.0
202205310715,,0.0
202205310720,,0.0
202205310725,,0.0
202205310730,,0.0
202205310735,,0.0
202205310740,,0.0
202205310745,,0.0
202205310750,,0.0
202205310755,,0.0
202205310800,,0.0
202205310810,,0.0
202205310815,,0.0
202205310820,,0.0
202205310825,,0.0
202205310830,,0.0
202205310835,,0.0
202205310840,,0.0
202205310845,,0.0
202205310850,,0.0
202205310855,,0.0
202205310900,,0.0
202205310910,,0.0
202205310915,,0.0
202205310920,,0.0
202205310925,,0.0
202205310930,,0.0
202205310935,,0.0
202205310940,,0.0
202205310945,,0.0
202205310950,,0.0
202205310955,,0.0
202205311000,,0.0
202205311010,,0.0
202205311015,,0.0
202205311020,,0.0
202205311025,,0.0
202205311030,,0.0
202205311040,,0.0
202205311045,,0.0
202205311050,,0.0
202205311055,,0.0
202205311100,,0.0
202205311110,,0.0
202205311115,,0.0
202205311120,,0.0
202205311125,,0.0
202205311145,,0.0
202205311150,,0.0
202205311155,,0.0
202205311210,,0.0
202205311215,,0.0
202205311225,,0.0
202205311230,,0.0
202205311235,,0.0
202205311240,,0.0
202205311245,,0.0
202205311250,,0.0
202205311255,,0.0
202205311300,,0.0
202205311310,,0.0
202205311315,,0.0
202205311320,,0.0
202205311325,,0.0
202205311330,,0.0
202205311335,,0.0
202205311340,,0.0
202205311345,,0.0
202205311350,,0.0
202205311355,,0.0
202205311400,,0.0
202205311410,,0.0
202205311415,,0.0
202205311420,,0.0
202205311425,,0.0
202205311430,,0.0
202205311435,,0.0
202205311440,,0.0
202205311445,,0.0
202205311450,,0.0
202205311455,,0.0
202205311500,,0.0
202205311510,,0.0
202205311515,,0.0
202205311520,,0.0
202205311525,,0.0
202205311535,,0.0
202205311540,,0.0
202205311545,,0.0
202205311550,,0.0
202205311555,,0.0
202205311600,,0.0
202205311610,,0.0
202205311615,,0.0
202205311620,,0.0
202205311625,,0.0
202205311630,,0.0
202205311635,283.0,0.4
202205311640,25.0,0.4
202205311645,339.0,0.4
202205311650,22.0,0.4
202205311655,350.0,0.4
202205311700,334.0,0.4
202205311715,,0.0
202205311720,,0.0
202205311725,,0.0
202205311730,,0.0
202205311735,,0.0
202205311740,,0.0
202205311745,,0.0
202205311750,,0.0
202205311755,,0.0
202205311800,,0.0
202205311815,,0.0
202205311820,,0.0
202205311825,,0.0
202205311830,,0.0
202205311835,280.0,0.4
202205311840,307.0,0.4
202205311845,286.0,0.9
202205311850,265.0,0.9
202205311855,,0.0
202205311900,,0.0
202205311910,,0.0
202205311915,,0.0
202205311920,,0.0
202205311925,,0.0
202205311930,,0.0
202205311935,213.0,0.9
202205311940,195.0,0.9
202205311945,174.0,0.9
202205311950,232.0,0.9
202205311955,217.0,0.4
202205312000,154.0,0.4
202205312010,,0.0
202205312015,,0.0
202205312020,,0.0
202205312025,,0.0
202205312030,,0.0
202205312035,,0.0
202205312040,,0.0
202205312045,,0.0
202205312050,,0.0
202205312055,,0.0
202205312100,,0.0
202205312110,,0.0
202205312115,,0.0
202205312120,,0.0
202205312125,,0.0
202205312130,,0.0
202205312135,,0.0
202205312140,,0.0
202205312150,,0.0
202205312155,,0.0
202205312200,,0.0
202205312210,,0.0
202205312215,,0.0
202205312220,,0.0
202205312225,,0.0
202205312230,,0.0
202205312235,,0.0
202205312240,,0.0
202205312245,,0.0
202205312250,,0.0
202205312255,,0.0
202205312300,,0.0
202205312310,,0.0
202205312315,,0.0
202205312320,,0.0
202205312325,,0.0
202205312330,,0.0
202205312335,,0.0
202205312340,,0.0
202205312345,,0.0
202205312350,,0.0
202205312355,,0.0
202206010000,,0.0
202206010010,,0.0
202206010015,,0.0
202206010020,,0.0
202206010025,,0.0
202206010030,,0.0
202206010035,,0.0
202206010040,,0.0
202206010045,,0.0
202206010050,,0.0
202206010055,,0.0
202206010100,,0.0
202206010110,,0.0
202206010115,,0.0
202206010120,,0.0
202206010125,,0.0
202206010130,,0.0
202206010135,,0.0
202206010145,,0.0
202206010150,,0.0
202206010155,,0.0
202206010200,,0.0
202206010210,,0.0
202206010215,,0.0
202206010225,,0.0
202206010235,,0.0
202206010240,,0.0
202206010245,,0.0
202206010250,,0.0
202206010255,,0.0
202206010300,,0.0
202206010310,,0.0
202206010315,,0.0
202206010320,,0.0
202206010325,,0.0
202206010330,,0.0
202206010340,,0.0
202206010345,,0.0
202206010350,,0.0
202206010355,,0.0
202206010415,,0.0
202206010420,,0.0
202206010425,,0.0
202206010430,,0.0
202206010435,,0.0
202206010440,,0.0
202206010445,,0.0
202206010450,,0.0
202206010455,,0.0
202206010500,,0.0
202206010510,,0.0
202206010515,,0.0
202206010520,,0.0
202206010525,,0.0
202206010530,,0.0
202206010535,,0.0
202206010540,,0.0
202206010550,,0.0
202206010555,,0.0
202206010600,,0.0
202206010610,,0.0
202206010615,,0.0
202206010620,,0.0
202206010625,,0.0
202206010630,,0.0
202206010635,,0.0
202206010640,,0.0
202206010645,,0.0
202206010650,,0.0
202206010655,,0.0
202206010700,,0.0
202206010710,,0.0
202206010715,,0.0
202206010720,,0.0
202206010725,,0.0
202206010730,,0.0
202206010735,,0.0
202206010740,,0.0
202206010745,,0.0
202206010750,,0.0
202206010755,,0.0
202206010810,,0.0
202206010815,,0.0
202206010820,,0.0
202206010825,,0.0
202206010830,,0.0
202206010835,,0.0
202206010840,,0.0
202206010845,,0.0
202206010850,,0.0
202206010855,,0.0
202206010900,,0.0
202206010915,,0.0
202206010920,,0.0
202206010925,,0.0
202206010930,,0.0
202206010935,,0.0
202206010940,,0.0
202206010945,,0.0
202206010950,,0.0
202206010955,,0.0
202206011000,,0.0
202206011015,,0.0
202206011020,,0.0
202206011025,,0.0
202206011030,,0.0
202206011035,,0.0
202206011040,,0.0
202206011045,,0.0
202206011050,,0.0
202206011100,,0.0
202206011110,,0.0
202206011115,,0.0
202206011120,,0.0
202206011130,,0.0
202206011135,,0.0
202206011140,,0.0
202206011145,,0.0
202206011200,,0.0
202206011210,,0.0
202206011215,,0.0
202206011225,0.0,0.4
202206011230,9.0,0.4
202206011235,351.0,0.9
202206011240,17.0,0.9
202206011245,352.0,0.9
202206011250,343.0,0.9
202206011255,319.0,0.4
202206011310,345.0,0.9
202206011315,332.0,0.9
202206011320,10.0,0.9
202206011325,21.0,0.9
202206011330,319.0,0.9
202206011335,351.0,0.4
202206011340,335.0,0.4
202206011345,324.0,0.9
202206011350,333.0,0.9
202206011355,337.0,0.9
202206011400,336.0,0.9
202206011410,356.0,0.9
202206011415,358.0,0.9
202206011420,1.0,0.9
202206011425,,0.0
202206011430,,0.0
202206011435,24.0,0.9
202206011440,327.0,0.9
202206011445,345.0,1.3
202206011450,337.0,1.3
202206011455,71.0,0.9
202206011500,326.0,0.9
202206011515,0.0,0.9
202206011520,310.0,0.9
202206011525,320.0,0.4
202206011530,344.0,0.4
202206011535,326.0,0.4
202206011540,319.0,0.4
202206011545,283.0,0.9
202206011550,346.0,0.9
202206011555,314.0,0.9
202206011600,320.0,0.9
202206011610,15.0,0.9
202206011615,301.0,0.9
202206011620,331.0,0.9
202206011625,29.0,0.4
202206011630,23.0,0.4
202206011635,269.0,0.9
202206011640,350.0,0.9
202206011645,355.0,0.9
202206011650,6.0,0.9
202206011655,334.0,1.3
202206011700,170.0,1.3
202206011710,304.0,0.9
202206011715,354.0,0.9
202206011720,331.0,0.9
202206011725,329.0,0.9
202206011735,354.0,0.9
202206011740,23.0,0.9
202206011745,349.0,0.9
202206011750,330.0,0.9
202206011755,267.0,0.9
202206011800,291.0,0.9
202206011810,333.0,0.9
202206011815,348.0,0.9
202206011820,359.0,0.9
202206011825,344.0,0.9
202206011830,355.0,0.9
202206011835,295.0,0.9
202206011840,288.0,0.9
202206011845,279.0,0.9
202206011850,358.0,0.9
202206011855,332.0,0.9
202206011910,280.0,0.9
202206011915,323.0,0.9
202206011920,240.0,0.9
202206011925,350.0,0.9
202206011930,324.0,0.9
202206011945,354.0,0.9
202206011950,319.0,0.9
202206011955,135.0,0.9
202206012000,323.0,0.9
202206012010,314.0,0.9
202206012015,301.0,0.4
202206012025,164.0,0.4
202206012045,,0.0
202206012050,,0.0
202206012100,228.0,0.9
202206012110,286.0,0.9
202206012120,339.0,0.4
202206012125,257.0,0.4
202206012130,0.0,0.4
202206012135,322.0,0.9
202206012140,335.0,0.9
202206012145,331.0,0.4
202206012150,335.0,0.4
202206012225,324.0,0.4
202206012230,318.0,0.4
202206012235,2.0,0.4
202206012245,,0.0
202206012255,,0.0
202206012300,,0.0
202206012310,,0.0
202206012315,,0.0
202206012320,,0.0
202206012325,,0.0
202206012330,,0.0
202206012340,,0.0
202206012345,,0.0
202206012350,,0.0
202206020015,,0.0
202206020020,,0.0
202206020025,,0.0
202206020030,,0.0
202206020035,,0.0
202206020045,,0.0
202206020050,,0.0
202206020055,,0.0
202206020100,,0.0
202206020110,,0.0
202206020115,,0.0
202206020120,,0.0
202206020125,,0.0
202206020135,,0.0
202206020140,,0.0
202206020145,,0.0
202206020150,,0.0
202206020155,,0.0
202206020200,,0.0
202206020210,,0.0
202206020220,,0.0
202206020225,,0.0
202206020230,,0.0
202206020240,,0.0
202206020245,,0.0
202206020250,,0.0
202206020300,,0.0
202206020310,,0.0
202206020320,,0.0
202206020325,,0.0
202206020335,,0.0
202206020340,,0.0
202206020350,,0.0
202206020400,,0.0
202206020415,,0.0
202206020420,,0.0
202206020435,,0.0
202206020440,,0.0
202206020450,,0.0
202206020510,,0.0
202206020515,,0.0
202206020525,,0.0
202206020530,,0.0
202206020540,,0.0
202206020545,,0.0
202206020600,,0.0
202206020615,196.0,0.4
202206020625,208.0,0.9
202206020630,164.0,0.9
202206020635,190.0,0.4
202206020640,195.0,0.4
202206020645,201.0,0.9
202206020655,178.0,0.9
202206020700,217.0,0.9
202206020710,180.0,0.9
202206020720,192.0,0.9
202206020725,158.0,0.9
202206020730,201.0,0.9
202206020740,190.0,1.3
202206020745,94.0,0.9
202206020750,200.0,0.9
202206020800,183.0,1.3
202206020815,223.0,1.3
202206020825,213.0,0.9
202206020830,199.0,0.9
202206020840,252.0,0.9
202206020845,215.0,0.9
202206020855,225.0,1.3
202206020910,187.0,0.9
202206020930,217.0,1.3
202206020935,204.0,0.9
202206020950,203.0,0.9
202206020955,196.0,0.9
202206021000,209.0,0.9
202206021010,214.0,0.9
202206021015,199.0,0.9
202206021020,204.0,0.9
202206021030,218.0,0.9
202206021055,180.0,0.9
202206021120,,0.0
202206021130,186.0,0.9
202206021145,206.0,0.4
202206021200,210.0,0.9
202206021215,215.0,0.9
202206021220,207.0,0.9
202206021225,232.0,0.9
202206021230,197.0,0.9
202206021235,,0.0
202206021240,,0.0
202206021255,220.0,0.9
202206021300,209.0,0.9
202206021320,192.0,0.9
202206021330,,0.0
202206021340,301.0,0.4
202206021350,202.0,0.4
202206021400,,0.0
202206021415,198.0,0.9
202206021445,,0.0
202206021455,21.0,0.4
202206021500,282.0,0.4
202206021515,,0.0
202206021520,,0.0
202206021530,189.0,0.9
202206021540,328.0,0.9
202206021545,293.0,0.4
202206021555,322.0,0.4
202206021600,180.0,0.4
202206021625,203.0,0.4
202206021630,234.0,0.4
202206021655,280.0,0.9
202206021700,279.0,0.9
202206021710,174.0,0.9
202206021715,11.0,0.9
202206021720,235.0,0.9
202206021725,223.0,0.9
202206021755,328.0,0.9
202206021815,212.0,0.9
202206021825,,0.0
202206021835,289.0,0.9
202206021900,193.0,0.9
202206021915,293.0,1.3
202206021925,214.0,0.9
202206021930,196.0,0.9
202206021935,195.0,0.9
202206021950,267.0,1.3
202206021955,187.0,0.9
202206022000,232.0,0.9
202206022010,201.0,1.3
202206022015,223.0,1.3
202206022020,307.0,1.3
202206022025,143.0,0.9
202206022035,338.0,0.9
202206022040,257.0,0.9
202206022045,304.0,0.9
202206022100,235.0,0.9
202206022110,351.0,0.9
202206022115,257.0,0.4
202206022120,325.0,0.4
202206022125,210.0,0.9
202206022130,355.0,0.9
202206022155,123.0,0.9
202206022230,241.0,0.9
202206022240,211.0,2.2
202206022245,222.0,1.3
202206022255,185.0,0.9
202206022325,,0.0
202206022345,199.0,0.9
202206030000,197.0,0.4
202206030015,,0.0
202206030020,,0.0
202206030025,,0.0
202206030030,,0.0
202206030035,,0.0
202206030040,,0.0
202206030045,,0.0
202206030110,,0.0
202206030115,,0.0
202206030120,,0.0
202206030135,,0.0
202206030150,,0.0
202206030155,337.0,0.9
202206030200,322.0,0.9
202206030215,321.0,0.4
202206030220,321.0,0.4
202206030240,,0.0
202206030245,,0.0
202206030250,,0.0
202206030255,,0.0
202206030300,,0.0
202206030310,,0.0
202206030325,,0.0
202206030335,,0.0
202206030340,,0.0
202206030345,,0.0
202206030350,,0.0
202206030355,,0.0
202206030400,,0.0
202206030410,,0.0
202206030415,,0.0
202206030425,,0.0
202206030430,,0.0
202206030435,,0.0
202206030445,,0.0
202206030500,,0.0
202206030510,,0.0
202206030525,,0.0
202206030530,,0.0
202206030535,,0.0
202206030540,,0.0
202206030550,,0.0
202206030600,,0.0
202206030610,,0.0
202206030615,,0.0
202206030630,,0.0
202206030635,,0.0
202206030645,,0.0
202206030650,,0.0
202206030700,,0.0
202206030710,,0.0
202206030715,,0.0
202206030730,,0.0
202206030740,,0.0
202206030745,,0.0
202206030750,,0.0
202206030800,,0.0
202206030815,,0.0
202206030820,,0.0
202206030825,,0.0
202206030830,,0.0
202206030845,,0.0
202206030850,,0.0
202206030855,,0.0
202206030920,,0.0
202206030925,,0.0
202206030940,,0.0
202206030945,,0.0
202206031000,,0.0
202206031010,,0.0
202206031015,,0.0
202206031020,,0.0
202206031025,,0.0
202206031030,,0.0
202206031040,,0.0
202206031045,,0.0
202206031055,,0.0
202206031120,,0.0
202206031125,,0.0
202206031130,,0.0
202206031140,,0.0
202206031145,,0.0
202206031150,,0.0
202206031155,,0.0
202206031210,,0.0
202206031220,,0.0
202206031230,,0.0
202206031235,,0.0
202206031240,,0.0
202206031245,,0.0
202206031255,,0.0
202206031310,,0.0
202206031320,,0.0
202206031330,,0.0
202206031335,,0.0
202206031340,,0.0
202206031345,205.0,0.4
202206031350,212.0,0.4
202206031355,,0.0
202206031400,,0.0
202206031410,,0.0
202206031415,189.0,0.9
202206031420,328.0,0.9
202206031425,193.0,0.9
202206031440,205.0,0.9
202206031445,222.0,0.9
202206031455,174.0,0.9
202206031510,333.0,0.9
202206031520,346.0,0.4
202206031535,10.0,0.9
202206031540,272.0,0.9
202206031545,241.0,0.9
202206031555,301.0,0.9
202206031600,285.0,0.9
202206031615,286.0,0.9
202206031620,272.0,0.9
202206031635,,0.0
202206031640,,0.0
202206031700,36.0,0.9
202206031710,342.0,0.9
202206031715,196.0,0.9
202206031720,141.0,0.9
202206031735,346.0,0.9
202206031740,292.0,0.9
202206031745,313.0,0.4
202206031750,226.0,0.4
202206031800,,0.0
202206031810,331.0,0.4
202206031820,337.0,0.9
202206031825,312.0,0.9
202206031830,216.0,0.9
202206031835,205.0,0.9
202206031840,221.0,0.9
202206031845,346.0,0.9
202206031855,317.0,0.9
202206031900,352.0,0.9
202206031910,191.0,0.9
202206031920,307.0,0.9
202206031925,307.0,0.9
202206031930,133.0,0.9
202206031935,217.0,0.9
202206031940,307.0,0.9
202206031945,186.0,0.4
202206031950,182.0,0.4
202206031955,317.0,0.9
202206032000,222.0,0.9
202206032010,240.0,0.9
202206032015,0.0,0.9
202206032035,,0.0
202206032045,310.0,0.9
202206032050,1.0,0.9
202206032100,37.0,0.9
202206032110,322.0,0.4
202206032120,351.0,0.9
202206032125,349.0,0.9
202206032135,354.0,0.9
202206032145,319.0,0.9
202206032150,347.0,0.9
202206032200,,0.0
202206032210,,0.0
202206032220,,0.0
202206032225,,0.0
202206032230,,0.0
202206032235,353.0,0.9
202206032240,349.0,0.9
202206032245,337.0,2.7
202206032250,337.0,2.7
202206032255,345.0,2.2
202206032310,347.0,2.2
202206032315,2.0,2.2
202206032325,358.0,0.9
202206032330,355.0,0.9
202206032335,356.0,1.3
202206032345,348.0,0.9
202206032350,327.0,0.9
202206040000,316.0,0.9
202206040015,79.0,0.4
202206040025,,0.0
202206040030,,0.0
202206040035,,0.0
202206040040,,0.0
202206040045,,0.0
202206040100,,0.0
202206040110,,0.0
202206040115,,0.0
202206040125,,0.0
202206040130,,0.0
202206040135,,0.0
202206040140,,0.0
202206040145,,0.0
202206040150,,0.0
202206040200,,0.0
202206040215,,0.0
202206040220,,0.0
202206040240,,0.0
202206040245,,0.0
202206040300,,0.0
202206040310,,0.0
202206040325,,0.0
202206040335,,0.0
202206040340,,0.0
202206040355,,0.0
202206040410,,0.0
202206040415,,0.0
202206040420,,0.0
202206040425,,0.0
202206040430,,0.0
202206040435,,0.0
202206040445,,0.0
202206040450,,0.0
202206040500,,0.0
202206040510,,0.0
202206040520,,0.0
202206040525,,0.0
202206040540,,0.0
202206040545,,0.0
202206040550,,0.0
202206040555,,0.0
202206040600,,0.0
202206040610,,0.0
202206040615,,0.0
202206040630,,0.0
202206040640,,0.0
202206040650,,0.0
202206040655,,0.0
202206040700,,0.0
202206040740,,0.0
202206040755,,0.0
202206040800,,0.0
202206040810,,0.0
202206040815,,0.0
202206040830,,0.0
202206040835,,0.0
202206040840,,0.0
202206040850,,0.0
202206040900,,0.0
202206040910,,0.0
202206040915,,0.0
202206040920,,0.0
202206040930,,0.0
202206040940,,0.0
202206040950,,0.0
202206040955,,0.0
202206041000,,0.0
202206041010,,0.0
202206041015,,0.0
202206041020,,0.0
202206041025,,0.0
202206041030,,0.0
202206041035,,0.0
202206041050,,0.0
202206041055,,0.0
202206041120,,0.0
202206041125,,0.0
202206041130,,0.0
202206041135,,0.0
202206041145,,0.0
202206041155,,0.0
202206041200,,0.0
202206041210,,0.0
202206041215,,0.0
202206041225,,0.0
202206041230,,0.0
202206041235,,0.0
202206041240,,0.0
202206041245,,0.0
202206041300,,0.0
202206041310,343.0,0.4
202206041315,,0.0
202206041320,,0.0
202206041330,,0.0
202206041335,,0.0
202206041340,,0.0
202206041345,,0.0
202206041350,,0.0
202206041355,,0.0
202206041400,,0.0
202206041410,341.0,0.4
202206041415,322.0,0.9
202206041420,344.0,0.9
202206041425,352.0,0.9
202206041430,339.0,0.9
202206041435,295.0,0.9
202206041440,315.0,0.9
202206041445,231.0,0.9
202206041450,4.0,0.9
202206041455,53.0,0.9
202206041500,352.0,0.9
202206041510,325.0,0.9
202206041515,313.0,0.9
202206041520,284.0,0.9
202206041525,316.0,0.9
202206041530,348.0,0.9
202206041535,349.0,0.9
202206041540,57.0,0.9
202206041545,111.0,0.9
202206041550,92.0,0.9
202206041555,0.0,0.9
202206041600,340.0,0.9
202206041610,327.0,0.9
202206041615,3.0,0.9
202206041620,119.0,0.9
202206041625,54.0,0.9
202206041630,311.0,0.9
202206041635,2.0,0.4
202206041640,358.0,0.4
202206041645,358.0,0.9
202206041650,338.0,0.9
202206041655,341.0,0.9
202206041700,328.0,0.9
202206041710,327.0,0.9
202206041715,326.0,0.4
202206041720,8.0,0.4
202206041725,327.0,0.4
202206041730,345.0,0.4
202206041740,344.0,0.9
202206041745,328.0,0.9
202206041750,334.0,0.9
202206041755,326.0,0.9
202206041800,295.0,0.9
202206041810,318.0,0.9
202206041815,112.0,0.9
202206041820,77.0,0.9
202206041825,2.0,0.9
202206041830,320.0,0.9
202206041835,323.0,0.4
202206041840,303.0,0.4
202206041845,348.0,0.9
202206041850,345.0,0.9
202206041855,353.0,0.9
202206041900,330.0,0.9
202206041910,305.0,0.4
202206041915,312.0,0.4
202206041920,270.0,0.4
202206041925,349.0,0.4
202206041930,345.0,0.4
202206041935,3.0,0.9
202206041940,95.0,0.9
202206041945,0.0,0.9
202206041950,266.0,0.9
202206041955,336.0,0.9
202206042000,36.0,0.9
202206042010,349.0,0.4
202206042015,345.0,0.9
202206042020,34.0,0.9
202206042025,334.0,0.9
202206042030,316.0,0.9
202206042035,353.0,0.9
202206042040,353.0,0.9
202206042045,342.0,0.9
202206042050,341.0,0.9
202206042055,349.0,0.9
202206042100,340.0,0.9
202206042110,4.0,0.9
202206042115,332.0,0.9
202206042120,20.0,0.9
202206042125,349.0,0.9
202206042130,4.0,0.9
202206042135,349.0,1.3
202206042140,355.0,1.3
202206042145,353.0,0.9
202206042150,349.0,0.9
202206042155,356.0,1.3
202206042200,333.0,1.3
202206042210,359.0,1.3
202206042215,7.0,0.9
202206042220,355.0,0.9
202206042225,350.0,0.9
202206042230,332.0,0.9
202206042235,5.0,0.9
202206042240,337.0,0.9
202206042245,351.0,0.9
202206042250,1.0,0.9
202206042255,335.0,0.9
202206042300,327.0,0.9
202206042310,348.0,0.9
202206042315,19.0,0.9
202206042320,310.0,0.9
202206042325,356.0,0.9
202206042330,344.0,0.9
202206042335,352.0,0.4
202206042340,344.0,0.4
202206042345,325.0,0.9
202206042350,13.0,0.9
202206042355,353.0,0.4
202206050000,346.0,0.4
202206050010,7.0,0.4
202206050020,,0.0
202206050025,,0.0
202206050030,,0.0
202206050035,,0.0
202206050040,,0.0
202206050045,,0.0
202206050050,,0.0
202206050055,,0.0
202206050100,,0.0
202206050115,,0.0
202206050120,,0.0
202206050125,,0.0
202206050130,,0.0
202206050135,,0.0
202206050140,,0.0
202206050145,,0.0
202206050150,,0.0
202206050155,,0.0
202206050200,,0.0
202206050210,,0.0
202206050215,,0.0
202206050220,,0.0
202206050225,,0.0
202206050230,,0.0
202206050235,,0.0
202206050240,,0.0
202206050245,,0.0
202206050250,,0.0
202206050300,,0.0
202206050310,,0.0
202206050320,,0.0
202206050325,,0.0
202206050330,,0.0
202206050335,,0.0
202206050340,,0.0
202206050345,,0.0
202206050350,,0.0
202206050355,,0.0
202206050400,,0.0
202206050410,,0.0
202206050415,,0.0
202206050420,,0.0
202206050425,,0.0
202206050430,,0.0
202206050435,,0.0
202206050440,,0.0
202206050445,,0.0
202206050450,,0.0
202206050455,,0.0
202206050500,,0.0
202206050510,,0.0
202206050515,,0.0
202206050520,,0.0
202206050525,,0.0
202206050530,,0.0
202206050535,,0.0
202206050540,,0.0
202206050545,,0.0
202206050550,,0.0
202206050555,,0.0
202206050600,,0.0
202206050610,,0.0
202206050615,,0.0
202206050620,,0.0
202206050630,,0.0
202206050635,,0.0
202206050640,,0.0
202206050645,,0.0
202206050650,,0.0
202206050655,,0.0
202206050700,,0.0
202206050710,,0.0
202206050715,,0.0
202206050720,,0.0
202206050730,,0.0
202206050735,,0.0
202206050740,,0.0
202206050745,,0.0
202206050750,,0.0
202206050755,,0.0
202206050800,,0.0
202206050810,,0.0
202206050815,,0.0
202206050820,,0.0
202206050825,,0.0
202206050830,,0.0
202206050835,,0.0
202206050840,,0.0
202206050845,,0.0
202206050850,,0.0
202206050855,,0.0
202206050900,,0.0
202206050910,,0.0
202206050915,,0.0
202206050920,,0.0
202206050925,,0.0
202206050930,,0.0
202206050935,,0.0
202206050940,,0.0
202206050945,,0.0
202206050950,,0.0
202206050955,,0.0
202206051000,,0.0
202206051010,,0.0
202206051015,,0.0
202206051020,,0.0
202206051025,,0.0
202206051030,,0.0
202206051035,,0.0
202206051040,,0.0
202206051045,,0.0
202206051050,,0.0
202206051055,,0.0
202206051120,,0.0
202206051125,,0.0
202206051130,,0.0
202206051135,,0.0
202206051140,,0.0
202206051145,,0.0
202206051150,,0.0
202206051155,,0.0
202206051200,,0.0
202206051210,,0.0
202206051215,,0.0
202206051220,,0.0
202206051225,,0.0
202206051230,,0.0
202206051235,,0.0
202206051240,,0.0
202206051245,,0.0
202206051250,,0.0
202206051255,,0.0
202206051300,,0.0
202206051310,349.0,0.4
202206051315,,0.0
202206051320,,0.0
202206051325,,0.0
202206051330,,0.0
202206051335,,0.0
202206051340,,0.0
202206051355,30.0,0.4
202206051400,352.0,0.4
202206051410,337.0,0.4
202206051415,327.0,0.4
202206051420,341.0,0.4
202206051425,317.0,0.9
202206051430,4.0,0.9
202206051435,336.0,0.9
202206051440,337.0,0.9
202206051445,334.0,0.9
202206051450,343.0,0.9
202206051455,,0.0
202206051500,,0.0
202206051510,346.0,0.4
202206051515,,0.0
202206051520,,0.0
202206051525,328.0,0.9
202206051530,334.0,0.9
202206051535,339.0,0.9
202206051540,8.0,0.9
202206051545,337.0,0.9
202206051550,2.0,0.9
202206051555,350.0,0.9
202206051610,338.0,0.9
202206051615,339.0,0.4
202206051620,101.0,0.4
202206051625,18.0,0.9
202206051630,101.0,0.9
202206051635,17.0,0.9
202206051640,315.0,0.9
202206051645,352.0,0.4
202206051650,32.0,0.4
202206051655,355.0,0.9
202206051700,55.0,0.9
202206051710,117.0,0.4
202206051715,330.0,0.4
202206051720,345.0,0.4
202206051725,304.0,0.9
202206051730,321.0,0.9
202206051735,307.0,0.9
202206051740,120.0,0.9
202206051745,300.0,0.9
202206051750,102.0,0.9
202206051755,356.0,0.4
202206051800,356.0,0.4
202206051810,,0.0
202206051815,9.0,0.9
202206051825,352.0,0.9
202206051830,352.0,0.9
202206051835,8.0,0.9
202206051840,356.0,0.9
202206051845,18.0,0.9
202206051850,336.0,0.9
202206051855,325.0,0.9
202206051900,353.0,0.9
202206051910,348.0,0.4
202206051915,,0.0
202206051920,,0.0
202206051925,111.0,0.4
202206051930,13.0,0.4
202206051935,,0.0
202206051940,,0.0
202206051945,,0.0
202206051950,,0.0
202206051955,122.0,0.9
202206052000,55.0,0.9
202206052010,,0.0
202206052015,348.0,0.4
202206052020,54.0,0.4
202206052025,,0.0
202206052030,,0.0
202206052035,336.0,0.9
202206052040,1.0,0.9
202206052045,20.0,0.9
202206052050,342.0,0.9
202206052055,260.0,0.9
202206052100,277.0,0.9
202206052110,,0.0
202206052115,324.0,0.4
202206052120,39.0,0.4
202206052125,347.0,0.4
202206052130,349.0,0.4
202206052135,344.0,0.4
202206052140,325.0,0.4
202206052145,327.0,0.9
202206052150,28.0,0.9
202206052155,3.0,0.9
202206052200,345.0,0.9
202206052210,359.0,0.9
202206052215,358.0,0.9
202206052220,314.0,0.9
202206052225,332.0,0.9
202206052230,341.0,0.9
202206052235,359.0,0.9
202206052240,323.0,0.9
202206052245,1.0,0.9
202206052250,345.0,0.9
202206052255,357.0,0.9
202206052310,358.0,0.9
202206052315,345.0,0.9
202206052320,8.0,0.9
202206052325,337.0,0.9
202206052330,353.0,0.9
202206052335,343.0,0.9
202206052340,339.0,0.9
202206052345,339.0,0.9
202206052350,335.0,0.9
202206060000,17.0,0.4
202206060015,,0.0
202206060025,,0.0
202206060030,,0.0
202206060035,,0.0
202206060040,,0.0
202206060045,,0.0
202206060050,,0.0
202206060055,,0.0
202206060100,,0.0
202206060110,,0.0
202206060115,,0.0
202206060125,,0.0
202206060130,,0.0
202206060135,,0.0
202206060140,,0.0
202206060145,,0.0
202206060150,,0.0
202206060210,,0.0
202206060215,,0.0
202206060220,,0.0
202206060225,,0.0
202206060235,,0.0
202206060240,,0.0
202206060245,,0.0
202206060255,,0.0
202206060300,,0.0
202206060310,,0.0
202206060315,,0.0
202206060320,,0.0
202206060325,,0.0
202206060330,,0.0
202206060335,,0.0
202206060340,,0.0
202206060345,,0.0
202206060350,,0.0
202206060355,,0.0
202206060400,,0.0
202206060410,,0.0
202206060415,,0.0
202206060420,,0.0
202206060425,,0.0
202206060430,,0.0
202206060435,,0.0
202206060445,,0.0
202206060450,,0.0
202206060455,,0.0
202206060500,,0.0
202206060510,,0.0
202206060515,,0.0
202206060525,,0.0
202206060530,,0.0
202206060535,,0.0
202206060545,,0.0
202206060550,,0.0
202206060555,,0.0
202206060600,,0.0
202206060610,,0.0
202206060615,,0.0
202206060620,,0.0
202206060625,,0.0
202206060630,,0.0
202206060640,,0.0
202206060645,,0.0
202206060650,,0.0
202206060655,,0.0
202206060700,,0.0
202206060710,,0.0
202206060715,,0.0
202206060720,,0.0
202206060725,,0.0
202206060730,,0.0
202206060735,,0.0
202206060740,,0.0
202206060745,,0.0
202206060750,,0.0
202206060755,,0.0
202206060800,,0.0
202206060810,,0.0
202206060815,,0.0
202206060820,,0.0
202206060825,,0.0
202206060830,,0.0
202206060835,,0.0
202206060840,,0.0
202206060845,,0.0
202206060850,,0.0
202206060855,,0.0
202206060900,,0.0
202206060910,,0.0
202206060915,,0.0
202206060920,,0.0
202206060925,,0.0
202206060930,,0.0
202206060935,,0.0
202206060940,,0.0
202206060945,,0.0
202206060950,,0.0
202206060955,,0.0
202206061000,,0.0
202206061010,,0.0
202206061015,,0.0
202206061025,,0.0
202206061030,,0.0
202206061035,,0.0
202206061040,,0.0
202206061045,,0.0
202206061050,,0.0
202206061055,,0.0
202206061100,,0.0
202206061110,,0.0
202206061115,,0.0
202206061120,,0.0
202206061125,,0.0
202206061130,,0.0
202206061135,,0.0
202206061140,,0.0
202206061145,,0.0
202206061150,,0.0
202206061155,,0.0
202206061200,,0.0
202206061210,,0.0
202206061215,,0.0
202206061220,,0.0
202206061225,,0.0
202206061230,,0.0
202206061235,,0.0
202206061240,,0.0
202206061245,,0.0
202206061250,,0.0
202206061255,,0.0
202206061300,,0.0
202206061310,,0.0
202206061315,,0.0
202206061320,,0.0
202206061325,,0.0
202206061330,,0.0
202206061335,,0.0
202206061340,,0.0
202206061345,,0.0
202206061350,,0.0
202206061355,,0.0
202206061400,,0.0
202206061410,,0.0
202206061415,,0.0
202206061420,,0.0
202206061425,,0.0
202206061430,,0.0
202206061435,94.0,0.4
202206061440,309.0,0.4
202206061445,137.0,0.4
202206061450,347.0,0.4
202206061455,,0.0
202206061500,,0.0
202206061510,354.0,0.4
202206061515,8.0,0.4
202206061520,56.0,0.4
202206061525,39.0,0.4
202206061535,358.0,0.4
202206061540,139.0,0.4
202206061545,134.0,0.9
202206061550,311.0,0.9
202206061600,321.0,0.9
202206061610,111.0,0.9
202206061615,341.0,0.4
202206061620,70.0,0.4
202206061625,97.0,0.4
202206061630,290.0,0.4
202206061635,,0.0
202206061640,,0.0
202206061645,,0.0
202206061650,,0.0
202206061655,,0.0
202206061700,,0.0
202206061710,,0.0
202206061715,107.0,0.9
202206061720,327.0,0.9
202206061725,145.0,0.4
202206061730,110.0,0.4
202206061735,293.0,0.9
202206061740,210.0,0.9
202206061745,325.0,0.9
202206061750,282.0,0.9
202206061755,130.0,0.4
202206061800,133.0,0.4
202206061810,124.0,0.9
202206061815,,0.0
202206061820,,0.0
202206061825,80.0,0.4
202206061830,111.0,0.4
202206061835,356.0,0.4
202206061840,181.0,0.4
202206061845,,0.0
202206061850,,0.0
202206061855,350.0,0.4
202206061900,356.0,0.4
202206061910,,0.0
202206061915,160.0,0.4
202206061920,91.0,0.4
202206061925,262.0,0.4
202206061930,323.0,0.4
202206061935,73.0,0.4
202206061940,68.0,0.4
202206061945,,0.0
202206061950,,0.0
202206061955,84.0,0.4
202206062000,257.0,0.4
202206062010,,0.0
202206062015,91.0,0.4
202206062020,53.0,0.4
202206062025,,0.0
202206062030,,0.0
202206062035,,0.0
202206062040,,0.0
202206062045,,0.0
202206062050,,0.0
202206062055,,0.0
202206062100,,0.0
202206062110,144.0,0.4
202206062115,,0.0
202206062120,,0.0
202206062130,122.0,0.4
202206062140,95.0,0.4
202206062145,,0.0
202206062150,,0.0
202206062155,178.0,0.9
202206062200,140.0,0.9
202206062210,57.0,0.9
202206062215,,0.0
202206062220,,0.0
202206062225,,0.0
202206062230,,0.0
202206062235,,0.0
202206062240,,0.0
202206062245,,0.0
202206062250,,0.0
202206062255,,0.0
202206062300,,0.0
202206062310,109.0,0.4
202206062315,,0.0
202206062320,,0.0
202206062325,,0.0
202206062330,,0.0
202206062335,94.0,0.4
202206062340,122.0,0.4
202206062345,,0.0
202206062350,,0.0
202206062355,135.0,0.4
202206070000,123.0,0.4
202206070010,103.0,0.4
202206070015,,0.0
202206070020,,0.0
202206070025,,0.0
202206070030,,0.0
202206070035,,0.0
202206070040,,0.0
202206070045,,0.0
202206070050,,0.0
202206070055,,0.0
202206070100,,0.0
202206070110,,0.0
202206070115,,0.0
202206070120,,0.0
202206070130,,0.0
202206070135,,0.0
202206070140,,0.0
202206070145,,0.0
202206070150,,0.0
202206070155,,0.0
202206070200,,0.0
202206070210,,0.0
202206070215,,0.0
202206070220,,0.0
202206070225,,0.0
202206070230,,0.0
202206070235,,0.0
202206070240,,0.0
202206070245,,0.0
202206070250,,0.0
202206070255,,0.0
202206070300,,0.0
202206070310,,0.0
202206070315,,0.0
202206070320,,0.0
202206070325,,0.0
202206070330,,0.0
202206070335,,0.0
202206070340,,0.0
202206070345,,0.0
202206070350,,0.0
202206070410,,0.0
202206070415,127.0,0.4
202206070420,113.0,0.4
202206070425,148.0,0.4
202206070430,111.0,0.4
202206070435,,0.0
202206070440,,0.0
202206070445,,0.0
202206070450,,0.0
202206070455,,0.0
202206070500,,0.0
202206070510,,0.0
202206070515,,0.0
202206070520,,0.0
202206070525,,0.0
202206070530,,0.0
202206070535,,0.0
202206070540,,0.0
202206070545,,0.0
202206070550,,0.0
202206070555,,0.0
202206070600,,0.0
202206070610,,0.0
202206070615,,0.0
202206070620,,0.0
202206070625,,0.0
202206070635,,0.0
202206070640,,0.0
202206070645,,0.0
202206070650,,0.0
202206070655,,0.0
202206070700,,0.0
202206070710,,0.0
202206070715,,0.0
202206070725,,0.0
202206070730,,0.0
202206070735,,0.0
202206070740,,0.0
202206070745,,0.0
202206070755,,0.0
202206070800,,0.0
202206070810,,0.0
202206070815,,0.0
202206070820,,0.0
202206070825,,0.0
202206070830,,0.0
202206070835,,0.0
202206070840,,0.0
202206070845,,0.0
202206070855,,0.0
202206070900,,0.0
202206070910,,0.0
202206070915,,0.0
202206070920,,0.0
202206070925,,0.0
202206070930,,0.0
202206070935,,0.0
202206070940,,0.0
202206070945,,0.0
202206070950,,0.0
202206070955,,0.0
202206071000,,0.0
202206071010,,0.0
202206071015,,0.0
202206071020,,0.0
202206071025,,0.0
202206071030,,0.0
202206071035,,0.0
202206071040,,0.0
202206071055,,0.0
202206071100,,0.0
202206071110,,0.0
202206071115,,0.0
202206071120,,0.0
202206071125,,0.0
202206071130,,0.0
202206071135,,0.0
202206071140,,0.0
202206071145,,0.0
202206071150,,0.0
202206071155,,0.0
202206071200,,0.0
202206071210,,0.0
202206071215,,0.0
202206071225,,0.0
202206071230,,0.0
202206071235,,0.0
202206071250,,0.0
202206071255,,0.0
202206071300,,0.0
202206071310,,0.0
202206071315,194.0,0.4
202206071320,202.0,0.4
202206071325,193.0,0.9
202206071330,191.0,0.9
202206071335,222.0,0.9
202206071340,297.0,0.9
202206071350,,0.0
202206071355,,0.0
202206071400,,0.0
202206071410,,0.0
202206071415,234.0,0.4
202206071420,196.0,0.4
202206071425,239.0,0.9
202206071430,201.0,0.9
202206071435,211.0,0.4
202206071440,276.0,0.4
202206071445,200.0,0.9
202206071450,101.0,0.9
202206071455,,0.0
202206071500,,0.0
202206071510,103.0,0.9
202206071515,135.0,0.9
202206071520,213.0,0.9
202206071525,169.0,0.9
202206071530,123.0,0.9
202206071535,258.0,0.9
202206071540,220.0,0.9
202206071545,91.0,0.4
202206071550,34.0,0.4
202206071555,313.0,0.4
202206071600,244.0,0.4
202206071610,,0.0
202206071615,185.0,0.9
202206071620,326.0,0.9
202206071625,302.0,0.4
202206071630,293.0,0.4
202206071635,221.0,0.4
202206071640,143.0,0.4
202206071645,201.0,0.9
202206071650,257.0,0.9
202206071655,,0.0
202206071700,,0.0
202206071710,,0.0
202206071715,,0.0
202206071720,,0.0
202206071725,,0.0
202206071730,,0.0
202206071735,,0.0
202206071740,,0.0
202206071745,234.0,0.9
202206071750,113.0,0.9
202206071755,214.0,0.9
202206071800,193.0,0.9
202206071810,316.0,0.9
202206071815,200.0,0.9
202206071820,235.0,0.9
202206071825,,0.0
202206071830,,0.0
202206071835,,0.0
202206071840,,0.0
202206071845,250.0,0.9
202206071850,309.0,0.9
202206071855,,0.0
202206071900,,0.0
202206071910,,0.0
202206071915,196.0,0.9
202206071920,9.0,0.9
202206071925,,0.0
202206071930,,0.0
202206071935,353.0,0.9
202206071940,351.0,0.9
202206071945,,0.0
202206071950,,0.0
202206071955,,0.0
202206072000,,0.0
202206072015,301.0,0.9
202206072020,270.0,0.9
202206072025,195.0,0.9
202206072030,286.0,0.9
202206072035,165.0,0.9
202206072040,153.0,0.9
202206072045,347.0,0.9
202206072050,174.0,0.9
202206072055,277.0,0.9
202206072100,65.0,0.9
202206072110,46.0,0.4
202206072115,280.0,0.9
202206072120,207.0,0.9
202206072125,346.0,0.9
202206072130,306.0,0.9
202206072135,330.0,0.9
202206072140,304.0,0.9
202206072145,297.0,0.4
202206072150,201.0,0.4
202206072155,310.0,0.4
202206072200,312.0,0.4
202206072210,,0.0
202206072215,,0.0
202206072220,,0.0
202206072225,,0.0
202206072230,,0.0
202206072235,,0.0
202206072245,,0.0
202206072250,,0.0
202206072255,,0.0
202206072300,,0.0
202206072310,,0.0
202206072315,,0.0
202206072320,,0.0
202206072325,,0.0
202206072330,,0.0
202206072335,,0.0
202206072340,,0.0
202206072345,,0.0
202206072350,,0.0
202206072355,,0.0
202206080000,,0.0
202206080010,,0.0
202206080015,,0.0
202206080020,,0.0
202206080025,,0.0
202206080030,,0.0
202206080035,,0.0
202206080040,,0.0
202206080045,,0.0
202206080050,,0.0
202206080055,,0.0
202206080100,,0.0
202206080110,,0.0
202206080115,,0.0
202206080120,,0.0
202206080125,,0.0
202206080130,,0.0
202206080135,,0.0
202206080140,,0.0
202206080145,,0.0
202206080150,,0.0
202206080155,,0.0
202206080200,,0.0
202206080210,,0.0
202206080215,,0.0
202206080220,,0.0
202206080225,,0.0
202206080230,,0.0
202206080235,,0.0
202206080240,,0.0
202206080245,,0.0
202206080250,,0.0
202206080255,,0.0
202206080300,,0.0
202206080310,,0.0
202206080315,,0.0
202206080320,,0.0
202206080325,,0.0
202206080330,,0.0
202206080335,,0.0
202206080340,,0.0
202206080345,,0.0
202206080350,,0.0
202206080355,,0.0
202206080400,,0.0
202206080410,,0.0
202206080420,,0.0
202206080425,,0.0
202206080430,,0.0
202206080435,,0.0
202206080440,,0.0
202206080445,,0.0
202206080450,,0.0
202206080455,,0.0
202206080500,,0.0
202206080510,,0.0
202206080515,,0.0
202206080520,,0.0
202206080525,,0.0
202206080530,,0.0
202206080535,,0.0
202206080540,,0.0
202206080545,,0.0
202206080550,,0.0
202206080555,,0.0
202206080600,,0.0
202206080610,,0.0
202206080615,,0.0
202206080620,,0.0
202206080625,,0.0
202206080630,,0.0
202206080635,,0.0
202206080640,,0.0
202206080645,,0.0
202206080650,,0.0
202206080655,,0.0
202206080700,,0.0
202206080710,,0.0
202206080715,,0.0
202206080720,,0.0
202206080725,,0.0
202206080730,,0.0
202206080735,,0.0
202206080740,,0.0
202206080745,,0.0
202206080750,,0.0
202206080755,,0.0
202206080800,,0.0
202206080810,,0.0
202206080815,,0.0
202206080820,,0.0
202206080825,,0.0
202206080830,,0.0
202206080835,,0.0
202206080840,,0.0
202206080845,,0.0
202206080850,,0.0
202206080855,,0.0
202206080900,,0.0
202206080910,,0.0
202206080915,,0.0
202206080920,,0.0
202206080925,,0.0
202206080930,,0.0
202206080935,,0.0
202206080940,,0.0
202206080945,,0.0
202206080950,,0.0
202206080955,,0.0
202206081000,,0.0
202206081010,,0.0
202206081015,,0.0
202206081020,,0.0
202206081025,,0.0
202206081030,,0.0
202206081035,,0.0
202206081040,,0.0
202206081045,,0.0
202206081050,,0.0
202206081055,,0.0
202206081100,,0.0
202206081110,,0.0
202206081115,,0.0
202206081120,,0.0
202206081125,,0.0
202206081130,,0.0
202206081135,,0.0
202206081140,,0.0
202206081145,,0.0
202206081150,,0.0
202206081155,,0.0
202206081200,,0.0
202206081210,211.0,0.9
202206081215,,0.0
202206081220,,0.0
202206081225,,0.0
202206081230,,0.0
202206081235,298.0,0.9
202206081240,322.0,0.9
202206081245,,0.0
202206081250,,0.0
202206081255,,0.0
202206081300,,0.0
202206081310,,0.0
202206081315,,0.0
202206081320,,0.0
202206081325,,0.0
202206081330,,0.0
202206081335,,0.0
202206081340,,0.0
202206081345,,0.0
202206081350,,0.0
202206081355,,0.0
202206081400,,0.0
202206081410,241.0,0.4
202206081415,270.0,0.9
202206081420,174.0,0.9
202206081425,297.0,0.4
202206081430,208.0,0.4
202206081435,256.0,0.9
202206081440,178.0,0.9
202206081445,210.0,0.9
202206081450,153.0,0.9
202206081455,229.0,0.9
202206081500,200.0,0.9
202206081510,232.0,1.3
202206081515,200.0,2.2
202206081520,48.0,2.2
202206081525,182.0,1.3
202206081530,173.0,1.3
202206081535,97.0,2.2
202206081540,2.0,2.2
202206081545,127.0,0.9
202206081550,13.0,0.9
202206081555,196.0,0.9
202206081600,227.0,0.9
202206081610,272.0,0.9
202206081615,196.0,0.9
202206081620,241.0,0.9
202206081625,203.0,0.9
202206081630,15.0,0.9
202206081645,226.0,0.9
202206081650,332.0,0.9
202206081655,163.0,1.3
202206081700,330.0,1.3
202206081710,186.0,2.2
202206081715,205.0,2.2
202206081720,307.0,2.2
202206081725,304.0,2.2
202206081730,341.0,2.2
202206081735,301.0,1.3
202206081745,350.0,0.9
202206081750,242.0,0.9
202206081755,323.0,0.4
202206081800,346.0,0.4
202206081810,345.0,0.9
202206081815,1.0,1.3
202206081825,335.0,0.9
202206081830,174.0,0.9
202206081835,306.0,1.3
202206081840,68.0,1.3
202206081845,195.0,1.3
202206081850,154.0,1.3
202206081855,223.0,2.2
202206081900,245.0,2.2
202206081910,326.0,2.7
202206081915,318.0,1.3
202206081920,341.0,1.3
202206081925,324.0,0.9
202206081930,331.0,0.9
202206081935,340.0,0.9
202206081940,6.0,0.9
202206081945,319.0,0.9
202206081950,0.0,0.9
202206081955,317.0,0.9
202206082000,243.0,0.9
202206082010,25.0,0.9
202206082020,190.0,0.9
202206082025,190.0,1.3
202206082035,195.0,2.2
202206082045,168.0,0.9
202206082050,5.0,0.9
202206082055,245.0,2.2
202206082100,190.0,2.2
202206082110,344.0,1.3
202206082115,308.0,2.2
202206082120,204.0,2.2
202206082125,194.0,2.2
202206082130,178.0,2.2
202206082135,171.0,0.9
202206082145,297.0,1.3
202206082150,217.0,1.3
202206082155,222.0,2.2
202206082200,186.0,2.2
202206082210,291.0,2.2
202206082215,275.0,0.9
202206082225,231.0,0.9
202206082230,352.0,0.9
202206082235,295.0,0.9
202206082240,186.0,0.9
202206082250,163.0,1.3
202206082255,203.0,1.3
202206082310,311.0,0.9
202206082315,315.0,2.2
202206082320,162.0,2.2
202206082325,191.0,1.3
202206082330,138.0,1.3
202206082335,213.0,1.3
202206082340,234.0,1.3
202206082345,196.0,2.2
202206082350,274.0,2.2
202206082355,206.0,2.2
202206090000,265.0,2.2
202206090020,234.0,0.9
202206090025,209.0,1.3
202206090030,159.0,1.3
202206090035,192.0,1.3
202206090040,215.0,1.3
202206090045,210.0,0.9
202206090050,184.0,0.9
202206090055,194.0,1.3
202206090100,203.0,1.3
202206090110,197.0,0.9
202206090115,204.0,0.9
202206090120,188.0,0.9
202206090125,189.0,0.9
202206090130,188.0,0.9
202206090135,210.0,0.9
202206090140,198.0,0.9
202206090145,223.0,0.9
202206090150,194.0,0.9
202206090155,233.0,0.9
202206090200,216.0,0.9
202206090210,188.0,0.9
202206090215,253.0,1.3
202206090220,215.0,1.3
202206090225,203.0,0.9
202206090230,226.0,0.9
202206090235,205.0,1.3
202206090240,245.0,1.3
202206090245,208.0,1.3
202206090250,200.0,1.3
202206090255,231.0,1.3
202206090300,212.0,1.3
202206090310,210.0,1.3
202206090315,207.0,0.9
202206090320,209.0,0.9
202206090325,193.0,0.9
202206090330,226.0,0.9
202206090335,202.0,1.3
202206090340,161.0,1.3
202206090345,209.0,0.9
202206090355,200.0,0.9
202206090400,211.0,0.9
202206090410,247.0,1.3
202206090415,198.0,0.9
202206090420,227.0,0.9
202206090425,235.0,1.3
202206090430,214.0,1.3
202206090435,219.0,1.3
202206090440,204.0,1.3
202206090445,208.0,0.9
202206090500,294.0,0.9
202206090510,191.0,0.9
202206090515,336.0,0.4
202206090520,326.0,0.4
202206090530,,0.0
202206090535,,0.0
202206090540,,0.0
202206090545,,0.0
202206090550,,0.0
202206090555,,0.0
202206090610,,0.0
202206090615,,0.0
202206090620,,0.0
202206090625,,0.0
202206090630,,0.0
202206090635,,0.0
202206090640,,0.0
202206090645,,0.0
202206090650,,0.0
202206090655,,0.0
202206090700,,0.0
202206090710,,0.0
202206090715,,0.0
202206090720,,0.0
202206090725,,0.0
202206090730,,0.0
202206090735,,0.0
202206090740,,0.0
202206090745,204.0,0.4
202206090750,208.0,0.4
202206090755,198.0,0.9
202206090800,229.0,0.9
202206090810,45.0,0.4
202206090815,,0.0
202206090820,,0.0
202206090825,300.0,0.4
202206090830,297.0,0.4
202206090835,,0.0
202206090840,,0.0
202206090845,,0.0
202206090850,,0.0
202206090855,,0.0
202206090900,,0.0
202206090910,,0.0
202206090915,,0.0
202206090920,,0.0
202206090925,,0.0
202206090930,,0.0
202206090935,,0.0
202206090940,,0.0
202206090945,,0.0
202206090950,,0.0
202206090955,183.0,0.4
202206091000,160.0,0.4
202206091010,,0.0
202206091015,,0.0
202206091020,,0.0
202206091025,199.0,0.9
202206091030,204.0,0.9
202206091035,208.0,0.9
202206091040,197.0,0.9
202206091045,244.0,0.4
202206091050,165.0,0.4
202206091055,,0.0
202206091100,,0.0
202206091110,,0.0
202206091115,,0.0
202206091120,,0.0
202206091125,,0.0
202206091130,,0.0
202206091135,,0.0
202206091140,,0.0
202206091145,,0.0
202206091150,,0.0
202206091155,,0.0
202206091200,,0.0
202206091210,,0.0
202206091215,,0.0
202206091220,,0.0
202206091225,108.0,0.4
202206091230,178.0,0.4
202206091235,223.0,0.9
202206091240,216.0,0.9
202206091245,84.0,0.4
202206091250,320.0,0.4
202206091255,214.0,0.4
202206091300,188.0,0.4
202206091310,270.0,0.9
202206091315,108.0,0.9
202206091320,264.0,0.9
202206091325,,0.0
202206091330,,0.0
202206091335,307.0,0.4
202206091340,282.0,0.4
202206091345,,0.0
202206091350,,0.0
202206091355,298.0,0.9
202206091400,85.0,0.9
202206091410,188.0,0.9
202206091415,350.0,0.9
202206091420,308.0,0.9
202206091425,,0.0
202206091430,,0.0
202206091440,,0.0
202206091445,,0.0
202206091450,,0.0
202206091455,,0.0
202206091510,32.0,1.3
202206091515,200.0,0.9
202206091520,290.0,0.9
202206091525,241.0,1.3
202206091530,281.0,1.3
202206091535,347.0,0.9
202206091540,327.0,0.9
202206091545,285.0,0.9
202206091550,155.0,0.9
202206091555,41.0,0.9
202206091600,159.0,0.9
202206091610,334.0,0.9
202206091615,334.0,0.9
202206091620,344.0,0.9
202206091625,318.0,2.2
202206091630,339.0,2.2
202206091635,289.0,1.3
202206091645,336.0,0.9
202206091650,18.0,0.9
202206091655,41.0,1.3
202206091700,337.0,1.3
202206091710,319.0,0.9
202206091715,250.0,2.2
202206091720,125.0,2.2
202206091725,194.0,1.3
202206091730,168.0,1.3
202206091740,132.0,1.3
202206091745,355.0,1.3
202206091750,316.0,1.3
202206091755,183.0,1.3
202206091800,37.0,1.3
202206091810,320.0,0.9
202206091815,335.0,0.9
202206091820,224.0,0.9
202206091825,181.0,0.9
202206091830,352.0,0.9
202206091835,348.0,0.9
202206091840,354.0,0.9
202206091845,342.0,1.3
202206091850,21.0,1.3
202206091855,343.0,0.9
202206091900,341.0,0.9
202206091910,304.0,0.9
202206091915,311.0,0.4
202206091920,0.0,0.4
202206091925,2.0,1.3
202206091930,349.0,1.3
202206091935,356.0,0.9
202206091945,3.0,0.9
202206091950,338.0,0.9
202206091955,346.0,0.9
202206092000,337.0,0.9
202206092010,346.0,2.2
202206092015,343.0,0.9
202206092020,335.0,0.9
202206092025,354.0,0.4
202206092030,339.0,0.4
202206092035,355.0,0.9
202206092040,349.0,0.9
202206092045,358.0,0.9
202206092050,318.0,0.9
202206092055,352.0,0.9
202206092110,315.0,0.9
202206092115,336.0,0.9
202206092120,341.0,0.9
202206092125,347.0,2.2
202206092130,340.0,2.2
202206092135,296.0,0.9
202206092140,354.0,0.9
202206092145,349.0,0.9
202206092150,347.0,0.9
202206092155,351.0,0.9
202206092200,356.0,0.9
202206092210,238.0,0.9
202206092215,343.0,0.9
202206092220,348.0,0.9
202206092230,347.0,0.4
202206092235,0.0,0.9
202206092240,350.0,0.9
202206092245,319.0,1.3
202206092250,3.0,1.3
202206092255,8.0,0.9
202206092300,258.0,0.9
202206092310,353.0,0.4
202206092315,340.0,0.9
202206092320,310.0,0.9
202206092325,331.0,0.9
202206092330,317.0,0.9
202206092335,321.0,0.9
202206092340,351.0,0.9
202206092345,24.0,0.4
202206092350,354.0,0.4
202206092355,,0.0
202206100000,,0.0
202206100010,,0.0
202206100015,,0.0
202206100020,,0.0
202206100025,,0.0
202206100030,,0.0
202206100035,,0.0
202206100040,,0.0
202206100045,,0.0
202206100050,,0.0
202206100100,,0.0
202206100110,,0.0
202206100115,5.0,0.4
202206100120,338.0,0.4
202206100125,,0.0
202206100130,,0.0
202206100135,,0.0
202206100140,,0.0
202206100145,,0.0
202206100150,,0.0
202206100155,,0.0
202206100200,,0.0
202206100210,,0.0
202206100215,,0.0
202206100220,,0.0
202206100225,,0.0
202206100230,,0.0
202206100235,,0.0
202206100240,,0.0
202206100245,,0.0
202206100250,,0.0
202206100255,,0.0
202206100300,,0.0
202206100310,,0.0
202206100315,,0.0
202206100320,,0.0
202206100325,,0.0
202206100330,,0.0
202206100335,,0.0
202206100340,,0.0
202206100345,,0.0
202206100350,,0.0
202206100355,,0.0
202206100400,,0.0
202206100410,,0.0
202206100415,,0.0
202206100420,,0.0
202206100425,,0.0
202206100430,,0.0
202206100435,,0.0
202206100440,,0.0
202206100445,,0.0
202206100450,,0.0
202206100455,,0.0
202206100500,,0.0
202206100510,,0.0
202206100515,,0.0
202206100520,,0.0
202206100525,,0.0
202206100530,,0.0
202206100535,,0.0
202206100540,,0.0
202206100545,,0.0
202206100550,,0.0
202206100555,,0.0
202206100600,,0.0
202206100610,,0.0
202206100615,,0.0
202206100620,,0.0
202206100625,,0.0
202206100630,,0.0
202206100635,,0.0
202206100640,,0.0
202206100645,,0.0
202206100650,,0.0
202206100655,,0.0
202206100700,,0.0
202206100710,,0.0
202206100715,,0.0
202206100720,,0.0
202206100725,,0.0
202206100730,,0.0
202206100735,,0.0
202206100750,,0.0
202206100755,,0.0
202206100800,,0.0
202206100810,,0.0
202206100815,,0.0
202206100820,,0.0
202206100825,,0.0
202206100830,,0.0
202206100835,,0.0
202206100840,,0.0
202206100845,,0.0
202206100850,,0.0
202206100855,,0.0
202206100900,,0.0
202206100910,,0.0
202206100915,,0.0
202206100920,,0.0
202206100930,,0.0
202206100935,,0.0
202206100940,,0.0
202206100945,,0.0
202206100955,,0.0
202206101000,,0.0
202206101010,,0.0
202206101015,,0.0
202206101020,,0.0
202206101025,,0.0
202206101030,,0.0
202206101035,,0.0
202206101040,,0.0
202206101045,,0.0
202206101050,,0.0
202206101055,,0.0
202206101100,,0.0
202206101110,,0.0
202206101120,,0.0
202206101125,,0.0
202206101130,,0.0
202206101135,,0.0
202206101140,,0.0
202206101145,,0.0
202206101150,,0.0
202206101155,,0.0
202206101200,,0.0
202206101210,,0.0
202206101220,,0.0
202206101225,,0.0
202206101230,,0.0
202206101240,334.0,0.4
202206101245,,0.0
202206101250,,0.0
202206101255,,0.0
202206101300,,0.0
202206101310,,0.0
202206101315,,0.0
202206101320,,0.0
202206101325,,0.0
202206101330,,0.0
202206101335,,0.0
202206101340,,0.0
202206101345,354.0,0.4
202206101350,7.0,0.4
202206101355,2.0,0.4
202206101400,352.0,0.4
202206101410,,0.0
202206101415,63.0,0.9
202206101420,67.0,0.9
202206101425,4.0,0.4
202206101430,342.0,0.4
202206101435,336.0,0.9
202206101440,359.0,0.9
202206101445,295.0,0.9
202206101450,312.0,0.9
202206101455,331.0,0.4
202206101500,351.0,0.4
202206101510,25.0,0.9
202206101515,,0.0
202206101520,,0.0
202206101525,177.0,0.4
202206101530,15.0,0.4
202206101535,327.0,0.9
202206101540,355.0,0.9
202206101545,353.0,0.9
202206101550,348.0,0.9
202206101600,86.0,0.9
202206101610,2.0,0.4
202206101615,351.0,0.9
202206101620,350.0,0.9
202206101625,358.0,0.9
202206101630,12.0,0.9
202206101635,20.0,0.9
202206101640,258.0,0.9
202206101645,355.0,0.4
202206101650,344.0,0.4
202206101700,305.0,0.9
202206101710,0.0,0.9
202206101715,352.0,0.9
202206101720,13.0,0.9
202206101725,297.0,0.9
202206101730,101.0,0.9
202206101735,327.0,0.4
202206101740,292.0,0.4
202206101745,106.0,0.4
202206101750,2.0,0.4
202206101755,4.0,0.4
202206101800,333.0,0.4
202206101810,336.0,0.9
202206101815,282.0,0.9
202206101820,214.0,0.9
202206101825,342.0,0.4
202206101830,354.0,0.4
202206101835,347.0,0.9
202206101840,50.0,0.9
202206101845,290.0,0.9
202206101850,344.0,0.9
202206101855,,0.0
202206101900,,0.0
202206101910,0.0,0.9
202206101915,8.0,0.9
202206101925,340.0,0.9
202206101930,344.0,0.9
202206101935,334.0,0.9
202206101940,349.0,0.9
202206101945,142.0,0.9
202206101950,358.0,0.9
202206101955,37.0,0.4
202206102000,63.0,0.4
202206102010,323.0,0.4
202206102015,282.0,0.4
202206102020,324.0,0.4
202206102025,14.0,0.9
202206102030,348.0,0.9
202206102035,289.0,0.9
202206102040,325.0,0.9
202206102045,351.0,0.9
202206102050,348.0,0.9
202206102055,330.0,0.9
202206102100,358.0,0.9
202206102110,338.0,0.9
202206102115,0.0,0.9
202206102120,330.0,0.9
202206102125,19.0,0.9
202206102130,349.0,0.9
202206102135,319.0,0.9
202206102140,330.0,0.9
202206102145,339.0,0.9
202206102150,351.0,0.9
202206102155,359.0,1.3
202206102210,347.0,0.9
202206102215,8.0,0.9
202206102220,356.0,0.9
202206102225,0.0,0.9
202206102230,7.0,0.9
202206102235,6.0,1.3
202206102240,347.0,1.3
202206102245,354.0,0.9
202206102250,353.0,0.9
202206102255,354.0,0.9
202206102300,337.0,0.9
202206102310,350.0,0.9
202206102315,354.0,0.9
202206102320,339.0,0.9
202206102325,334.0,0.4
202206102330,328.0,0.4
202206102335,335.0,0.4
202206102340,317.0,0.4
202206102345,339.0,0.4
202206102350,22.0,0.4
202206102355,,0.0
202206110000,,0.0
202206110010,,0.0
202206110015,,0.0
202206110020,,0.0
202206110025,,0.0
202206110030,,0.0
202206110035,,0.0
202206110040,,0.0
202206110045,,0.0
202206110050,,0.0
202206110055,,0.0
202206110100,,0.0
202206110110,,0.0
202206110115,,0.0
202206110120,,0.0
202206110125,,0.0
202206110130,,0.0
202206110135,,0.0
202206110140,,0.0
202206110145,,0.0
202206110150,,0.0
202206110155,,0.0
202206110200,,0.0
202206110210,,0.0
202206110215,,0.0
202206110220,,0.0
202206110230,,0.0
202206110235,,0.0
202206110240,,0.0
202206110245,,0.0
202206110250,,0.0
202206110255,,0.0
202206110310,,0.0
202206110315,,0.0
202206110320,,0.0
202206110325,,0.0
202206110330,,0.0
202206110335,,0.0
202206110340,,0.0
202206110350,,0.0
202206110355,,0.0
202206110400,,0.0
202206110410,,0.0
202206110415,,0.0
202206110420,,0.0
202206110425,,0.0
202206110430,,0.0
202206110435,,0.0
202206110440,,0.0
202206110445,,0.0
202206110450,,0.0
202206110455,,0.0
202206110500,,0.0
202206110510,,0.0
202206110515,,0.0
202206110520,,0.0
202206110525,,0.0
202206110530,,0.0
202206110535,,0.0
202206110540,,0.0
202206110545,,0.0
202206110550,,0.0
202206110555,,0.0
202206110600,,0.0
202206110610,,0.0
202206110615,,0.0
202206110620,,0.0
202206110625,,0.0
202206110630,,0.0
202206110635,,0.0
202206110640,,0.0
202206110645,,0.0
202206110650,,0.0
202206110655,,0.0
202206110700,,0.0
202206110710,,0.0
202206110715,,0.0
202206110720,,0.0
202206110725,,0.0
202206110730,,0.0
202206110735,,0.0
202206110740,,0.0
202206110750,,0.0
202206110755,,0.0
202206110800,,0.0
202206110810,,0.0
202206110815,,0.0
202206110820,,0.0
202206110825,,0.0
202206110830,,0.0
202206110840,,0.0
202206110845,,0.0
202206110850,,0.0
202206110855,,0.0
202206110900,,0.0
202206110910,,0.0
202206110915,,0.0
202206110920,,0.0
202206110925,,0.0
202206110930,,0.0
202206110935,,0.0
202206110940,,0.0
202206110945,,0.0
202206110950,,0.0
202206110955,,0.0
202206111000,,0.0
202206111010,,0.0
202206111020,,0.0
202206111025,,0.0
202206111030,,0.0
202206111040,,0.0
202206111045,,0.0
202206111050,,0.0
202206111055,,0.0
202206111100,,0.0
202206111110,,0.0
202206111115,,0.0
202206111120,,0.0
202206111125,,0.0
202206111130,,0.0
202206111135,,0.0
202206111140,,0.0
202206111145,,0.0
202206111150,,0.0
202206111155,,0.0
202206111210,,0.0
202206111215,,0.0
202206111220,,0.0
202206111225,,0.0
202206111230,,0.0
202206111235,,0.0
202206111240,,0.0
202206111250,,0.0
202206111255,,0.0
202206111300,,0.0
202206111310,,0.0
202206111315,,0.0
202206111320,,0.0
202206111325,,0.0
202206111330,,0.0
202206111335,,0.0
202206111340,,0.0
202206111345,,0.0
202206111350,,0.0
202206111355,,0.0
202206111400,,0.0
202206111410,,0.0
202206111415,,0.0
202206111420,,0.0
202206111425,,0.0
202206111430,,0.0
202206111435,,0.0
202206111440,,0.0
202206111445,,0.0
202206111450,,0.0
202206111455,,0.0
202206111500,,0.0
202206111510,,0.0
202206111515,,0.0
202206111520,,0.0
202206111525,,0.0
202206111530,,0.0
202206111535,287.0,0.9
202206111540,128.0,0.9
202206111545,212.0,0.9
202206111555,242.0,0.9
202206111600,271.0,0.9
202206111610,29.0,0.9
202206111615,254.0,0.9
202206111620,348.0,0.9
202206111625,353.0,0.4
202206111630,317.0,0.4
202206111635,6.0,0.9
202206111640,358.0,0.9
202206111645,15.0,0.9
202206111650,2.0,0.9
202206111655,330.0,0.4
202206111700,6.0,0.4
202206111710,334.0,0.9
202206111720,348.0,0.9
202206111725,7.0,0.9
202206111730,3.0,0.9
202206111735,348.0,0.4
202206111740,327.0,0.4
202206111745,99.0,0.4
202206111750,292.0,0.4
202206111755,260.0,0.9
202206111800,97.0,0.9
202206111810,288.0,0.9
202206111815,87.0,0.9
202206111820,216.0,0.9
202206111825,,0.0
202206111830,,0.0
202206111835,116.0,0.4
202206111840,14.0,0.4
202206111845,314.0,0.9
202206111850,194.0,0.9
202206111855,184.0,0.9
202206111900,308.0,0.9
202206111910,341.0,0.9
202206111915,1.0,0.4
202206111920,352.0,0.4
202206111925,9.0,0.9
202206111930,244.0,0.9
202206111935,,0.0
202206111940,,0.0
202206111945,322.0,0.4
202206111950,329.0,0.4
202206111955,,0.0
202206112000,,0.0
202206112010,,0.0
202206112015,,0.0
202206112020,,0.0
202206112025,,0.0
202206112030,,0.0
202206112035,,0.0
202206112040,,0.0
202206112045,,0.0
202206112050,,0.0
202206112055,,0.0
202206112100,,0.0
202206112110,,0.0
202206112115,,0.0
202206112120,,0.0
202206112125,,0.0
202206112130,,0.0
202206112135,,0.0
202206112140,,0.0
202206112145,,0.0
202206112150,,0.0
202206112155,,0.0
202206112200,,0.0
202206112210,,0.0
202206112215,325.0,0.4
202206112220,328.0,0.4
202206112225,336.0,0.9
202206112230,324.0,0.9
202206112235,,0.0
202206112240,,0.0
202206112245,,0.0
202206112250,,0.0
202206112255,,0.0
202206112310,,0.0
202206112315,,0.0
202206112320,,0.0
202206112325,,0.0
202206112330,,0.0
202206112335,,0.0
202206112340,,0.0
202206112345,,0.0
202206112350,,0.0
202206112355,,0.0
202206120000,,0.0
202206120010,,0.0
202206120015,,0.0
202206120020,,0.0
202206120025,,0.0
202206120030,,0.0
202206120035,,0.0
202206120040,,0.0
202206120045,,0.0
202206120050,,0.0
202206120055,,0.0
202206120100,,0.0
202206120110,,0.0
202206120115,,0.0
202206120120,,0.0
202206120125,,0.0
202206120130,,0.0
202206120135,,0.0
202206120140,,0.0
202206120145,85.0,0.4
202206120150,132.0,0.4
202206120155,139.0,0.9
202206120200,145.0,0.9
202206120210,134.0,0.4
202206120215,,0.0
202206120220,,0.0
202206120225,100.0,0.4
202206120230,124.0,0.4
202206120235,,0.0
202206120240,,0.0
202206120245,,0.0
202206120250,,0.0
202206120300,163.0,0.4
202206120310,,0.0
202206120315,124.0,0.4
202206120320,140.0,0.4
202206120325,,0.0
202206120330,,0.0
202206120335,,0.0
202206120340,,0.0
202206120345,,0.0
202206120350,,0.0
202206120355,,0.0
202206120400,,0.0
202206120410,,0.0
202206120415,,0.0
202206120420,,0.0
202206120425,,0.0
202206120430,,0.0
202206120435,,0.0
202206120440,,0.0
202206120445,,0.0
202206120450,,0.0
202206120455,,0.0
202206120500,,0.0
202206120510,,0.0
202206120515,,0.0
202206120525,,0.0
202206120530,,0.0
202206120535,,0.0
202206120540,,0.0
202206120545,,0.0
202206120550,,0.0
202206120555,,0.0
202206120600,,0.0
202206120610,,0.0
202206120615,,0.0
202206120620,,0.0
202206120625,,0.0
202206120630,,0.0
202206120635,,0.0
202206120640,,0.0
202206120645,,0.0
202206120650,,0.0
202206120655,,0.0
202206120700,,0.0
202206120710,,0.0
202206120715,,0.0
202206120720,,0.0
202206120725,,0.0
202206120730,,0.0
202206120735,,0.0
202206120740,,0.0
202206120745,,0.0
202206120755,,0.0
202206120800,,0.0
202206120810,,0.0
202206120815,,0.0
202206120820,,0.0
202206120825,,0.0
202206120830,,0.0
202206120835,,0.0
202206120840,,0.0
202206120845,,0.0
202206120850,,0.0
202206120855,,0.0
202206120900,,0.0
202206120910,,0.0
202206120915,,0.0
202206120920,,0.0
202206120925,,0.0
202206120930,,0.0
202206120935,,0.0
202206120940,,0.0
202206120945,,0.0
202206120950,,0.0
202206120955,,0.0
202206121000,,0.0
202206121010,,0.0
202206121015,,0.0
202206121020,,0.0
202206121025,,0.0
202206121030,,0.0
202206121035,,0.0
202206121040,,0.0
202206121045,,0.0
202206121050,,0.0
202206121055,,0.0
202206121100,,0.0
202206121110,,0.0
202206121115,,0.0
202206121120,,0.0
202206121130,,0.0
202206121135,,0.0
202206121140,,0.0
202206121150,,0.0
202206121200,,0.0
202206121210,,0.0
202206121215,,0.0
202206121220,,0.0
202206121225,,0.0
202206121230,,0.0
202206121235,,0.0
202206121240,,0.0
202206121245,117.0,0.9
202206121250,187.0,0.9
202206121255,299.0,0.9
202206121300,232.0,0.9
202206121310,,0.0
202206121315,,0.0
202206121320,,0.0
202206121325,,0.0
202206121335,,0.0
202206121340,,0.0
202206121345,,0.0
202206121350,,0.0
202206121355,,0.0
202206121400,,0.0
202206121410,,0.0
202206121415,,0.0
202206121420,,0.0
202206121425,,0.0
202206121430,,0.0
202206121435,,0.0
202206121440,,0.0
202206121445,,0.0
202206121450,,0.0
202206121455,,0.0
202206121500,,0.0
202206121515,219.0,0.9
202206121520,239.0,0.9
202206121525,210.0,0.9
202206121530,234.0,0.9
202206121535,251.0,1.3
202206121540,169.0,1.3
202206121545,348.0,0.9
202206121550,4.0,0.9
202206121555,337.0,0.9
202206121600,338.0,0.9
202206121615,327.0,0.4
202206121620,196.0,0.4
202206121625,283.0,0.4
202206121630,354.0,0.4
202206121635,,0.0
202206121640,,0.0
202206121645,348.0,0.4
202206121650,184.0,0.4
202206121655,287.0,0.9
202206121700,334.0,0.9
202206121710,251.0,0.9
202206121715,141.0,0.9
202206121720,155.0,0.9
202206121725,172.0,0.4
202206121730,163.0,0.4
202206121735,196.0,0.9
202206121740,249.0,0.9
202206121745,312.0,0.9
202206121750,352.0,0.9
202206121755,349.0,0.9
202206121800,324.0,0.9
202206121810,195.0,0.4
202206121815,216.0,0.9
202206121825,339.0,0.9
202206121830,356.0,0.9
202206121835,,0.0
202206121840,,0.0
202206121845,,0.0
202206121850,,0.0
202206121855,,0.0
202206121900,,0.0
202206121910,,0.0
202206121915,,0.0
202206121920,,0.0
202206121925,,0.0
202206121930,,0.0
202206121940,,0.0
202206121945,,0.0
202206121950,,0.0
202206121955,,0.0
202206122000,,0.0
202206122010,,0.0
202206122015,315.0,0.9
202206122020,309.0,0.9
202206122025,,0.0
202206122030,,0.0
202206122035,,0.0
202206122040,,0.0
202206122045,303.0,0.4
202206122050,206.0,0.4
202206122055,284.0,0.9
202206122100,315.0,0.9
202206122110,,0.0
202206122115,,0.0
202206122120,,0.0
202206122125,,0.0
202206122130,,0.0
202206122135,222.0,0.4
202206122140,204.0,0.4
202206122145,215.0,0.9
202206122150,13.0,0.9
202206122155,301.0,0.9
202206122200,128.0,0.9
202206122210,193.0,0.9
202206122215,331.0,0.9
202206122220,268.0,0.9
202206122225,292.0,0.4
202206122230,125.0,0.4
202206122235,,0.0
202206122240,,0.0
202206122245,,0.0
202206122250,,0.0
202206122300,,0.0
202206122310,,0.0
202206122315,,0.0
202206122320,,0.0
202206122325,,0.0
202206122330,,0.0
202206122335,,0.0
202206122340,,0.0
202206122345,,0.0
202206122350,,0.0
202206122355,,0.0
202206130000,,0.0
202206130010,,0.0
202206130015,,0.0
202206130020,,0.0
202206130025,,0.0
202206130030,,0.0
202206130035,,0.0
202206130040,,0.0
202206130045,,0.0
202206130050,,0.0
202206130055,,0.0
202206130100,,0.0
202206130110,,0.0
202206130115,,0.0
202206130120,,0.0
202206130125,,0.0
202206130130,,0.0
202206130135,,0.0
202206130140,,0.0
202206130150,,0.0
202206130155,,0.0
202206130200,,0.0
202206130210,,0.0
202206130215,,0.0
202206130220,,0.0
202206130225,,0.0
202206130235,,0.0
202206130240,,0.0
202206130245,,0.0
202206130250,,0.0
202206130255,140.0,0.4
202206130300,198.0,0.4
202206130310,,0.0
202206130320,170.0,0.9
202206130325,153.0,0.4
202206130330,183.0,0.4
202206130335,,0.0
202206130340,,0.0
202206130345,,0.0
202206130350,,0.0
202206130355,,0.0
202206130400,,0.0
202206130410,200.0,0.4
202206130420,184.0,0.9
202206130425,180.0,0.4
202206130430,130.0,0.4
202206130435,,0.0
202206130440,,0.0
202206130445,,0.0
202206130450,,0.0
202206130455,131.0,0.4
202206130500,123.0,0.4
202206130510,,0.0
202206130515,155.0,0.9
202206130520,198.0,0.9
202206130525,,0.0
202206130530,,0.0
202206130535,,0.0
202206130540,,0.0
202206130545,156.0,0.4
202206130550,165.0,0.4
202206130555,135.0,0.4
202206130600,233.0,0.4
202206130610,196.0,0.4
202206130615,,0.0
202206130620,,0.0
202206130625,,0.0
202206130630,,0.0
202206130635,,0.0
202206130640,,0.0
202206130645,,0.0
202206130650,,0.0
202206130655,,0.0
202206130700,,0.0
202206130710,,0.0
202206130715,,0.0
202206130720,,0.0
202206130725,,0.0
202206130730,,0.0
202206130735,,0.0
202206130740,,0.0
202206130745,,0.0
202206130750,,0.0
202206130755,,0.0
202206130800,,0.0
202206130810,,0.0
202206130815,,0.0
202206130820,,0.0
202206130825,,0.0
202206130830,,0.0
202206130835,,0.0
202206130840,,0.0
202206130845,,0.0
202206130850,,0.0
202206130855,,0.0
202206130900,,0.0
202206130910,,0.0
202206130915,,0.0
202206130920,,0.0
202206130925,,0.0
202206130930,,0.0
202206130935,,0.0
202206130940,,0.0
202206130945,,0.0
202206130950,,0.0
202206130955,,0.0
202206131000,,0.0
202206131010,,0.0
202206131015,,0.0
202206131020,,0.0
202206131025,,0.0
202206131030,,0.0
202206131035,,0.0
202206131040,,0.0
202206131045,,0.0
202206131050,,0.0
202206131055,,0.0
202206131100,,0.0
202206131110,,0.0
202206131115,,0.0
202206131125,,0.0
202206131130,,0.0
202206131135,,0.0
202206131145,,0.0
202206131150,,0.0
202206131155,,0.0
202206131200,,0.0
202206131210,,0.0
202206131215,,0.0
202206131225,,0.0
202206131230,,0.0
202206131235,,0.0
202206131240,,0.0
202206131245,,0.0
202206131250,,0.0
202206131255,,0.0
202206131300,,0.0
202206131310,,0.0
202206131315,,0.0
202206131320,,0.0
202206131325,,0.0
202206131335,,0.0
202206131340,,0.0
202206131345,,0.0
202206131350,,0.0
202206131355,,0.0
202206131400,,0.0
202206131410,,0.0
202206131415,,0.0
202206131420,,0.0
202206131425,,0.0
202206131430,,0.0
202206131435,,0.0
202206131440,,0.0
202206131445,209.0,0.4
202206131450,231.0,0.4
202206131455,319.0,0.4
202206131500,187.0,0.4
202206131510,349.0,0.9
202206131515,,0.0
202206131520,,0.0
202206131525,334.0,0.9
202206131530,11.0,0.9
202206131535,153.0,0.4
202206131540,181.0,0.4
202206131545,278.0,0.9
202206131550,202.0,0.9
202206131555,124.0,0.9
202206131600,204.0,0.9
202206131615,76.0,0.9
202206131620,214.0,0.9
202206131625,344.0,0.9
202206131630,2.0,0.9
202206131635,1.0,0.9
202206131640,289.0,0.9
202206131645,350.0,0.9
202206131650,1.0,0.9
202206131655,298.0,0.4
202206131700,206.0,0.4
202206131710,,0.0
202206131715,192.0,0.4
202206131720,139.0,0.4
202206131725,339.0,1.3
202206131730,36.0,1.3
202206131735,189.0,0.9
202206131740,143.0,0.9
202206131750,122.0,1.3
202206131755,290.0,1.3
202206131800,304.0,1.3
202206131810,225.0,0.9
202206131815,326.0,1.3
202206131820,213.0,1.3
202206131825,293.0,0.9
202206131830,198.0,0.9
202206131835,176.0,0.9
202206131840,211.0,0.9
202206131845,275.0,2.2
202206131850,315.0,2.2
202206131855,215.0,0.9
202206131900,357.0,0.9
202206131910,207.0,1.3
202206131915,159.0,0.9
202206131920,341.0,0.9
202206131925,252.0,0.9
202206131930,281.0,0.9
202206131935,296.0,0.9
202206131940,201.0,0.9
202206131945,235.0,0.9
202206131950,174.0,0.9
202206131955,189.0,2.2
202206132000,307.0,2.2
202206132010,6.0,0.9
202206132015,260.0,0.9
202206132020,341.0,0.9
202206132025,248.0,0.9
202206132030,218.0,0.9
202206132035,306.0,0.4
202206132040,205.0,0.4
202206132045,340.0,0.9
202206132050,330.0,0.9
202206132055,2.0,0.9
202206132100,347.0,0.9
202206132110,336.0,0.9
202206132115,352.0,0.9
202206132120,61.0,0.9
202206132125,321.0,0.9
202206132130,295.0,0.9
202206132135,315.0,0.9
202206132140,225.0,0.9
202206132145,315.0,0.9
202206132150,347.0,0.9
202206132155,323.0,0.4
202206132200,305.0,0.4
202206132210,,0.0
202206132215,298.0,0.9
202206132220,7.0,0.9
202206132225,196.0,0.4
202206132235,39.0,0.9
202206132240,350.0,0.9
202206132245,,0.0
202206132250,,0.0
202206132255,329.0,0.9
202206132300,306.0,0.9
202206132315,,0.0
202206132320,,0.0
202206132325,,0.0
202206132330,,0.0
202206132335,,0.0
202206132340,,0.0
202206132345,,0.0
202206132350,,0.0
202206132355,,0.0
202206140000,,0.0
202206140010,,0.0
202206140015,,0.0
202206140020,,0.0
202206140030,,0.0
202206140035,,0.0
202206140040,,0.0
202206140045,,0.0
202206140050,,0.0
202206140055,,0.0
202206140100,,0.0
202206140110,,0.0
202206140115,,0.0
202206140120,,0.0
202206140125,,0.0
202206140130,,0.0
202206140135,,0.0
202206140140,,0.0
202206140145,,0.0
202206140150,,0.0
202206140155,,0.0
202206140200,,0.0
202206140210,,0.0
202206140215,,0.0
202206140220,,0.0
202206140225,,0.0
202206140230,,0.0
202206140235,,0.0
202206140240,,0.0
202206140250,,0.0
202206140255,,0.0
202206140310,,0.0
202206140320,,0.0
202206140325,,0.0
202206140330,,0.0
202206140335,,0.0
202206140340,,0.0
202206140345,,0.0
202206140350,,0.0
202206140355,,0.0
202206140400,,0.0
202206140410,,0.0
202206140415,,0.0
202206140420,,0.0
202206140425,,0.0
202206140430,,0.0
202206140435,,0.0
202206140440,,0.0
202206140445,,0.0
202206140450,,0.0
202206140455,,0.0
202206140500,,0.0
202206140510,,0.0
202206140515,,0.0
202206140520,,0.0
202206140525,,0.0
202206140530,,0.0
202206140535,,0.0
202206140540,,0.0
202206140545,,0.0
202206140550,,0.0
202206140555,,0.0
202206140600,,0.0
202206140610,,0.0
202206140620,,0.0
202206140625,,0.0
202206140630,,0.0
202206140635,,0.0
202206140640,,0.0
202206140645,,0.0
202206140650,,0.0
202206140655,,0.0
202206140700,,0.0
202206140710,,0.0
202206140715,,0.0
202206140720,,0.0
202206140725,,0.0
202206140730,,0.0
202206140735,,0.0
202206140740,,0.0
202206140745,,0.0
202206140750,,0.0
202206140755,,0.0
202206140800,,0.0
202206140810,,0.0
202206140815,,0.0
202206140820,,0.0
202206140825,,0.0
202206140830,,0.0
202206140835,,0.0
202206140840,,0.0
202206140845,,0.0
202206140850,,0.0
202206140855,,0.0
202206140900,,0.0
202206140910,,0.0
202206140915,,0.0
202206140920,,0.0
202206140930,,0.0
202206140935,,0.0
202206140940,,0.0
202206140945,,0.0
202206140950,,0.0
202206141000,,0.0
202206141010,,0.0
202206141015,,0.0
202206141020,,0.0
202206141025,,0.0
202206141030,,0.0
202206141035,,0.0
202206141040,,0.0
202206141045,,0.0
202206141050,,0.0
202206141055,,0.0
202206141100,,0.0
202206141110,186.0,0.9
202206141115,,0.0
202206141120,,0.0
202206141125,,0.0
202206141135,268.0,0.9
202206141140,157.0,0.9
202206141145,228.0,0.4
202206141150,265.0,0.4
202206141155,314.0,0.4
202206141200,350.0,0.4
202206141210,,0.0
202206141215,,0.0
202206141220,,0.0
202206141225,,0.0
202206141230,,0.0
202206141235,,0.0
202206141240,,0.0
202206141250,,0.0
202206141255,,0.0
202206141300,,0.0
202206141310,,0.0
202206141315,328.0,0.4
202206141320,333.0,0.4
202206141325,,0.0
202206141330,,0.0
202206141335,,0.0
202206141340,,0.0
202206141345,,0.0
202206141350,,0.0
202206141355,,0.0
202206141400,,0.0
202206141410,350.0,0.9
202206141415,337.0,0.4
202206141420,308.0,0.4
202206141425,,0.0
202206141430,,0.0
202206141435,314.0,0.4
202206141440,175.0,0.4
202206141445,191.0,0.9
202206141450,167.0,0.9
202206141455,339.0,1.3
202206141510,,0.0
202206141515,,0.0
202206141520,,0.0
202206141525,,0.0
202206141530,,0.0
202206141535,,0.0
202206141540,,0.0
202206141545,,0.0
202206141550,,0.0
202206141555,,0.0
202206141600,,0.0
202206141610,,0.0
202206141615,,0.0
202206141620,,0.0
202206141625,,0.0
202206141630,,0.0
202206141635,,0.0
202206141640,,0.0
202206141645,,0.0
202206141650,,0.0
202206141655,,0.0
202206141700,,0.0
202206141710,,0.0
202206141715,,0.0
202206141725,,0.0
202206141730,,0.0
202206141735,,0.0
202206141745,,0.0
202206141750,,0.0
202206141800,,0.0
202206141810,,0.0
202206141815,,0.0
202206141820,,0.0
202206141830,,0.0
202206141835,,0.0
202206141845,,0.0
202206141855,,0.0
202206141900,,0.0
202206141910,,0.0
202206141915,,0.0
202206141920,,0.0
202206141925,,0.0
202206141930,,0.0
202206141935,,0.0
202206141940,,0.0
202206141945,,0.0
202206141950,,0.0
202206141955,,0.0
202206142000,,0.0
202206142010,,0.0
202206142015,,0.0
202206142020,,0.0
202206142025,,0.0
202206142030,,0.0
202206142035,,0.0
202206142040,,0.0
202206142045,,0.0
202206142050,,0.0
202206142055,,0.0
202206142100,,0.0
202206142110,,0.0
202206142115,,0.0
202206142120,,0.0
202206142125,,0.0
202206142130,,0.0
202206142135,,0.0
202206142140,,0.0
202206142145,,0.0
202206142150,,0.0
202206142155,,0.0
202206142200,,0.0
202206142215,,0.0
202206142225,,0.0
202206142235,,0.0
202206142240,,0.0
202206142245,,0.0
202206142250,,0.0
202206142255,,0.0
202206142300,,0.0
202206142310,,0.0
202206142320,,0.0
202206142325,,0.0
202206142330,,0.0
202206142335,,0.0
202206142340,,0.0
202206142345,,0.0
202206142350,,0.0
202206142355,,0.0
202206150010,,0.0
202206150015,,0.0
202206150020,,0.0
202206150025,,0.0
202206150030,,0.0
202206150035,,0.0
202206150040,,0.0
202206150045,,0.0
202206150050,,0.0
202206150055,,0.0
202206150100,,0.0
202206150110,,0.0
202206150115,,0.0
202206150120,,0.0
202206150125,,0.0
202206150130,,0.0
202206150135,,0.0
202206150140,,0.0
202206150145,,0.0
202206150150,,0.0
202206150200,,0.0
202206150210,,0.0
202206150215,,0.0
202206150220,,0.0
202206150225,,0.0
202206150230,,0.0
202206150235,,0.0
202206150240,,0.0
202206150245,185.0,0.4
202206150250,207.0,0.4
202206150255,,0.0
202206150310,,0.0
202206150315,,0.0
202206150320,,0.0
202206150325,,0.0
202206150330,,0.0
202206150335,,0.0
202206150340,,0.0
202206150345,,0.0
202206150350,,0.0
202206150400,,0.0
202206151055,,0.0
202206151100,,0.0
202206151110,,0.0
202206151115,,0.0
202206151120,,0.0
202206151125,,0.0
202206151130,,0.0
202206151135,,0.0
202206151145,,0.0
202206151150,,0.0
202206151155,,0.0
202206151200,,0.0
202206151210,,0.0
202206151215,,0.0
202206151220,,0.0
202206151225,,0.0
202206151230,,0.0
202206151235,,0.0
202206151240,,0.0
202206151245,,0.0
202206151250,,0.0
202206151255,,0.0
202206151300,,0.0
202206151310,,0.0
202206151315,,0.0
202206151320,,0.0
202206151325,,0.0
202206151330,,0.0
202206151335,,0.0
202206151345,,0.0
202206151350,,0.0
202206151355,,0.0
202206151400,,0.0
202206151410,,0.0
202206151415,,0.0
202206151420,,0.0
202206151425,,0.0
202206151430,,0.0
202206151440,,0.0
202206151445,,0.0
202206151450,,0.0
202206151455,,0.0
202206151510,,0.0
202206151515,,0.0
202206151520,,0.0
202206151525,,0.0
202206151530,,0.0
202206151535,303.0,0.4
202206151540,293.0,0.4
202206151545,,0.0
202206151555,,0.0
202206151600,,0.0
202206151610,,0.0
202206151615,,0.0
202206151620,,0.0
202206151625,32.0,0.4
202206151630,30.0,0.4
202206151635,,0.0
202206151645,98.0,0.9
202206151650,306.0,0.9
202206151655,,0.0
202206151700,,0.0
202206151710,,0.0
202206151715,,0.0
202206151720,,0.0
202206151725,95.0,0.4
202206151730,93.0,0.4
202206151735,,0.0
202206151740,,0.0
202206151745,24.0,0.4
202206151750,78.0,0.4
202206151755,,0.0
202206151800,,0.0
202206151810,83.0,0.9
202206151815,121.0,0.4
202206151820,337.0,0.4
202206151825,80.0,0.4
202206151830,311.0,0.4
202206151835,,0.0
202206151840,,0.0
202206151845,346.0,0.4
202206151850,320.0,0.4
202206151855,,0.0
202206151900,,0.0
202206151910,103.0,0.9
202206151915,,0.0
202206151920,,0.0
202206151925,,0.0
202206151930,,0.0
202206151935,,0.0
202206151940,,0.0
202206151945,,0.0
202206151950,,0.0
202206151955,,0.0
202206152000,,0.0
202206152010,,0.0
202206152015,,0.0
202206152020,,0.0
202206152025,,0.0
202206152030,,0.0
202206152035,,0.0
202206152040,,0.0
202206152045,,0.0
202206152050,,0.0
202206152055,,0.0
202206152100,,0.0
202206152110,,0.0
202206152115,116.0,0.9
202206152120,20.0,0.9
202206152125,,0.0
202206152130,,0.0
202206152135,,0.0
202206152140,,0.0
202206152145,,0.0
202206152150,,0.0
202206152155,,0.0
202206152200,,0.0
202206152210,,0.0
202206152220,,0.0
202206152225,,0.0
202206152230,,0.0
202206152235,,0.0
202206152240,,0.0
202206152250,,0.0
202206152255,,0.0
202206152310,,0.0
202206152315,,0.0
202206152320,,0.0
202206152325,,0.0
202206152330,,0.0
202206152335,,0.0
202206152340,,0.0
202206152345,,0.0
202206152350,,0.0
202206152355,,0.0
202206160000,,0.0
202206160015,,0.0
202206160020,,0.0
202206160025,,0.0
202206160030,,0.0
202206160035,,0.0
202206160045,,0.0
202206160050,,0.0
202206160055,,0.0
202206160100,,0.0
202206160110,,0.0
202206160115,,0.0
202206160120,,0.0
202206160125,,0.0
202206160135,,0.0
202206160140,,0.0
202206160145,,0.0
202206160150,,0.0
202206160155,,0.0
202206160200,,0.0
202206160210,,0.0
202206160215,,0.0
202206160225,,0.0
202206160230,,0.0
202206160235,,0.0
202206160240,,0.0
202206160245,,0.0
202206160250,,0.0
202206160255,,0.0
202206160300,,0.0
202206160310,,0.0
202206160315,,0.0
202206160320,,0.0
202206160325,,0.0
202206160330,,0.0
202206160335,,0.0
202206160340,,0.0
202206160345,,0.0
202206160350,,0.0
202206160355,,0.0
202206160400,,0.0
202206160410,,0.0
202206160420,,0.0
202206160425,,0.0
202206160430,,0.0
202206160435,,0.0
202206160440,,0.0
202206160445,,0.0
202206160450,,0.0
202206160455,,0.0
202206160500,,0.0
202206160510,,0.0
202206160515,,0.0
202206160520,,0.0
202206160525,,0.0
202206160530,,0.0
202206160535,,0.0
202206160540,,0.0
202206160545,,0.0
202206160550,,0.0
202206160555,,0.0
202206160600,,0.0
202206160610,,0.0
202206160615,,0.0
202206160620,,0.0
202206160625,,0.0
202206160630,,0.0
202206160635,,0.0
202206160640,,0.0
202206160645,,0.0
202206160650,,0.0
202206160655,,0.0
202206160700,,0.0
202206160710,,0.0
202206160715,,0.0
202206160720,,0.0
202206160725,,0.0
202206160730,,0.0
202206160735,,0.0
202206160740,,0.0
202206160745,,0.0
202206160750,,0.0
202206160755,,0.0
202206160810,,0.0
202206160815,,0.0
202206160830,,0.0
202206160835,,0.0
202206160840,,0.0
202206160845,,0.0
202206160850,,0.0
202206160855,,0.0
202206160900,,0.0
202206160910,,0.0
202206160915,,0.0
202206160920,,0.0
202206160925,,0.0
202206160930,,0.0
202206160935,,0.0
202206160945,,0.0
202206160950,,0.0
202206160955,,0.0
202206161000,,0.0
202206161010,,0.0
202206161015,,0.0
202206161020,,0.0
202206161025,,0.0
202206161030,,0.0
202206161040,,0.0
202206161045,,0.0
202206161050,,0.0
202206161055,,0.0
202206161100,,0.0
202206161110,,0.0
202206161115,,0.0
202206161120,,0.0
202206161125,,0.0
202206161130,,0.0
202206161135,,0.0
202206161140,,0.0
202206161145,,0.0
202206161150,,0.0
202206161155,,0.0
202206161200,,0.0
202206161210,,0.0
202206161215,,0.0
202206161220,,0.0
202206161225,,0.0
202206161230,,0.0
202206161235,,0.0
202206161240,,0.0
202206161245,,0.0
202206161250,,0.0
202206161255,,0.0
202206161300,,0.0
202206161310,,0.0
202206161315,,0.0
202206161320,,0.0
202206161325,,0.0
202206161330,,0.0
202206161335,,0.0
202206161340,,0.0
202206161345,,0.0
202206161350,,0.0
202206161355,,0.0
202206161410,,0.0
202206161415,,0.0
202206161420,,0.0
202206161425,,0.0
202206161430,,0.0
202206161435,,0.0
202206161440,,0.0
202206161445,,0.0
202206161450,,0.0
202206161455,,0.0
202206161500,,0.0
202206161510,,0.0
202206161515,,0.0
202206161520,,0.0
202206161525,,0.0
202206161530,,0.0
202206161540,,0.0
202206161545,,0.0
202206161550,,0.0
202206161555,,0.0
202206161600,,0.0
202206161610,,0.0
202206161615,,0.0
202206161620,,0.0
202206161625,,0.0
202206161635,,0.0
202206161640,,0.0
202206161645,,0.0
202206161650,,0.0
202206161655,,0.0
202206161700,,0.0
202206161710,,0.0
202206161715,,0.0
202206161720,,0.0
202206161725,,0.0
202206161730,,0.0
202206161735,,0.0
202206161740,,0.0
202206161750,,0.0
202206161755,,0.0
202206161800,,0.0
202206161810,,0.0
202206161815,,0.0
202206161820,,0.0
202206161825,,0.0
202206161830,,0.0
202206161835,,0.0
202206161840,,0.0
202206161845,,0.0
202206161850,,0.0
202206161855,,0.0
202206161900,,0.0
202206161910,59.0,0.4
202206161915,347.0,0.9
202206161920,336.0,0.9
202206161925,336.0,0.9
202206161930,309.0,0.9
202206161935,,0.0
202206161940,,0.0
202206161945,94.0,0.4
202206161950,148.0,0.4
202206162000,115.0,0.9
202206162010,233.0,0.9
202206162015,206.0,0.9
202206162020,180.0,0.9
202206162025,107.0,0.4
202206162030,157.0,0.4
202206162035,,0.0
202206162040,,0.0
202206162045,,0.0
202206162050,,0.0
202206162055,192.0,0.9
202206162100,215.0,0.9
202206162110,100.0,0.9
202206162115,105.0,0.4
202206162120,102.0,0.4
202206162125,87.0,0.9
202206162130,136.0,0.9
202206162135,,0.0
202206162140,,0.0
202206162145,176.0,0.4
202206162150,176.0,0.4
202206162200,242.0,0.9
202206162210,106.0,0.4
202206162215,26.0,0.4
202206162220,345.0,0.4
202206162225,133.0,0.4
202206162230,108.0,0.4
202206162235,,0.0
202206162240,,0.0
202206162245,,0.0
202206162250,,0.0
202206162255,,0.0
202206162300,,0.0
202206162310,,0.0
202206162315,,0.0
202206162320,,0.0
202206162325,,0.0
202206162330,,0.0
202206162335,,0.0
202206162340,,0.0
202206162345,,0.0
202206162350,,0.0
202206162355,,0.0
202206170000,,0.0
202206170010,,0.0
202206170015,,0.0
202206170020,,0.0
202206170025,58.0,0.4
202206170030,96.0,0.4
202206170035,336.0,0.4
202206170040,42.0,0.4
202206170050,,0.0
202206170055,,0.0
202206170100,,0.0
202206170110,,0.0
202206170115,,0.0
202206170125,,0.0
202206170130,,0.0
202206170135,,0.0
202206170140,,0.0
202206170145,,0.0
202206170150,,0.0
202206170155,,0.0
202206170200,,0.0
202206170210,,0.0
202206170215,,0.0
202206170220,,0.0
202206170225,79.0,0.9
202206170230,93.0,0.9
202206170235,94.0,0.4
202206170240,62.0,0.4
202206170245,,0.0
202206170250,,0.0
202206170255,64.0,0.4
202206170300,104.0,0.4
202206170310,88.0,0.9
202206170315,133.0,0.4
202206170320,123.0,0.4
202206170325,81.0,0.4
202206170330,114.0,0.4
202206170335,118.0,0.4
202206170340,121.0,0.4
202206170345,134.0,0.9
202206170350,232.0,0.9
202206170355,77.0,0.4
202206170400,155.0,0.4
202206170410,,0.0
202206170415,,0.0
202206170420,,0.0
202206170425,92.0,0.4
202206170430,178.0,0.4
202206170435,,0.0
202206170440,,0.0
202206170445,,0.0
202206170450,,0.0
202206170455,,0.0
202206170500,,0.0
202206170510,,0.0
202206170515,,0.0
202206170520,,0.0
202206170525,,0.0
202206170530,,0.0
202206170535,,0.0
202206170540,,0.0
202206170550,,0.0
202206170555,230.0,0.4
202206170610,230.0,0.9
202206170620,205.0,0.9
202206170625,212.0,0.9
202206170630,197.0,0.9
202206170635,207.0,0.9
202206170640,195.0,0.9
202206170650,218.0,1.3
202206170655,213.0,0.9
202206170700,198.0,0.9
202206170710,194.0,1.3
202206170715,203.0,1.3
202206170720,210.0,1.3
202206170725,194.0,1.3
202206170730,204.0,1.3
202206170735,236.0,0.9
202206170740,198.0,0.9
202206170745,167.0,0.9
202206170750,194.0,0.9
202206170755,192.0,0.9
202206170800,179.0,0.9
202206170810,199.0,0.9
202206170820,213.0,0.9
202206170825,187.0,1.3
202206170830,209.0,1.3
202206170835,215.0,0.9
202206170840,201.0,0.9
202206170845,204.0,1.3
202206170850,208.0,1.3
202206170855,210.0,1.3
202206170900,193.0,1.3
202206170910,207.0,2.2
202206170915,158.0,1.3
202206170920,182.0,1.3
202206170925,206.0,0.9
202206170930,197.0,0.9
202206170935,217.0,0.9
202206170940,223.0,0.9
202206170945,208.0,0.4
202206170950,174.0,0.4
202206170955,187.0,0.4
202206171000,109.0,0.4
202206171010,,0.0
202206171015,,0.0
202206171020,,0.0
202206171025,,0.0
202206171030,,0.0
202206171035,,0.0
202206171040,,0.0
202206171045,,0.0
202206171050,,0.0
202206171055,,0.0
202206171100,,0.0
202206171110,326.0,0.4
202206171115,330.0,0.9
202206171120,345.0,0.9
202206171125,,0.0
202206171130,,0.0
202206171135,348.0,0.4
202206171140,321.0,0.4
202206171145,300.0,0.4
202206171150,276.0,0.4
202206171155,329.0,0.9
202206171200,337.0,0.9
202206171210,313.0,0.4
202206171215,23.0,0.4
202206171220,330.0,0.4
202206171225,303.0,0.4
202206171230,25.0,0.4
202206171240,342.0,0.9
202206171245,302.0,0.9
202206171250,312.0,0.9
202206171255,299.0,0.9
202206171300,153.0,0.9
202206171310,185.0,0.9
202206171315,190.0,1.3
202206171320,262.0,1.3
202206171325,337.0,0.9
202206171330,298.0,0.9
202206171335,334.0,0.9
202206171340,290.0,0.9
202206171345,280.0,0.9
202206171350,325.0,0.9
202206171355,219.0,0.9
202206171400,321.0,0.9
202206171410,325.0,0.9
202206171415,35.0,0.9
202206171420,32.0,0.9
202206171425,275.0,0.9
202206171430,6.0,0.9
202206171435,233.0,0.9
202206171440,212.0,0.9
202206171445,324.0,0.9
202206171450,349.0,0.9
202206171455,341.0,0.9
202206171500,290.0,0.9
202206171510,291.0,1.3
202206171520,255.0,0.9
202206171525,316.0,0.9
202206171530,349.0,0.9
202206171540,345.0,0.9
202206171545,312.0,1.3
202206171550,356.0,1.3
202206171555,340.0,1.3
202206171600,10.0,1.3
202206171610,307.0,1.3
202206171615,5.0,0.9
202206171620,351.0,0.9
202206171625,339.0,1.3
202206171630,4.0,1.3
202206171635,339.0,0.9
202206171640,327.0,0.9
202206171645,314.0,0.9
202206171650,187.0,0.9
202206171655,266.0,0.9
202206171700,19.0,0.9
202206171710,352.0,0.9
202206171715,246.0,0.9
202206171720,332.0,0.9
202206171725,342.0,0.9
202206171730,132.0,0.9
202206171735,43.0,0.9
202206171740,346.0,0.9
202206171745,357.0,0.9
202206171750,330.0,0.9
202206171755,342.0,0.9
202206171800,342.0,0.9
202206171810,331.0,1.3
202206171815,358.0,0.9
202206171820,286.0,0.9
202206171825,180.0,0.9
202206171830,331.0,0.9
202206171835,354.0,0.9
202206171840,3.0,0.9
202206171845,351.0,0.9
202206171850,12.0,0.9
202206171855,234.0,0.9
202206171900,345.0,0.9
202206171910,337.0,0.9
202206171915,170.0,0.9
202206171920,221.0,0.9
202206171925,219.0,0.9
202206171930,189.0,0.9
202206171935,317.0,1.3
202206171940,340.0,1.3
202206171945,319.0,0.9
202206171950,33.0,0.9
202206171955,235.0,0.9
202206172000,207.0,0.9
202206172010,343.0,0.9
202206172015,342.0,0.9
202206172020,13.0,0.9
202206172025,320.0,0.9
202206172030,349.0,0.9
202206172040,343.0,0.9
202206172045,357.0,1.3
202206172050,339.0,1.3
202206172055,356.0,1.3
202206172100,347.0,1.3
202206172110,316.0,0.9
202206172115,348.0,0.9
202206172130,3.0,1.3
202206172135,351.0,2.2
202206172140,338.0,2.2
202206172145,350.0,0.9
202206172150,356.0,0.9
202206172155,349.0,1.3
202206172200,353.0,1.3
202206172210,356.0,1.3
202206172215,327.0,1.3
202206172220,350.0,1.3
202206172225,341.0,0.9
202206172230,345.0,0.9
202206172235,341.0,2.2
202206172240,3.0,2.2
202206172245,347.0,2.2
202206172255,340.0,1.3
202206172300,321.0,1.3
202206172310,329.0,1.3
202206172320,338.0,1.3
202206172325,0.0,1.3
202206172330,345.0,1.3
202206172335,346.0,1.3
202206172340,333.0,1.3
202206172345,338.0,0.9
202206172350,321.0,0.9
202206172355,336.0,0.9
202206180000,327.0,0.9
202206180010,,0.0
202206180015,266.0,0.4
202206180020,207.0,0.4
202206180025,173.0,0.9
202206180030,147.0,0.9
202206180035,147.0,0.4
202206180040,147.0,0.4
202206180045,,0.0
202206180050,,0.0
202206180055,,0.0
202206180100,,0.0
202206180115,,0.0
202206180120,,0.0
202206180125,,0.0
202206180130,,0.0
202206180135,,0.0
202206180140,,0.0
202206180145,,0.0
202206180150,,0.0
202206180155,,0.0
202206180200,,0.0
202206180210,,0.0
202206180215,192.0,0.4
202206180220,217.0,0.4
202206180225,,0.0
202206180235,,0.0
202206180240,,0.0
202206180245,,0.0
202206180250,,0.0
202206180255,,0.0
202206180300,,0.0
202206180310,,0.0
202206180315,,0.0
202206180320,,0.0
202206180325,,0.0
202206180330,,0.0
202206180335,,0.0
202206180340,,0.0
202206180345,,0.0
202206180350,,0.0
202206180355,,0.0
202206180400,,0.0
202206180410,,0.0
202206180415,,0.0
202206180420,,0.0
202206180425,,0.0
202206180430,,0.0
202206180435,,0.0
202206180440,,0.0
202206180445,140.0,0.4
202206180450,119.0,0.4
202206180455,,0.0
202206180500,,0.0
202206180510,,0.0
202206180515,202.0,0.9
202206180520,212.0,0.9
202206180525,245.0,0.9
202206180530,207.0,0.9
202206180535,196.0,0.9
202206180540,260.0,0.9
202206180545,,0.0
202206180550,,0.0
202206180555,197.0,0.4
202206180600,197.0,0.4
202206180610,,0.0
202206180615,,0.0
202206180620,,0.0
202206180625,,0.0
202206180630,,0.0
202206180635,,0.0
202206180640,,0.0
202206180645,,0.0
202206180650,,0.0
202206180655,,0.0
202206180700,,0.0
202206180710,,0.0
202206180715,,0.0
202206180720,,0.0
202206180725,,0.0
202206180735,,0.0
202206180740,,0.0
202206180745,,0.0
202206180750,,0.0
202206180755,,0.0
202206180800,,0.0
202206180810,,0.0
202206180815,190.0,0.4
202206180820,185.0,0.4
202206180825,162.0,0.4
202206180830,157.0,0.4
202206180835,179.0,0.4
202206180840,214.0,0.4
202206180845,,0.0
202206180850,,0.0
202206180855,,0.0
202206180900,,0.0
202206180910,,0.0
202206180915,,0.0
202206180920,,0.0
202206180925,,0.0
202206180930,,0.0
202206180935,,0.0
202206180940,,0.0
202206180945,,0.0
202206180950,,0.0
202206180955,,0.0
202206181000,,0.0
202206181010,,0.0
202206181015,,0.0
202206181020,,0.0
202206181025,,0.0
202206181030,,0.0
202206181035,,0.0
202206181040,,0.0
202206181050,,0.0
202206181055,,0.0
202206181100,,0.0
202206181110,,0.0
202206181115,,0.0
202206181120,,0.0
202206181125,,0.0
202206181130,,0.0
202206181135,,0.0
202206181140,,0.0
202206181145,,0.0
202206181150,,0.0
202206181155,,0.0
202206181200,,0.0
202206181210,,0.0
202206181215,,0.0
202206181220,,0.0
202206181225,,0.0
202206181230,,0.0
202206181235,,0.0
202206181240,,0.0
202206181245,,0.0
202206181250,,0.0
202206181255,,0.0
202206181300,,0.0
202206181310,315.0,0.4
202206181315,,0.0
202206181320,,0.0
202206181325,304.0,0.4
202206181330,107.0,0.4
202206181335,,0.0
202206181340,,0.0
202206181345,,0.0
202206181350,,0.0
202206181355,351.0,0.9
202206181400,281.0,0.9
202206181410,22.0,0.4
202206181415,321.0,0.4
202206181420,334.0,0.4
202206181425,353.0,0.9
202206181430,345.0,0.9
202206181435,336.0,0.9
202206181440,338.0,0.9
202206181445,331.0,0.9
202206181450,342.0,0.9
202206181455,2.0,0.9
202206181500,319.0,0.9
202206181510,321.0,0.9
202206181515,25.0,0.9
202206181520,350.0,0.9
202206181525,341.0,0.4
202206181530,358.0,0.4
202206181535,125.0,0.9
202206181540,354.0,0.9
202206181545,,0.0
202206181550,,0.0
202206181555,345.0,0.9
202206181600,290.0,0.9
202206181610,350.0,0.9
202206181615,0.0,0.9
202206181620,348.0,0.9
202206181625,13.0,0.9
202206181630,351.0,0.9
202206181635,341.0,0.4
202206181640,355.0,0.4
202206181645,,0.0
202206181650,,0.0
202206181655,43.0,0.9
202206181700,347.0,0.9
202206181710,336.0,0.9
202206181715,210.0,0.9
202206181720,353.0,0.9
202206181725,304.0,0.9
202206181730,338.0,0.9
202206181735,318.0,0.9
202206181740,281.0,0.9
202206181745,317.0,0.9
202206181750,229.0,0.9
202206181755,350.0,0.9
202206181800,353.0,0.9
202206181810,177.0,2.2
202206181815,321.0,0.9
202206181820,182.0,0.9
202206181825,300.0,1.3
202206181830,328.0,1.3
202206181835,333.0,0.9
202206181840,335.0,0.9
202206181845,185.0,0.9
202206181850,350.0,0.9
202206181855,339.0,0.9
202206181900,338.0,0.9
202206181910,351.0,0.9
202206181915,0.0,0.9
202206181920,328.0,0.9
202206181925,342.0,0.9
202206181930,350.0,0.9
202206181935,330.0,0.9
202206181940,350.0,0.9
202206181945,348.0,1.3
202206181950,341.0,1.3
202206181955,336.0,1.3
202206182000,344.0,1.3
202206182010,13.0,0.9
202206182015,331.0,2.2
202206182020,338.0,2.2
202206182025,10.0,1.3
202206182030,347.0,1.3
202206182035,348.0,2.2
202206182040,344.0,2.2
202206182045,358.0,1.3
202206182050,353.0,1.3
202206182055,355.0,1.3
202206182100,334.0,1.3
202206182110,332.0,1.3
202206182115,341.0,1.3
202206182120,347.0,1.3
202206182125,357.0,1.3
202206182130,347.0,1.3
202206182135,264.0,1.3
202206182140,344.0,1.3
202206182145,345.0,1.3
202206182150,344.0,1.3
202206182155,341.0,0.9
202206182200,354.0,0.9
202206182210,321.0,1.3
202206182215,355.0,1.3
202206182220,353.0,1.3
202206182225,330.0,0.9
202206182230,331.0,0.9
202206182235,352.0,1.3
202206182240,341.0,1.3
202206182245,343.0,2.2
202206182250,7.0,2.2
202206182255,343.0,2.2
202206182300,334.0,2.2
202206182310,345.0,0.9
202206182320,8.0,1.3
202206182325,356.0,0.9
202206182330,335.0,0.9
202206182335,355.0,0.4
202206182340,332.0,0.4
202206182345,,0.0
202206182350,,0.0
202206182355,348.0,0.9
202206190000,345.0,0.9
202206190010,3.0,0.9
202206190015,351.0,0.4
202206190020,354.0,0.4
202206190025,,0.0
202206190030,,0.0
202206190035,,0.0
202206190040,,0.0
202206190050,,0.0
202206190055,,0.0
202206190100,,0.0
202206190110,,0.0
202206190115,,0.0
202206190120,,0.0
202206190125,,0.0
202206190135,,0.0
202206190140,,0.0
202206190145,,0.0
202206190150,,0.0
202206190155,,0.0
202206190200,,0.0
202206190210,,0.0
202206190215,,0.0
202206190220,,0.0
202206190225,,0.0
202206190230,,0.0
202206190235,,0.0
202206190240,,0.0
202206190250,,0.0
202206190255,,0.0
202206190300,,0.0
202206190310,,0.0
202206190315,,0.0
202206190320,,0.0
202206190325,,0.0
202206190330,,0.0
202206190340,,0.0
202206190345,,0.0
202206190355,,0.0
202206190400,,0.0
202206190410,,0.0
202206190415,,0.0
202206190420,,0.0
202206190425,38.0,0.4
202206190430,342.0,0.4
202206190435,,0.0
202206190440,,0.0
202206190445,,0.0
202206190450,,0.0
202206190455,,0.0
202206190500,,0.0
202206190510,,0.0
202206190515,,0.0
202206190520,,0.0
202206190525,,0.0
202206190530,,0.0
202206190535,,0.0
202206190540,,0.0
202206190545,,0.0
202206190550,,0.0
202206190555,,0.0
202206190600,,0.0
202206190610,,0.0
202206190615,,0.0
202206190620,,0.0
202206190625,,0.0
202206190630,,0.0
202206190635,,0.0
202206190640,,0.0
202206190645,,0.0
202206190650,,0.0
202206190655,,0.0
202206190700,,0.0
202206190710,,0.0
202206190715,,0.0
202206190720,,0.0
202206190725,,0.0
202206190730,,0.0
202206190735,,0.0
202206190755,,0.0
202206190800,,0.0
202206190810,,0.0
202206190820,,0.0
202206190825,,0.0
202206190830,,0.0
202206190835,,0.0
202206190840,,0.0
202206190850,,0.0
202206190900,,0.0
202206190910,,0.0
202206190915,,0.0
202206190920,,0.0
202206190925,,0.0
202206190930,,0.0
202206190950,,0.0
202206190955,,0.0
202206191000,,0.0
202206191020,,0.0
202206191025,,0.0
202206191030,,0.0
202206191035,,0.0
202206191045,,0.0
202206191050,,0.0
202206191055,,0.0
202206191100,,0.0
202206191110,,0.0
202206191120,,0.0
202206191125,,0.0
202206191130,,0.0
202206191135,,0.0
202206191140,,0.0
202206191145,,0.0
202206191155,,0.0
202206191210,,0.0
202206191215,,0.0
202206191220,,0.0
202206191225,,0.0
202206191230,,0.0
202206191240,,0.0
202206191250,,0.0
202206191255,,0.0
202206191300,,0.0
202206191310,,0.0
202206191315,,0.0
202206191320,,0.0
202206191325,,0.0
202206191340,346.0,0.4
202206191345,324.0,0.9
202206191355,320.0,0.4
202206191400,351.0,0.4
202206191410,,0.0
202206191420,344.0,0.9
202206191425,346.0,0.9
202206191435,97.0,0.9
202206191445,7.0,0.4
202206191450,345.0,0.4
202206191455,4.0,0.9
202206191500,344.0,0.9
202206191510,40.0,0.9
202206191515,313.0,0.9
202206191520,349.0,0.9
202206191525,258.0,0.4
202206191535,315.0,0.4
202206191545,313.0,0.9
202206191555,290.0,0.9
202206191600,17.0,0.9
202206191610,126.0,0.9
202206191615,,0.0
202206191620,,0.0
202206191625,111.0,0.9
202206191630,109.0,0.9
202206191635,322.0,0.9
202206191640,87.0,0.9
202206191645,319.0,0.4
202206191650,76.0,0.4
202206191655,,0.0
202206191700,,0.0
202206191710,7.0,0.9
202206191715,,0.0
202206191720,,0.0
202206191725,,0.0
202206191730,,0.0
202206191735,14.0,0.4
202206191740,310.0,0.4
202206191745,11.0,0.9
202206191750,339.0,0.9
202206191755,332.0,0.9
202206191800,329.0,0.9
202206191810,101.0,0.9
202206191815,244.0,0.9
202206191820,243.0,0.9
202206191825,330.0,0.9
202206191830,309.0,0.9
202206191835,298.0,0.9
202206191840,17.0,0.9
202206191845,343.0,0.9
202206191850,10.0,0.9
202206191855,7.0,0.9
202206191900,352.0,0.9
202206191910,15.0,0.9
202206191915,330.0,0.9
202206191920,3.0,0.9
202206191925,332.0,0.9
202206191930,2.0,0.9
202206191935,217.0,0.9
202206191940,81.0,0.9
202206191945,329.0,0.4
202206191950,31.0,0.4
202206191955,,0.0
202206192000,,0.0
202206192010,0.0,0.9
202206192015,358.0,0.9
202206192020,2.0,0.9
202206192025,271.0,0.4
202206192030,328.0,0.4
202206192035,308.0,0.4
202206192040,346.0,0.4
202206192045,300.0,0.4
202206192050,78.0,0.4
202206192055,0.0,0.4
202206192100,119.0,0.4
202206192110,325.0,0.4
202206192115,309.0,0.9
202206192120,327.0,0.9
202206192125,4.0,0.9
202206192130,303.0,0.9
202206192135,309.0,0.4
202206192140,10.0,0.4
202206192145,289.0,0.4
202206192150,338.0,0.4
202206192155,347.0,0.9
202206192200,6.0,0.9
202206192210,335.0,0.9
202206192215,336.0,0.4
202206192220,170.0,0.4
202206192225,10.0,0.9
202206192230,7.0,0.9
202206192235,353.0,0.4
202206192240,341.0,0.4
202206192245,70.0,0.4
202206192250,24.0,0.4
202206192255,308.0,0.4
202206192300,7.0,0.4
202206192310,336.0,0.4
202206192315,335.0,0.4
202206192320,357.0,0.4
202206192325,,0.0
202206192330,,0.0
202206192335,,0.0
202206192340,,0.0
202206192350,,0.0
202206192355,,0.0
202206200000,,0.0
202206200010,,0.0
202206200015,,0.0
202206200020,,0.0
202206200025,,0.0
202206200030,,0.0
202206200035,,0.0
202206200040,,0.0
202206200045,,0.0
202206200050,,0.0
202206200055,,0.0
202206200100,,0.0
202206200110,,0.0
202206200115,,0.0
202206200120,,0.0
202206200125,,0.0
202206200130,,0.0
202206200135,,0.0
202206200140,,0.0
202206200145,,0.0
202206200150,,0.0
202206200155,,0.0
202206200200,,0.0
202206200210,,0.0
202206200220,,0.0
202206200225,,0.0
202206200230,,0.0
202206200235,,0.0
202206200240,,0.0
202206200245,,0.0
202206200250,,0.0
202206200255,,0.0
202206200300,,0.0
202206200315,,0.0
202206200320,,0.0
202206200325,,0.0
202206200330,,0.0
202206200335,,0.0
202206200340,,0.0
202206200345,,0.0
202206200350,,0.0
202206200355,,0.0
202206200400,,0.0
202206200415,,0.0
202206200420,,0.0
202206200425,,0.0
202206200430,,0.0
202206200435,,0.0
202206200440,,0.0
202206200445,,0.0
202206200450,,0.0
202206200455,,0.0
202206200500,,0.0
202206200510,,0.0
202206200515,,0.0
202206200520,,0.0
202206200525,,0.0
202206200530,,0.0
202206200535,,0.0
202206200540,,0.0
202206200545,,0.0
202206200550,,0.0
202206200555,,0.0
202206200600,,0.0
202206200610,,0.0
202206200615,,0.0
202206200620,,0.0
202206200625,,0.0
202206200630,,0.0
202206200635,,0.0
202206200640,,0.0
202206200645,,0.0
202206200650,,0.0
202206200655,,0.0
202206200700,,0.0
202206200710,,0.0
202206200715,,0.0
202206200720,,0.0
202206200725,,0.0
202206200730,,0.0
202206200735,,0.0
202206200740,,0.0
202206200745,,0.0
202206200750,,0.0
202206200755,,0.0
202206200800,,0.0
202206200810,,0.0
202206200815,,0.0
202206200820,,0.0
202206200825,,0.0
202206200830,,0.0
202206200835,,0.0
202206200840,,0.0
202206200845,,0.0
202206200850,,0.0
202206200855,,0.0
202206200910,,0.0
202206200915,,0.0
202206200920,,0.0
202206200925,,0.0
202206200930,,0.0
202206200935,,0.0
202206200940,,0.0
202206200945,,0.0
202206200950,,0.0
202206200955,,0.0
202206201000,,0.0
202206201010,,0.0
202206201015,,0.0
202206201020,,0.0
202206201025,,0.0
202206201030,,0.0
202206201035,,0.0
202206201040,,0.0
202206201045,,0.0
202206201050,,0.0
202206201055,,0.0
202206201100,,0.0
202206201110,,0.0
202206201115,,0.0
202206201125,,0.0
202206201130,,0.0
202206201135,,0.0
202206201140,,0.0
202206201145,,0.0
202206201150,,0.0
202206201155,,0.0
202206201200,,0.0
202206201210,,0.0
202206201215,,0.0
202206201220,,0.0
202206201225,,0.0
202206201230,,0.0
202206201235,,0.0
202206201240,,0.0
202206201250,,0.0
202206201255,,0.0
202206201300,,0.0
202206201310,,0.0
202206201315,,0.0
202206201320,,0.0
202206201325,,0.0
202206201330,,0.0
202206201335,,0.0
202206201340,,0.0
202206201345,,0.0
202206201350,,0.0
202206201355,,0.0
202206201410,,0.0
202206201415,,0.0
202206201420,,0.0
202206201425,,0.0
202206201430,,0.0
202206201435,,0.0
202206201440,,0.0
202206201445,308.0,0.9
202206201450,349.0,0.9
202206201455,217.0,0.4
202206201500,342.0,0.4
202206201510,338.0,0.4
202206201515,325.0,0.9
202206201520,14.0,0.9
202206201530,20.0,0.9
202206201535,346.0,0.4
202206201540,357.0,0.4
202206201545,,0.0
202206201550,,0.0
202206201555,,0.0
202206201600,,0.0
202206201610,,0.0
202206201615,348.0,0.9
202206201620,316.0,0.9
202206201625,314.0,0.4
202206201630,199.0,0.4
202206201635,130.0,0.9
202206201640,41.0,0.9
202206201645,347.0,0.9
202206201655,348.0,0.9
202206201700,333.0,0.9
202206201710,213.0,0.9
202206201715,66.0,0.4
202206201720,314.0,0.4
202206201725,294.0,0.4
202206201730,354.0,0.4
202206201735,327.0,0.9
202206201740,129.0,0.9
202206201745,,0.0
202206201750,,0.0
202206201755,,0.0
202206201800,,0.0
202206201810,52.0,0.4
202206201815,327.0,0.9
202206201820,20.0,0.9
202206201825,350.0,0.9
202206201830,335.0,0.9
202206201835,339.0,0.9
202206201840,341.0,0.9
202206201845,4.0,0.9
202206201850,350.0,0.9
202206201855,21.0,0.9
202206201900,307.0,0.9
202206201910,289.0,0.9
202206201915,120.0,0.9
202206201920,150.0,0.9
202206201925,168.0,0.4
202206201930,305.0,0.4
202206201935,261.0,0.4
202206201940,142.0,0.4
202206201950,25.0,0.4
202206201955,318.0,0.4
202206202000,308.0,0.4
202206202010,310.0,0.9
202206202015,344.0,0.9
202206202020,16.0,0.9
202206202025,37.0,0.9
202206202030,17.0,0.9
202206202035,105.0,0.9
202206202040,320.0,0.9
202206202045,260.0,0.9
202206202050,329.0,0.9
202206202055,354.0,0.9
202206202100,347.0,0.9
202206202110,339.0,0.9
202206202115,282.0,0.9
202206202120,5.0,0.9
202206202125,,0.0
202206202130,,0.0
202206202135,323.0,0.9
202206202140,358.0,0.9
202206202145,333.0,0.9
202206202150,331.0,0.9
202206202155,324.0,0.9
202206202200,318.0,0.9
202206202210,58.0,0.9
202206202215,329.0,0.9
202206202225,331.0,0.9
202206202230,325.0,0.9
202206202235,8.0,0.9
202206202240,354.0,0.9
202206202245,337.0,0.9
202206202250,34.0,0.9
202206202255,345.0,0.9
202206202300,346.0,0.9
202206202310,6.0,0.9
202206202315,,0.0
202206202320,,0.0
202206202325,,0.0
202206202330,,0.0
202206202335,,0.0
202206202340,,0.0
202206202345,318.0,0.4
202206202350,344.0,0.4
202206202355,,0.0
202206210000,,0.0
202206210010,,0.0
202206210015,,0.0
202206210020,,0.0
202206210025,,0.0
202206210030,,0.0
202206210035,,0.0
202206210040,,0.0
202206210045,,0.0
202206210050,,0.0
202206210055,,0.0
202206210100,,0.0
202206210110,,0.0
202206210115,,0.0
202206210120,,0.0
202206210125,,0.0
202206210130,,0.0
202206210135,,0.0
202206210140,,0.0
202206210145,223.0,0.4
202206210150,200.0,0.4
202206210155,197.0,0.4
202206210200,208.0,0.4
202206210210,,0.0
202206210215,,0.0
202206210220,,0.0
202206210225,,0.0
202206210230,,0.0
202206210235,,0.0
202206210240,,0.0
202206210245,,0.0
202206210250,,0.0
202206210255,,0.0
202206210300,,0.0
202206210310,,0.0
202206210315,,0.0
202206210320,,0.0
202206210325,,0.0
202206210335,,0.0
202206210340,,0.0
202206210345,,0.0
202206210350,,0.0
202206210355,,0.0
202206210400,,0.0
202206210410,,0.0
202206210415,,0.0
202206210420,,0.0
202206210425,,0.0
202206210430,,0.0
202206210435,,0.0
202206210440,,0.0
202206210445,119.0,0.9
202206210450,125.0,0.9
202206210455,,0.0
202206210500,,0.0
202206210510,,0.0
202206210515,,0.0
202206210520,,0.0
202206210525,,0.0
202206210530,,0.0
202206210535,,0.0
202206210540,,0.0
202206210545,,0.0
202206210550,,0.0
202206210555,,0.0
202206210600,,0.0
202206210610,,0.0
202206210615,,0.0
202206210620,,0.0
202206210625,,0.0
202206210630,,0.0
202206210635,,0.0
202206210640,,0.0
202206210645,,0.0
202206210650,,0.0
202206210655,,0.0
202206210700,,0.0
202206210710,,0.0
202206210715,,0.0
202206210720,,0.0
202206210725,,0.0
202206210730,,0.0
202206210735,,0.0
202206210740,,0.0
202206210745,,0.0
202206210750,,0.0
202206210755,,0.0
202206210800,,0.0
202206210810,,0.0
202206210815,,0.0
202206210820,,0.0
202206210825,,0.0
202206210830,,0.0
202206210835,,0.0
202206210840,,0.0
202206210845,,0.0
202206210850,,0.0
202206210855,,0.0
202206210900,,0.0
202206210910,,0.0
202206210915,,0.0
202206210920,,0.0
202206210925,,0.0
202206210930,,0.0
202206210935,,0.0
202206210940,,0.0
202206210945,218.0,0.4
202206210950,165.0,0.4
202206210955,,0.0
202206211000,,0.0
202206211010,211.0,0.4
202206211015,,0.0
202206211020,,0.0
202206211025,,0.0
202206211030,,0.0
202206211035,182.0,0.4
202206211040,197.0,0.4
202206211045,224.0,0.9
202206211050,191.0,0.9
202206211055,203.0,0.4
202206211100,208.0,0.4
202206211110,199.0,0.9
202206211120,,0.0
202206211125,,0.0
202206211130,,0.0
202206211135,,0.0
202206211145,,0.0
202206211150,,0.0
202206211155,,0.0
202206211200,,0.0
202206211210,,0.0
202206211215,,0.0
202206211220,,0.0
202206211225,,0.0
202206211230,,0.0
202206211235,,0.0
202206211240,,0.0
202206211245,,0.0
202206211250,,0.0
202206211300,,0.0
202206211310,,0.0
202206211315,,0.0
202206211320,,0.0
202206211325,131.0,0.9
202206211330,192.0,0.9
202206211335,204.0,0.9
202206211340,353.0,0.9
202206211345,333.0,0.4
202206211350,328.0,0.4
202206211355,330.0,0.9
202206211400,343.0,0.9
202206211410,357.0,0.9
202206211420,346.0,0.4
202206211425,355.0,0.9
202206211430,341.0,0.9
202206211435,275.0,0.9
202206211440,314.0,0.9
202206211445,319.0,0.4
202206211450,333.0,0.4
202206211455,,0.0
202206211500,,0.0
202206211510,,0.0
202206211515,209.0,0.4
202206211520,326.0,0.4
202206211525,281.0,0.9
202206211530,347.0,0.9
202206211545,342.0,0.9
202206211550,352.0,0.9
202206211555,351.0,0.9
202206211600,349.0,0.9
202206211610,349.0,0.9
202206211615,,0.0
202206211620,,0.0
202206211625,,0.0
202206211630,,0.0
202206211635,338.0,2.2
202206211640,357.0,2.2
202206211645,326.0,0.9
202206211650,357.0,0.9
202206211655,348.0,0.9
202206211700,343.0,0.9
202206211710,12.0,0.9
202206211715,1.0,0.9
202206211720,328.0,0.9
202206211730,329.0,2.2
202206211735,346.0,2.2
202206211740,340.0,2.2
202206211745,307.0,1.3
202206211750,327.0,1.3
202206211755,339.0,0.9
202206211800,178.0,0.9
202206211810,359.0,0.9
202206211815,332.0,0.9
202206211820,335.0,0.9
202206211825,329.0,1.3
202206211830,93.0,1.3
202206211835,309.0,0.9
202206211840,344.0,0.9
202206211845,342.0,0.9
202206211850,346.0,0.9
202206211855,355.0,0.9
202206211900,308.0,0.9
202206211910,326.0,0.9
202206211915,351.0,0.9
202206211920,345.0,0.9
202206211925,319.0,0.9
202206211930,0.0,0.9
202206211935,310.0,0.9
202206211940,72.0,0.9
202206211945,,0.0
202206211950,,0.0
202206211955,336.0,0.9
202206212000,352.0,0.9
202206212010,,0.0
202206212015,343.0,0.9
202206212020,323.0,0.9
202206212025,,0.0
202206212030,,0.0
202206212035,7.0,0.9
202206212040,321.0,0.9
202206212045,281.0,0.9
202206212050,322.0,0.9
202206212055,333.0,0.9
202206212100,340.0,0.9
202206212110,344.0,0.4
202206212115,321.0,0.4
202206212120,53.0,0.4
202206212125,,0.0
202206212130,,0.0
202206212135,,0.0
202206212140,,0.0
202206212145,338.0,0.9
202206212150,3.0,0.9
202206212155,338.0,0.4
202206212200,342.0,0.4
202206212210,351.0,0.4
202206212215,338.0,0.9
202206212220,356.0,0.9
202206212225,355.0,0.4
202206212230,354.0,0.4
202206212235,338.0,0.9
202206212240,43.0,0.9
202206212245,341.0,0.9
202206212250,19.0,0.9
202206212255,335.0,0.9
202206212300,327.0,0.9
202206212315,7.0,0.9
202206212320,356.0,0.9
202206212325,346.0,0.4
202206212330,329.0,0.4
202206212335,,0.0
202206212340,,0.0
202206212345,,0.0
202206212350,,0.0
202206220000,,0.0
202206220010,,0.0
202206220015,,0.0
202206220020,,0.0
202206220025,,0.0
202206220030,,0.0
202206220035,,0.0
202206220040,,0.0
202206220045,,0.0
202206220050,,0.0
202206220055,,0.0
202206220100,,0.0
202206220110,,0.0
202206220115,,0.0
202206220120,,0.0
202206220125,,0.0
202206220130,,0.0
202206220135,,0.0
202206220140,,0.0
202206220145,,0.0
202206220150,,0.0
202206220155,,0.0
202206220200,,0.0
202206220210,,0.0
202206220215,,0.0
202206220220,,0.0
202206220225,,0.0
202206220230,,0.0
202206220235,,0.0
202206220240,,0.0
202206220245,,0.0
202206220250,,0.0
202206220255,,0.0
202206220300,,0.0
202206220310,,0.0
202206220320,,0.0
202206220325,,0.0
202206220330,,0.0
202206220335,,0.0
202206220340,,0.0
202206220345,,0.0
202206220350,,0.0
202206220355,,0.0
202206220400,,0.0
202206220410,,0.0
202206220415,,0.0
202206220420,,0.0
202206220425,,0.0
202206220430,,0.0
202206220435,,0.0
202206220440,,0.0
202206220445,,0.0
202206220450,,0.0
202206220455,,0.0
202206220500,,0.0
202206220510,,0.0
202206220515,,0.0
202206220520,,0.0
202206220525,,0.0
202206220530,,0.0
202206220535,,0.0
202206220540,,0.0
202206220545,,0.0
202206220550,,0.0
202206220555,,0.0
202206220600,,0.0
202206220610,,0.0
202206220615,,0.0
202206220620,,0.0
202206220625,,0.0
202206220630,,0.0
202206220635,,0.0
202206220640,,0.0
202206220645,,0.0
202206220650,,0.0
202206220655,,0.0
202206220700,,0.0
202206220710,,0.0
202206220715,,0.0
202206220720,,0.0
202206220725,,0.0
202206220730,,0.0
202206220735,,0.0
202206220740,,0.0
202206220750,,0.0
202206220800,,0.0
202206220810,,0.0
202206220815,,0.0
202206220820,,0.0
202206220830,,0.0
202206220835,,0.0
202206220840,,0.0
202206220845,,0.0
202206220850,,0.0
202206220855,,0.0
202206220900,,0.0
202206220910,,0.0
202206220915,,0.0
202206220920,,0.0
202206220925,,0.0
202206220930,,0.0
202206220935,,0.0
202206220940,,0.0
202206220945,,0.0
202206220950,,0.0
202206220955,,0.0
202206221000,,0.0
202206221010,,0.0
202206221015,,0.0
202206221020,,0.0
202206221025,,0.0
202206221030,,0.0
202206221035,,0.0
202206221040,,0.0
202206221045,,0.0
202206221050,,0.0
202206221100,,0.0
202206221110,,0.0
202206221115,,0.0
202206221120,,0.0
202206221125,,0.0
202206221130,,0.0
202206221135,,0.0
202206221140,,0.0
202206221145,,0.0
202206221150,,0.0
202206221155,,0.0
202206221200,,0.0
202206221210,,0.0
202206221220,,0.0
202206221225,,0.0
202206221230,,0.0
202206221235,,0.0
202206221240,,0.0
202206221245,,0.0
202206221250,,0.0
202206221255,,0.0
202206221300,,0.0
202206221310,,0.0
202206221315,,0.0
202206221320,,0.0
202206221325,,0.0
202206221330,,0.0
202206221335,,0.0
202206221340,,0.0
202206221345,,0.0
202206221350,,0.0
202206221355,,0.0
202206221400,,0.0
202206221410,,0.0
202206221415,,0.0
202206221420,,0.0
202206221425,336.0,0.4
202206221430,208.0,0.4
202206221435,303.0,0.4
202206221440,345.0,0.4
202206221445,,0.0
202206221450,,0.0
202206221455,209.0,0.4
202206221500,274.0,0.4
202206221510,236.0,0.4
202206221515,164.0,0.9
202206221520,117.0,0.9
202206221525,232.0,0.9
202206221530,219.0,0.9
202206221535,319.0,0.4
202206221540,107.0,0.4
202206221545,,0.0
202206221550,,0.0
202206221555,,0.0
202206221600,,0.0
202206221615,,0.0
202206221620,,0.0
202206221625,,0.0
202206221630,,0.0
202206221635,,0.0
202206221640,,0.0
202206221645,,0.0
202206221650,,0.0
202206221655,,0.0
202206221700,,0.0
202206221710,,0.0
202206221715,331.0,0.9
202206221720,356.0,0.9
202206221725,168.0,0.4
202206221730,346.0,0.4
202206221735,309.0,0.4
202206221740,347.0,0.4
202206221745,302.0,0.9
202206221755,274.0,0.9
202206221800,191.0,0.9
202206221810,356.0,0.9
202206221815,102.0,0.9
202206221820,16.0,0.9
202206221825,250.0,0.9
202206221830,349.0,0.9
202206221835,335.0,0.9
202206221840,218.0,0.9
202206221845,270.0,0.9
202206221850,0.0,0.9
202206221855,112.0,0.9
202206221900,350.0,0.9
202206221910,0.0,0.9
202206221915,344.0,0.9
202206221920,293.0,0.9
202206221925,210.0,0.9
202206221935,185.0,2.2
202206221940,25.0,2.2
202206221950,14.0,0.9
202206221955,7.0,0.9
202206222000,332.0,0.9
202206222010,350.0,0.9
202206222015,349.0,0.9
202206222025,331.0,0.9
202206222030,3.0,0.9
202206222035,343.0,0.9
202206222040,332.0,0.9
202206222045,328.0,0.9
202206222050,4.0,0.9
202206222055,327.0,0.9
202206222100,4.0,0.9
202206222110,15.0,0.9
202206222115,356.0,0.9
202206222120,316.0,0.9
202206222125,356.0,0.9
202206222130,336.0,0.9
202206222135,22.0,0.9
202206222145,4.0,0.9
202206222150,223.0,0.9
202206222155,1.0,0.9
202206222200,337.0,0.9
202206222210,36.0,0.9
202206222225,348.0,0.9
202206222235,356.0,0.9
202206222240,334.0,0.9
202206222250,344.0,0.9
202206222255,,0.0
202206222300,,0.0
202206222310,336.0,0.9
202206222315,355.0,0.9
202206222320,327.0,0.9
202206222325,348.0,0.9
202206222330,357.0,0.9
202206222335,,0.0
202206222340,,0.0
202206222345,,0.0
202206222350,,0.0
202206222355,,0.0
202206230010,,0.0
202206230015,,0.0
202206230020,,0.0
202206230025,,0.0
202206230030,,0.0
202206230035,,0.0
202206230040,,0.0
202206230045,,0.0
202206230050,,0.0
202206230055,,0.0
202206230100,,0.0
202206230115,,0.0
202206230120,,0.0
202206230125,,0.0
202206230130,,0.0
202206230135,,0.0
202206230140,,0.0
202206230145,,0.0
202206230150,,0.0
202206230155,,0.0
202206230200,,0.0
202206230210,,0.0
202206230215,,0.0
202206230220,,0.0
202206230225,,0.0
202206230230,,0.0
202206230235,,0.0
202206230240,,0.0
202206230245,,0.0
202206230250,,0.0
202206230255,,0.0
202206230300,,0.0
202206230310,,0.0
202206230315,,0.0
202206230320,,0.0
202206230325,,0.0
202206230330,,0.0
202206230335,,0.0
202206230340,,0.0
202206230345,,0.0
202206230350,,0.0
202206230355,,0.0
202206230400,,0.0
202206230410,,0.0
202206230415,,0.0
202206230420,,0.0
202206230425,,0.0
202206230430,,0.0
202206230435,,0.0
202206230440,,0.0
202206230445,,0.0
202206230450,,0.0
202206230455,,0.0
202206230500,,0.0
202206230510,,0.0
202206230520,,0.0
202206230525,,0.0
202206230530,,0.0
202206230535,,0.0
202206230540,,0.0
202206230545,,0.0
202206230550,,0.0
202206230555,,0.0
202206230600,,0.0
202206230610,,0.0
202206230615,,0.0
202206230620,,0.0
202206230625,,0.0
202206230630,,0.0
202206230635,,0.0
202206230640,,0.0
202206230645,,0.0
202206230650,,0.0
202206230655,,0.0
202206230700,,0.0
202206230710,,0.0
202206230715,,0.0
202206230720,,0.0
202206230725,,0.0
202206230730,,0.0
202206230735,,0.0
202206230740,,0.0
202206230745,,0.0
202206230750,,0.0
202206230755,,0.0
202206230800,,0.0
202206230810,,0.0
202206230815,,0.0
202206230820,,0.0
202206230825,,0.0
202206230830,,0.0
202206230835,,0.0
202206230840,,0.0
202206230845,,0.0
202206230850,,0.0
202206230855,,0.0
202206230900,,0.0
202206230910,,0.0
202206230915,,0.0
202206230920,,0.0
202206230925,,0.0
202206230930,,0.0
202206230935,,0.0
202206230940,,0.0
202206230945,,0.0
202206230950,,0.0
202206231000,,0.0
202206231010,,0.0
202206231015,,0.0
202206231020,,0.0
202206231025,,0.0
202206231030,,0.0
202206231035,,0.0
202206231040,,0.0
202206231045,,0.0
202206231050,,0.0
202206231055,,0.0
202206231100,,0.0
202206231110,,0.0
202206231115,,0.0
202206231125,,0.0
202206231130,,0.0
202206231135,,0.0
202206231140,,0.0
202206231145,,0.0
202206231150,,0.0
202206231200,,0.0
202206231210,351.0,0.4
202206231215,,0.0
202206231220,,0.0
202206231225,328.0,0.9
202206231230,5.0,0.9
202206231235,351.0,0.9
202206231240,320.0,0.9
202206231245,325.0,0.9
202206231250,327.0,0.9
202206231255,328.0,0.9
202206231300,335.0,0.9
202206231310,296.0,0.9
202206231315,337.0,0.9
202206231320,339.0,0.9
202206231325,352.0,0.9
202206231330,329.0,0.9
202206231335,331.0,0.9
202206231340,323.0,0.9
202206231345,10.0,0.9
202206231350,356.0,0.9
202206231355,335.0,0.9
202206231400,341.0,0.9
202206231410,329.0,0.9
202206231415,333.0,0.9
202206231420,336.0,0.9
202206231425,334.0,0.9
202206231430,7.0,0.9
202206231435,,0.0
202206231440,,0.0
202206231445,325.0,0.9
202206231450,321.0,0.9
202206231455,16.0,0.9
202206231510,304.0,0.9
202206231515,353.0,0.9
202206231520,335.0,0.9
202206231525,2.0,0.4
202206231530,304.0,0.4
202206231535,,0.0
202206231540,,0.0
202206231545,345.0,0.4
202206231550,6.0,0.4
202206231555,337.0,0.4
202206231600,332.0,0.4
202206231610,21.0,0.4
202206231620,337.0,0.4
202206231625,284.0,0.9
202206231630,355.0,0.9
202206231635,338.0,0.9
202206231640,2.0,0.9
202206231650,348.0,0.9
202206231655,318.0,1.3
202206231700,352.0,1.3
202206231710,337.0,0.9
202206231715,6.0,0.9
202206231720,345.0,0.9
202206231725,335.0,1.3
202206231730,335.0,1.3
202206231735,355.0,1.3
202206231740,335.0,1.3
202206231745,331.0,0.9
202206231750,0.0,0.9
202206231755,356.0,0.9
202206231800,347.0,0.9
202206231810,304.0,0.9
202206231815,315.0,0.9
202206231825,0.0,0.9
202206231830,358.0,0.9
202206231835,307.0,0.9
202206231840,219.0,0.9
202206231845,7.0,0.9
202206231850,14.0,0.9
202206231855,,0.0
202206231900,,0.0
202206231910,335.0,0.9
202206231915,359.0,0.9
202206231920,346.0,0.9
202206231925,323.0,1.3
202206231930,266.0,1.3
202206231935,354.0,0.9
202206231940,275.0,0.9
202206231945,350.0,0.9
202206231955,333.0,0.9
202206232000,334.0,0.9
202206232010,6.0,0.9
202206232015,263.0,0.9
202206232020,3.0,0.9
202206232025,,0.0
202206232030,,0.0
202206232035,306.0,0.9
202206232040,24.0,0.9
202206232045,354.0,0.9
202206232050,8.0,0.9
202206232055,355.0,0.9
202206232100,2.0,0.9
202206232110,331.0,0.9
202206232115,346.0,0.9
202206232120,343.0,0.9
202206232125,331.0,0.9
202206232130,353.0,0.9
202206232135,349.0,1.3
202206232140,342.0,1.3
202206232145,342.0,0.9
202206232150,350.0,0.9
202206232155,358.0,1.3
202206232200,350.0,1.3
202206232210,336.0,0.9
202206232215,352.0,0.9
202206232220,345.0,0.9
202206232225,3.0,0.9
202206232230,342.0,0.9
202206232235,354.0,0.9
202206232240,338.0,0.9
202206232245,327.0,0.9
202206232250,346.0,0.9
202206232255,4.0,0.9
202206232310,330.0,0.4
202206232315,354.0,0.4
202206232320,331.0,0.4
202206232325,341.0,0.4
202206232330,3.0,0.4
202206232335,,0.0
202206232340,,0.0
202206232345,,0.0
202206232350,,0.0
202206232355,,0.0
202206240000,,0.0
202206240010,,0.0
202206240015,,0.0
202206240020,,0.0
202206240025,,0.0
202206240030,,0.0
202206240035,,0.0
202206240040,,0.0
202206240045,,0.0
202206240055,,0.0
202206240110,,0.0
202206240120,,0.0
202206240125,,0.0
202206240130,,0.0
202206240135,,0.0
202206240140,,0.0
202206240145,,0.0
202206240150,,0.0
202206240155,,0.0
202206240200,,0.0
202206240210,,0.0
202206240215,,0.0
202206240220,,0.0
202206240225,,0.0
202206240230,,0.0
202206240235,,0.0
202206240240,,0.0
202206240245,,0.0
202206240250,,0.0
202206240255,,0.0
202206240300,,0.0
202206240310,,0.0
202206240315,,0.0
202206240325,,0.0
202206240330,,0.0
202206240335,55.0,0.4
202206240340,28.0,0.4
202206240345,88.0,0.4
202206240350,56.0,0.4
202206240355,,0.0
202206240400,,0.0
202206240410,,0.0
202206240415,,0.0
202206240420,,0.0
202206240425,,0.0
202206240430,,0.0
202206240435,,0.0
202206240440,,0.0
202206240445,,0.0
202206240450,,0.0
202206240455,,0.0
202206240500,,0.0
202206240510,,0.0
202206240515,,0.0
202206240520,,0.0
202206240525,,0.0
202206240530,,0.0
202206240535,116.0,0.4
202206240540,67.0,0.4
202206240545,,0.0
202206240550,,0.0
202206240555,,0.0
202206240600,,0.0
202206240610,,0.0
202206240615,,0.0
202206240620,,0.0
202206240625,,0.0
202206240630,,0.0
202206240635,,0.0
202206240640,,0.0
202206240645,,0.0
202206240650,,0.0
202206240700,,0.0
202206240710,,0.0
202206240715,,0.0
202206240720,,0.0
202206240725,,0.0
202206240735,,0.0
202206240740,,0.0
202206240745,,0.0
202206240750,,0.0
202206240755,,0.0
202206240800,,0.0
202206240815,,0.0
202206240820,,0.0
202206240825,,0.0
202206240830,,0.0
202206240835,,0.0
202206240840,,0.0
202206240845,,0.0
202206240850,,0.0
202206240855,,0.0
202206240900,,0.0
202206240910,,0.0
202206240915,,0.0
202206240920,,0.0
202206240925,,0.0
202206240930,,0.0
202206240935,,0.0
202206240940,,0.0
202206240945,,0.0
202206240950,,0.0
202206240955,,0.0
202206241000,,0.0
202206241010,,0.0
202206241015,,0.0
202206241020,,0.0
202206241025,,0.0
202206241030,,0.0
202206241035,,0.0
202206241040,,0.0
202206241045,,0.0
202206241050,,0.0
202206241055,,0.0
202206241100,,0.0
202206241110,,0.0
202206241115,,0.0
202206241120,,0.0
202206241125,,0.0
202206241130,,0.0
202206241135,,0.0
202206241140,,0.0
202206241145,,0.0
202206241150,,0.0
202206241200,,0.0
202206241210,,0.0
202206241215,,0.0
202206241220,,0.0
202206241225,,0.0
202206241230,,0.0
202206241240,,0.0
202206241245,,0.0
202206241250,,0.0
202206241255,,0.0
202206241300,,0.0
202206241310,,0.0
202206241315,,0.0
202206241325,,0.0
202206241335,,0.0
202206241340,,0.0
202206241345,,0.0
202206241350,,0.0
202206241400,,0.0
202206241410,,0.0
202206241415,,0.0
202206241420,,0.0
202206241425,,0.0
202206241435,,0.0
202206241440,,0.0
202206241445,,0.0
202206241450,,0.0
202206241455,,0.0
202206241500,,0.0
202206241510,356.0,0.4
202206241515,,0.0
202206241520,,0.0
202206241525,,0.0
202206241530,,0.0
202206241535,115.0,0.4
202206241540,113.0,0.4
202206241545,125.0,0.4
202206241550,55.0,0.4
202206241555,,0.0
202206241600,,0.0
202206241610,,0.0
202206241615,73.0,0.9
202206241620,77.0,0.9
202206241625,112.0,0.4
202206241630,116.0,0.4
202206241635,87.0,0.9
202206241640,66.0,0.9
202206241645,40.0,0.9
202206241655,12.0,0.9
202206241700,34.0,0.9
202206241710,3.0,0.4
202206241715,,0.0
202206241720,,0.0
202206241725,348.0,0.9
202206241730,29.0,0.9
202206241735,49.0,0.9
202206241740,334.0,0.9
202206241745,45.0,0.9
202206241750,344.0,0.9
202206241755,129.0,0.4
202206241800,14.0,0.4
202206241810,,0.0
202206241815,87.0,0.9
202206241820,66.0,0.9
202206241825,,0.0
202206241830,,0.0
202206241835,95.0,0.4
202206241840,338.0,0.4
202206241845,,0.0
202206241850,,0.0
202206241855,,0.0
202206241900,,0.0
202206241915,114.0,0.4
202206241920,101.0,0.4
202206241925,,0.0
202206241930,,0.0
202206241935,93.0,0.4
202206241940,195.0,0.4
202206241945,18.0,0.9
202206241950,112.0,0.9
202206241955,,0.0
202206242000,,0.0
202206242010,27.0,0.4
202206242015,88.0,0.4
202206242020,86.0,0.4
202206242025,94.0,0.9
202206242030,101.0,0.9
202206242035,316.0,0.9
202206242040,161.0,0.9
202206242045,,0.0
202206242050,,0.0
202206242055,336.0,0.4
202206242100,43.0,0.4
202206242110,,0.0
202206242115,130.0,0.4
202206242120,134.0,0.4
202206242125,124.0,0.4
202206242130,358.0,0.4
202206242135,9.0,0.9
202206242140,307.0,0.9
202206242145,,0.0
202206242150,,0.0
202206242200,,0.0
202206242210,114.0,0.4
202206242215,,0.0
202206242220,,0.0
202206242225,,0.0
202206242230,,0.0
202206242235,,0.0
202206242240,,0.0
202206242245,,0.0
202206242250,,0.0
202206242255,,0.0
202206242300,,0.0
202206242310,,0.0
202206242315,,0.0
202206242320,,0.0
202206242325,,0.0
202206242335,,0.0
202206242340,,0.0
202206242345,,0.0
202206242350,,0.0
202206242355,,0.0
202206250000,,0.0
202206250010,,0.0
202206250015,,0.0
202206250020,,0.0
202206250025,,0.0
202206250030,,0.0
202206250035,,0.0
202206250040,,0.0
202206250045,,0.0
202206250050,,0.0
202206250055,,0.0
202206250100,,0.0
202206250110,,0.0
202206250115,,0.0
202206250120,,0.0
202206250125,,0.0
202206250130,,0.0
202206250135,,0.0
202206250140,,0.0
202206250145,,0.0
202206250150,,0.0
202206250155,,0.0
202206250200,,0.0
202206250210,,0.0
202206250215,,0.0
202206250220,,0.0
202206250225,,0.0
202206250230,,0.0
202206250235,,0.0
202206250240,,0.0
202206250245,,0.0
202206250250,,0.0
202206250255,,0.0
202206250300,,0.0
202206250310,,0.0
202206250315,,0.0
202206250320,,0.0
202206250325,,0.0
202206250335,160.0,0.4
202206250340,180.0,0.4
202206250350,,0.0
202206250355,,0.0
202206250400,,0.0
202206250410,,0.0
202206250415,,0.0
202206250420,,0.0
202206250425,,0.0
202206250430,,0.0
202206250435,100.0,0.4
202206250440,120.0,0.4
202206250445,,0.0
202206250450,,0.0
202206250455,129.0,0.4
202206250500,110.0,0.4
202206250510,133.0,0.4
202206250515,80.0,0.4
202206250520,101.0,0.4
202206250525,,0.0
202206250530,,0.0
202206250535,119.0,0.4
202206250540,63.0,0.4
202206250545,,0.0
202206250550,,0.0
202206250555,,0.0
202206250600,,0.0
202206250610,123.0,0.4
202206250615,,0.0
202206250620,,0.0
202206250625,,0.0
202206250630,,0.0
202206250640,,0.0
202206250645,,0.0
202206250650,,0.0
202206250655,,0.0
202206250700,,0.0
202206250710,,0.0
202206250715,,0.0
202206250720,,0.0
202206250725,,0.0
202206250730,,0.0
202206250735,,0.0
202206250740,,0.0
202206250750,,0.0
202206250755,,0.0
202206250810,,0.0
202206250815,,0.0
202206250820,,0.0
202206250825,,0.0
202206250830,,0.0
202206250835,,0.0
202206250840,,0.0
202206250845,,0.0
202206250850,,0.0
202206250855,,0.0
202206250900,,0.0
202206250910,,0.0
202206250915,,0.0
202206250920,,0.0
202206250925,,0.0
202206250930,,0.0
202206250935,,0.0
202206250940,,0.0
202206250945,,0.0
202206250950,,0.0
202206250955,,0.0
202206251010,,0.0
202206251015,,0.0
202206251020,,0.0
202206251025,,0.0
202206251030,,0.0
202206251035,,0.0
202206251040,,0.0
202206251050,,0.0
202206251055,,0.0
202206251100,,0.0
202206251110,,0.0
202206251115,,0.0
202206251120,,0.0
202206251125,,0.0
202206251130,,0.0
202206251135,,0.0
202206251140,,0.0
202206251145,,0.0
202206251150,,0.0
202206251155,,0.0
202206251200,,0.0
202206251210,,0.0
202206251220,,0.0
202206251225,,0.0
202206251230,,0.0
202206251235,,0.0
202206251240,,0.0
202206251245,,0.0
202206251250,,0.0
202206251255,,0.0
202206251300,,0.0
202206251310,,0.0
202206251315,,0.0
202206251325,,0.0
202206251330,,0.0
202206251335,,0.0
202206251340,,0.0
202206251350,,0.0
202206251400,,0.0
202206251410,,0.0
202206251415,,0.0
202206251420,,0.0
202206251425,,0.0
202206251430,,0.0
202206251435,,0.0
202206251440,,0.0
202206251445,,0.0
202206251450,,0.0
202206251455,,0.0
202206251500,,0.0
202206251510,136.0,0.4
202206251515,,0.0
202206251520,,0.0
202206251525,,0.0
202206251530,,0.0
202206251535,124.0,0.9
202206251540,105.0,0.9
202206251545,114.0,0.4
202206251550,51.0,0.4
202206251555,131.0,0.9
202206251600,122.0,0.9
202206251615,,0.0
202206251620,,0.0
202206251625,80.0,0.4
202206251635,78.0,0.9
202206251640,335.0,0.9
202206251645,35.0,0.9
202206251650,357.0,0.9
202206251655,195.0,0.9
202206251700,54.0,0.9
202206251710,294.0,0.9
202206251715,2.0,0.4
202206251720,130.0,0.4
202206251725,88.0,0.9
202206251730,305.0,0.9
202206251735,217.0,0.4
202206251740,148.0,0.4
202206251745,109.0,0.4
202206251750,96.0,0.4
202206251755,131.0,0.9
202206251800,25.0,0.9
202206251810,86.0,0.9
202206251815,285.0,0.4
202206251820,128.0,0.4
202206251825,,0.0
202206251830,,0.0
202206251835,324.0,0.9
202206251840,122.0,0.9
202206251845,192.0,0.9
202206251850,98.0,0.9
202206251855,115.0,0.4
202206251900,135.0,0.4
202206251910,306.0,0.9
202206251915,,0.0
202206251920,,0.0
202206251925,306.0,0.9
202206251930,133.0,0.9
202206251935,120.0,0.4
202206251940,101.0,0.4
202206251945,110.0,0.4
202206251950,81.0,0.4
202206251955,104.0,0.4
202206252000,95.0,0.4
202206252010,,0.0
202206252015,203.0,0.9
202206252020,95.0,0.9
202206252025,357.0,0.4
202206252030,328.0,0.4
202206252035,122.0,0.4
202206252040,66.0,0.4
202206252045,40.0,0.9
202206252050,103.0,0.9
202206252055,108.0,0.4
202206252100,154.0,0.4
202206252110,,0.0
202206252115,,0.0
202206252120,,0.0
202206252125,,0.0
202206252130,,0.0
202206252135,,0.0
202206252140,,0.0
202206252145,359.0,0.4
202206252150,347.0,0.4
202206252155,87.0,0.9
202206252200,112.0,0.9
202206252210,62.0,0.4
202206252215,,0.0
202206252220,,0.0
202206252225,122.0,0.4
202206252230,191.0,0.4
202206252235,,0.0
202206252240,,0.0
202206252245,107.0,0.4
202206252250,98.0,0.4
202206252255,,0.0
202206252300,,0.0
202206252310,,0.0
202206252315,,0.0
202206252320,,0.0
202206252325,78.0,0.4
202206252330,49.0,0.4
202206252335,107.0,0.4
202206252340,108.0,0.4
202206252345,,0.0
202206252350,,0.0
202206252355,,0.0
202206260000,,0.0
202206260010,,0.0
202206260015,,0.0
202206260020,,0.0
202206260025,,0.0
202206260030,,0.0
202206260035,,0.0
202206260045,,0.0
202206260050,,0.0
202206260055,,0.0
202206260100,,0.0
202206260110,,0.0
202206260115,,0.0
202206260120,,0.0
202206260125,,0.0
202206260130,,0.0
202206260135,,0.0
202206260140,,0.0
202206260145,,0.0
202206260150,,0.0
202206260155,,0.0
202206260200,,0.0
202206260210,,0.0
202206260215,,0.0
202206260220,,0.0
202206260230,,0.0
202206260235,,0.0
202206260240,,0.0
202206260245,,0.0
202206260250,,0.0
202206260255,,0.0
202206260300,,0.0
202206260310,,0.0
202206260315,,0.0
202206260320,,0.0
202206260325,97.0,0.4
202206260330,110.0,0.4
202206260335,,0.0
202206260340,,0.0
202206260345,,0.0
202206260350,,0.0
202206260355,,0.0
202206260400,,0.0
202206260410,,0.0
202206260415,96.0,0.4
202206260420,103.0,0.4
202206260425,,0.0
202206260430,,0.0
202206260435,,0.0
202206260440,,0.0
202206260445,,0.0
202206260450,,0.0
202206260455,,0.0
202206260500,,0.0
202206260515,,0.0
202206260520,,0.0
202206260525,,0.0
202206260535,,0.0
202206260540,,0.0
202206260545,,0.0
202206260550,,0.0
202206260555,,0.0
202206260600,,0.0
202206260610,,0.0
202206260620,,0.0
202206260625,76.0,0.4
202206260635,,0.0
202206260640,,0.0
202206260645,,0.0
202206260650,,0.0
202206260700,,0.0
202206260710,,0.0
202206260715,,0.0
202206260720,,0.0
202206260725,,0.0
202206260735,,0.0
202206260740,,0.0
202206260745,,0.0
202206260750,,0.0
202206260755,,0.0
202206260800,,0.0
202206260810,,0.0
202206260815,,0.0
202206260820,,0.0
202206260825,,0.0
202206260830,,0.0
202206260835,,0.0
202206260840,,0.0
202206260845,,0.0
202206260850,,0.0
202206260855,,0.0
202206260900,,0.0
202206260910,,0.0
202206260915,,0.0
202206260920,,0.0
202206260925,,0.0
202206260930,,0.0
202206260935,,0.0
202206260945,,0.0
202206260950,,0.0
202206260955,,0.0
202206261000,,0.0
202206261010,,0.0
202206261015,,0.0
202206261020,,0.0
202206261025,,0.0
202206261030,,0.0
202206261035,,0.0
202206261040,,0.0
202206261045,,0.0
202206261050,,0.0
202206261055,,0.0
202206261100,,0.0
202206261110,,0.0
202206261115,,0.0
202206261120,,0.0
202206261125,,0.0
202206261130,,0.0
202206261135,,0.0
202206261140,,0.0
202206261145,,0.0
202206261150,,0.0
202206261155,,0.0
202206261200,,0.0
202206261210,,0.0
202206261215,,0.0
202206261220,,0.0
202206261225,,0.0
202206261230,,0.0
202206261240,,0.0
202206261245,,0.0
202206261255,,0.0
202206261300,,0.0
202206261310,310.0,0.4
202206261315,222.0,0.4
202206261320,106.0,0.4
202206261325,,0.0
202206261330,,0.0
202206261335,314.0,0.9
202206261340,157.0,0.9
202206261345,,0.0
202206261350,,0.0
202206261355,193.0,0.9
202206261400,263.0,0.9
202206261410,292.0,0.9
202206261415,359.0,0.9
202206261420,178.0,0.9
202206261425,350.0,0.4
202206261430,195.0,0.4
202206261435,200.0,0.4
202206261445,325.0,0.9
202206261450,328.0,0.9
202206261455,320.0,0.4
202206261500,339.0,0.4
202206261510,311.0,0.4
202206261515,,0.0
202206261520,,0.0
202206261525,22.0,0.4
202206261530,238.0,0.4
202206261535,154.0,0.9
202206261540,112.0,0.9
202206261545,290.0,0.9
202206261550,302.0,0.9
202206261555,32.0,0.9
202206261600,30.0,0.9
202206261610,312.0,0.9
202206261615,289.0,0.4
202206261625,,0.0
202206261630,,0.0
202206261635,,0.0
202206261640,,0.0
202206261645,,0.0
202206261650,,0.0
202206261655,,0.0
202206261700,,0.0
202206261710,,0.0
202206261715,,0.0
202206261720,,0.0
202206261725,292.0,0.4
202206261730,0.0,0.4
202206261735,,0.0
202206261740,,0.0
202206261745,108.0,0.4
202206261750,347.0,0.4
202206261755,327.0,0.4
202206261800,150.0,0.4
202206261810,209.0,0.9
202206261815,123.0,0.4
202206261820,188.0,0.4
202206261825,,0.0
202206261830,,0.0
202206261835,290.0,0.9
202206261840,352.0,0.9
202206261845,24.0,0.9
202206261850,12.0,0.9
202206261855,,0.0
202206261900,,0.0
202206261910,55.0,0.9
202206261915,329.0,0.9
202206261920,321.0,0.9
202206261925,324.0,0.9
202206261930,349.0,0.9
202206261935,,0.0
202206261940,,0.0
202206261945,96.0,0.4
202206261950,272.0,0.4
202206261955,295.0,0.4
202206262000,45.0,0.4
202206262010,304.0,0.4
202206262020,318.0,0.4
202206262025,,0.0
202206262030,,0.0
202206262035,,0.0
202206262040,,0.0
202206262050,,0.0
202206262055,113.0,0.4
202206262100,318.0,0.4
202206262110,,0.0
202206262115,,0.0
202206262120,,0.0
202206262125,331.0,0.4
202206262130,322.0,0.4
202206262135,339.0,0.4
202206262140,187.0,0.4
202206262145,3.0,0.4
202206262150,123.0,0.4
202206262155,,0.0
202206262200,,0.0
202206262210,,0.0
202206262215,,0.0
202206262220,,0.0
202206262225,210.0,0.4
202206262230,193.0,0.4
202206262235,210.0,0.9
202206262240,74.0,0.9
202206262245,,0.0
202206262250,,0.0
202206262300,,0.0
202206262310,119.0,0.4
202206262315,114.0,0.4
202206262320,115.0,0.4
202206262325,69.0,0.4
202206262330,113.0,0.4
202206262335,,0.0
202206262340,,0.0
202206262345,,0.0
202206262350,,0.0
202206262355,,0.0
202206270000,,0.0
202206270010,,0.0
202206270015,,0.0
202206270020,,0.0
202206270030,,0.0
202206270035,,0.0
202206270040,,0.0
202206270045,,0.0
202206270050,,0.0
202206270055,,0.0
202206270100,,0.0
202206270110,,0.0
202206270115,,0.0
202206270120,,0.0
202206270125,,0.0
202206270130,,0.0
202206270135,,0.0
202206270140,,0.0
202206270145,,0.0
202206270150,,0.0
202206270155,,0.0
202206270200,,0.0
202206270210,,0.0
202206270215,,0.0
202206270220,,0.0
202206270225,106.0,0.4
202206270230,125.0,0.4
202206270235,,0.0
202206270240,,0.0
202206270245,110.0,0.4
202206270250,98.0,0.4
202206270255,117.0,0.4
202206270300,83.0,0.4
202206270310,174.0,0.4
202206270315,133.0,0.4
202206270320,128.0,0.4
202206270325,,0.0
202206270330,,0.0
202206270335,,0.0
202206270340,,0.0
202206270345,142.0,0.9
202206270350,105.0,0.9
202206270355,,0.0
202206270400,,0.0
202206270410,156.0,0.4
202206270415,,0.0
202206270420,,0.0
202206270425,,0.0
202206270430,,0.0
202206270435,,0.0
202206270440,,0.0
202206270450,,0.0
202206270455,,0.0
202206270500,,0.0
202206270510,,0.0
202206270515,,0.0
202206270520,,0.0
202206270525,,0.0
202206270530,,0.0
202206270535,,0.0
202206270540,,0.0
202206270545,,0.0
202206270550,,0.0
202206270555,,0.0
202206270600,,0.0
202206270610,,0.0
202206270620,,0.0
202206270625,,0.0
202206270630,,0.0
202206270640,,0.0
202206270645,,0.0
202206270650,,0.0
202206270655,,0.0
202206270700,,0.0
202206270710,,0.0
202206270715,,0.0
202206270720,,0.0
202206270725,,0.0
202206270730,,0.0
202206270735,,0.0
202206270745,,0.0
202206270750,,0.0
202206270755,,0.0
202206270800,,0.0
202206270810,,0.0
202206270815,,0.0
202206270820,,0.0
202206270825,,0.0
202206270830,,0.0
202206270835,,0.0
202206270840,,0.0
202206270850,,0.0
202206270855,,0.0
202206270900,,0.0
202206270910,,0.0
202206270915,,0.0
202206270920,,0.0
202206270925,,0.0
202206270935,,0.0
202206270940,,0.0
202206270945,,0.0
202206270950,,0.0
202206270955,,0.0
202206271000,,0.0
202206271010,,0.0
202206271015,,0.0
202206271020,,0.0
202206271025,,0.0
202206271030,,0.0
202206271035,,0.0
202206271040,,0.0
202206271045,,0.0
202206271050,,0.0
202206271055,,0.0
202206271100,,0.0
202206271115,,0.0
202206271120,,0.0
202206271125,,0.0
202206271130,,0.0
202206271135,,0.0
202206271140,,0.0
202206271145,,0.0
202206271150,,0.0
202206271155,,0.0
202206271200,,0.0
202206271210,,0.0
202206271215,215.0,0.9
202206271220,210.0,0.9
202206271225,,0.0
202206271235,211.0,0.4
202206271240,211.0,0.4
202206271245,183.0,0.4
202206271250,182.0,0.4
202206271255,236.0,0.9
202206271300,273.0,0.9
202206271310,192.0,0.4
202206271315,225.0,0.9
202206271325,215.0,0.9
202206271330,216.0,0.9
202206271335,185.0,0.9
202206271340,194.0,0.9
202206271345,189.0,0.9
202206271350,200.0,0.9
202206271355,202.0,0.9
202206271400,193.0,0.9
202206271410,182.0,0.9
202206271415,212.0,0.9
202206271420,208.0,0.9
202206271425,245.0,0.9
202206271430,221.0,0.9
202206271435,148.0,0.9
202206271440,147.0,0.9
202206271445,249.0,0.9
202206271450,242.0,0.9
202206271455,222.0,0.9
202206271500,302.0,0.9
202206271510,250.0,0.4
202206271515,,0.0
202206271520,,0.0
202206271525,,0.0
202206271530,,0.0
202206271535,186.0,0.9
202206271540,138.0,0.9
202206271545,305.0,0.9
202206271550,221.0,0.9
202206271555,247.0,0.9
202206271600,122.0,0.9
202206271610,133.0,0.4
202206271615,117.0,0.4
202206271620,73.0,0.4
202206271625,258.0,0.9
202206271630,344.0,0.9
202206271635,,0.0
202206271645,205.0,0.9
202206271650,213.0,0.9
202206271655,65.0,0.9
202206271700,193.0,0.9
202206271710,322.0,0.9
202206271715,182.0,0.9
202206271720,275.0,0.9
202206271725,204.0,0.9
202206271730,213.0,0.9
202206271735,240.0,0.9
202206271740,147.0,0.9
202206271745,267.0,0.9
202206271750,354.0,0.9
202206271810,323.0,0.9
202206271815,15.0,0.9
202206271820,331.0,0.9
202206271825,328.0,0.9
202206271830,188.0,0.9
202206271835,102.0,0.9
202206271840,337.0,0.9
202206271845,335.0,0.9
202206271850,1.0,0.9
202206271855,310.0,0.4
202206271900,199.0,0.4
202206271910,,0.0
202206271915,134.0,0.4
202206271925,,0.0
202206271930,,0.0
202206271935,,0.0
202206271940,,0.0
202206271945,,0.0
202206271950,,0.0
202206271955,,0.0
202206272000,,0.0
202206272010,,0.0
202206272015,,0.0
202206272020,,0.0
202206272025,,0.0
202206272030,,0.0
202206272045,116.0,0.4
202206272055,,0.0
202206272100,,0.0
202206272110,,0.0
202206272120,219.0,0.4
202206272125,273.0,0.9
202206272130,251.0,0.9
202206272135,,0.0
202206272140,,0.0
202206272145,230.0,0.4
202206272155,,0.0
202206272200,,0.0
202206272210,,0.0
202206272215,,0.0
202206272220,,0.0
202206272225,,0.0
202206272230,,0.0
202206272235,,0.0
202206272240,,0.0
202206272245,,0.0
202206272250,,0.0
202206272255,,0.0
202206272300,,0.0
202206272310,,0.0
202206272315,,0.0
202206272320,,0.0
202206272325,,0.0
202206272330,,0.0
202206272335,,0.0
202206272340,,0.0
202206272345,,0.0
202206272350,,0.0
202206272355,,0.0
202206280000,,0.0
202206280010,,0.0
202206280015,,0.0
202206280020,,0.0
202206280025,,0.0
202206280030,,0.0
202206280035,,0.0
202206280040,,0.0
202206280045,,0.0
202206280050,,0.0
202206280055,,0.0
202206280100,,0.0
202206280110,,0.0
202206280115,,0.0
202206280120,,0.0
202206280125,,0.0
202206280130,,0.0
202206280135,,0.0
202206280140,,0.0
202206280145,,0.0
202206280150,,0.0
202206280155,,0.0
202206280200,,0.0
202206280210,,0.0
202206280215,,0.0
202206280220,,0.0
202206280225,,0.0
202206280230,,0.0
202206280235,,0.0
202206280240,,0.0
202206280245,,0.0
202206280250,,0.0
202206280255,,0.0
202206280300,,0.0
202206280310,,0.0
202206280315,,0.0
202206280320,,0.0
202206280325,,0.0
202206280335,,0.0
202206280340,,0.0
202206280345,,0.0
202206280350,,0.0
202206280355,,0.0
202206280400,,0.0
202206280410,,0.0
202206280415,,0.0
202206280420,,0.0
202206280425,,0.0
202206280430,,0.0
202206280435,,0.0
202206280440,,0.0
202206280445,,0.0
202206280450,,0.0
202206280455,,0.0
202206280510,,0.0
202206280515,,0.0
202206280520,,0.0
202206280525,,0.0
202206280530,,0.0
202206280535,,0.0
202206280540,,0.0
202206280545,,0.0
202206280555,,0.0
202206280600,,0.0
202206280610,,0.0
202206280615,,0.0
202206280625,,0.0
202206280630,,0.0
202206280635,,0.0
202206280640,,0.0
202206280645,,0.0
202206280650,,0.0
202206280655,,0.0
202206280700,,0.0
202206280710,,0.0
202206280715,,0.0
202206280720,,0.0
202206280725,,0.0
202206280730,,0.0
202206280735,,0.0
202206280740,,0.0
202206280745,,0.0
202206280750,,0.0
202206280755,,0.0
202206280800,,0.0
202206280810,,0.0
202206280815,,0.0
202206280820,,0.0
202206280825,,0.0
202206280830,,0.0
202206280835,,0.0
202206280840,,0.0
202206280850,,0.0
202206280855,,0.0
202206280900,,0.0
202206280910,,0.0
202206280915,,0.0
202206280920,,0.0
202206280925,,0.0
202206280930,,0.0
202206280935,,0.0
202206280940,,0.0
202206280945,,0.0
202206280950,,0.0
202206280955,,0.0
202206281000,,0.0
202206281010,,0.0
202206281015,,0.0
202206281020,,0.0
202206281025,,0.0
202206281030,,0.0
202206281035,,0.0
202206281040,,0.0
202206281045,,0.0
202206281050,,0.0
202206281055,,0.0
202206281100,,0.0
202206281110,,0.0
202206281115,,0.0
202206281120,,0.0
202206281125,,0.0
202206281130,,0.0
202206281135,,0.0
202206281140,,0.0
202206281145,,0.0
202206281150,,0.0
202206281155,,0.0
202206281200,,0.0
202206281210,,0.0
202206281215,,0.0
202206281220,,0.0
202206281225,,0.0
202206281230,,0.0
202206281235,,0.0
202206281240,,0.0
202206281245,,0.0
202206281250,,0.0
202206281255,,0.0
202206281300,,0.0
202206281310,,0.0
202206281315,,0.0
202206281320,,0.0
202206281325,,0.0
202206281330,,0.0
202206281335,,0.0
202206281340,,0.0
202206281345,,0.0
202206281350,,0.0
202206281355,,0.0
202206281410,,0.0
202206281415,,0.0
202206281425,,0.0
202206281430,,0.0
202206281435,,0.0
202206281440,,0.0
202206281445,,0.0
202206281450,,0.0
202206281455,,0.0
202206281500,,0.0
202206281510,,0.0
202206281520,,0.0
202206281525,,0.0
202206281530,,0.0
202206281535,,0.0
202206281540,,0.0
202206281545,,0.0
202206281550,,0.0
202206281555,,0.0
202206281600,,0.0
202206281610,,0.0
202206281615,,0.0
202206281620,,0.0
202206281625,,0.0
202206281630,,0.0
202206281635,,0.0
202206281640,,0.0
202206281645,,0.0
202206281650,,0.0
202206281655,,0.0
202206281700,,0.0
202206281710,,0.0
202206281715,,0.0
202206281720,,0.0
202206281725,,0.0
202206281730,,0.0
202206281735,,0.0
202206281740,,0.0
202206281745,,0.0
202206281750,,0.0
202206281755,,0.0
202206281810,,0.0
202206281815,,0.0
202206281820,,0.0
202206281825,,0.0
202206281830,,0.0
202206281835,,0.0
202206281840,,0.0
202206281850,,0.0
202206281855,,0.0
202206281900,,0.0
202206281910,,0.0
202206281915,,0.0
202206281920,,0.0
202206281925,,0.0
202206281930,,0.0
202206281945,,0.0
202206281950,,0.0
202206281955,,0.0
202206282010,,0.0
202206282015,,0.0
202206282025,45.0,0.4
202206282030,120.0,0.4
202206282035,118.0,0.4
202206282040,89.0,0.4
202206282045,,0.0
202206282050,,0.0
202206282055,,0.0
202206282100,,0.0
202206282110,,0.0
202206282115,,0.0
202206282120,,0.0
202206282125,,0.0
202206282130,,0.0
202206282135,,0.0
202206282140,,0.0
202206282145,,0.0
202206282150,,0.0
202206282155,,0.0
202206282200,,0.0
202206282210,,0.0
202206282215,,0.0
202206282220,,0.0
202206282225,,0.0
202206282230,,0.0
202206282235,,0.0
202206282240,,0.0
202206282245,,0.0
202206282250,,0.0
202206282300,,0.0
202206282310,,0.0
202206282315,,0.0
202206282325,,0.0
202206282335,,0.0
202206282340,,0.0
202206282345,,0.0
202206282350,,0.0
202206282355,,0.0
202206290000,,0.0
202206290010,,0.0
202206290015,,0.0
202206290020,,0.0
202206290025,,0.0
202206290035,,0.0
202206290040,,0.0
202206290045,,0.0
202206290050,,0.0
202206290055,,0.0
202206290100,,0.0
202206290110,,0.0
202206290115,,0.0
202206290120,,0.0
202206290125,,0.0
202206290130,,0.0
202206290135,,0.0
202206290140,,0.0
202206290145,,0.0
202206290150,,0.0
202206290155,,0.0
202206290200,,0.0
202206290210,,0.0
202206290215,,0.0
202206290220,,0.0
202206290230,,0.0
202206290235,,0.0
202206290240,,0.0
202206290245,,0.0
202206290255,,0.0
202206290300,,0.0
202206290310,,0.0
202206290315,,0.0
202206290320,,0.0
202206290325,,0.0
202206290330,,0.0
202206290335,,0.0
202206290340,,0.0
202206290350,,0.0
202206290355,,0.0
202206290400,,0.0
202206290410,,0.0
202206290415,,0.0
202206290420,,0.0
202206290425,,0.0
202206290430,,0.0
202206290435,,0.0
202206290440,,0.0
202206290445,,0.0
202206290450,,0.0
202206290455,,0.0
202206290500,,0.0
202206290515,,0.0
202206290520,,0.0
202206290525,,0.0
202206290530,,0.0
202206290535,,0.0
202206290540,,0.0
202206290545,,0.0
202206290550,,0.0
202206290555,,0.0
202206290610,,0.0
202206290615,,0.0
202206290620,,0.0
202206290625,,0.0
202206290630,,0.0
202206290635,,0.0
202206290640,,0.0
202206290645,,0.0
202206290650,,0.0
202206290655,,0.0
202206290700,,0.0
202206290710,,0.0
202206290715,,0.0
202206290720,,0.0
202206290725,,0.0
202206290730,,0.0
202206290735,,0.0
202206290740,,0.0
202206290745,,0.0
202206290750,,0.0
202206290755,,0.0
202206290800,,0.0
202206290810,,0.0
202206290815,,0.0
202206290820,,0.0
202206290825,,0.0
202206290830,,0.0
202206290835,,0.0
202206290840,,0.0
202206290845,,0.0
202206290850,,0.0
202206290855,,0.0
202206290900,,0.0
202206290910,,0.0
202206290915,,0.0
202206290920,,0.0
202206290925,,0.0
202206290930,,0.0
202206290940,,0.0
202206290945,,0.0
202206290950,,0.0
202206290955,,0.0
202206291000,,0.0
202206291010,,0.0
202206291015,,0.0
202206291020,,0.0
202206291025,,0.0
202206291030,,0.0
202206291035,,0.0
202206291040,,0.0
202206291045,,0.0
202206291050,,0.0
202206291055,,0.0
202206291110,,0.0
202206291115,,0.0
202206291120,,0.0
202206291130,,0.0
202206291135,,0.0
202206291140,,0.0
202206291145,,0.0
202206291155,,0.0
202206291200,,0.0
202206291210,,0.0
202206291215,,0.0
202206291220,,0.0
202206291225,,0.0
202206291230,,0.0
202206291235,,0.0
202206291240,,0.0
202206291245,,0.0
202206291250,,0.0
202206291255,,0.0
202206291300,,0.0
202206291310,,0.0
202206291315,,0.0
202206291320,,0.0
202206291325,,0.0
202206291330,,0.0
202206291335,,0.0
202206291340,,0.0
202206291345,,0.0
202206291350,,0.0
202206291355,,0.0
202206291400,,0.0
202206291410,,0.0
202206291415,,0.0
202206291425,,0.0
202206291430,,0.0
202206291435,,0.0
202206291440,,0.0
202206291445,,0.0
202206291450,,0.0
202206291455,,0.0
202206291500,,0.0
202206291510,,0.0
202206291515,,0.0
202206291520,,0.0
202206291525,,0.0
202206291530,,0.0
202206291535,,0.0
202206291540,,0.0
202206291545,,0.0
202206291550,,0.0
202206291555,,0.0
202206291600,,0.0
202206291610,,0.0
202206291615,,0.0
202206291620,,0.0
202206291625,,0.0
202206291630,,0.0
202206291635,,0.0
202206291640,,0.0
202206291645,,0.0
202206291650,,0.0
202206291655,,0.0
202206291700,,0.0
202206291710,,0.0
202206291715,,0.0
202206291720,,0.0
202206291725,,0.0
202206291735,,0.0
202206291740,,0.0
202206291745,,0.0
202206291750,,0.0
202206291755,,0.0
202206291800,,0.0
202206291810,,0.0
202206291815,,0.0
202206291820,,0.0
202206291825,,0.0
202206291830,,0.0
202206291835,358.0,0.4
202206291840,38.0,0.4
202206291845,11.0,0.9
202206291850,356.0,0.9
202206291855,252.0,0.9
202206291900,301.0,0.9
202206291910,80.0,0.9
202206291915,306.0,0.9
202206291920,87.0,0.9
202206291925,99.0,0.9
202206291930,302.0,0.9
202206291935,92.0,0.9
202206291940,96.0,0.9
202206291945,89.0,0.9
202206291950,81.0,0.9
202206291955,88.0,0.4
202206292000,251.0,0.4
202206292010,90.0,0.4
202206292015,58.0,0.4
202206292020,162.0,0.4
202206292025,119.0,0.4
202206292030,358.0,0.4
202206292035,308.0,0.4
202206292040,297.0,0.4
202206292045,,0.0
202206292050,,0.0
202206292055,345.0,0.9
202206292100,339.0,0.9
202206292110,330.0,0.9
202206292115,17.0,0.9
202206292120,98.0,0.9
202206292125,313.0,0.9
202206292135,284.0,0.9
202206292140,304.0,0.9
202206292145,264.0,0.4
202206292150,92.0,0.4
202206292155,281.0,0.9
202206292200,285.0,0.9
202206292210,299.0,0.4
202206292215,308.0,0.4
202206292220,306.0,0.4
202206292225,,0.0
202206292230,,0.0
202206292235,,0.0
202206292240,,0.0
202206292250,,0.0
202206292255,,0.0
202206292300,,0.0
202206292310,,0.0
202206292315,,0.0
202206292325,,0.0
202206292330,,0.0
202206292335,,0.0
202206292340,,0.0
202206292345,,0.0
202206292350,,0.0
202206292355,,0.0
202206300000,,0.0
202206300010,,0.0
202206300015,,0.0
202206300020,,0.0
202206300030,,0.0
202206300035,,0.0
202206300040,,0.0
202206300045,,0.0
202206300050,,0.0
202206300055,,0.0
202206300100,,0.0
202206300110,,0.0
202206300115,,0.0
202206300120,,0.0
202206300125,,0.0
202206300130,,0.0
202206300135,,0.0
202206300145,,0.0
202206300150,,0.0
202206300155,,0.0
202206300200,,0.0
202206300210,,0.0
202206300215,,0.0
202206300220,,0.0
202206300225,,0.0
202206300235,,0.0
202206300240,,0.0
202206300245,,0.0
202206300250,,0.0
202206300255,,0.0
202206300300,,0.0
202206300310,,0.0
202206300315,,0.0
202206300320,,0.0
202206300325,,0.0
202206300330,,0.0
202206300335,,0.0
202206300340,,0.0
202206300345,,0.0
202206300350,,0.0
202206300355,,0.0
202206300400,,0.0
202206300410,,0.0
202206300415,,0.0
202206300420,,0.0
202206300425,,0.0
202206300430,,0.0
202206300435,,0.0
202206300440,,0.0
202206300445,,0.0
202206300450,,0.0
202206300455,,0.0
202206300500,,0.0
202206300510,,0.0
202206300515,,0.0
202206300520,,0.0
202206300525,,0.0
202206300530,,0.0
202206300535,,0.0
202206300540,,0.0
202206300545,,0.0
202206300550,,0.0
202206300555,,0.0
202206300600,,0.0
202206300610,,0.0
202206300620,,0.0
202206300625,,0.0
202206300630,,0.0
202206300635,,0.0
202206300640,,0.0
202206300645,,0.0
202206300650,,0.0
202206300655,,0.0
202206300700,,0.0
202206300710,,0.0
202206300715,,0.0
202206300725,,0.0
202206300730,,0.0
202206300735,,0.0
202206300740,,0.0
202206300745,,0.0
202206300750,,0.0
202206300755,,0.0
202206300800,,0.0
202206300810,,0.0
202206300820,,0.0
202206300825,,0.0
202206300830,,0.0
202206300835,,0.0
202206300840,,0.0
202206300845,,0.0
202206300850,,0.0
202206300855,,0.0
202206300900,,0.0
202206300910,,0.0
202206300915,,0.0
202206300920,,0.0
202206300925,,0.0
202206300930,,0.0
202206300935,,0.0
202206300940,,0.0
202206300945,,0.0
202206300950,,0.0
202206300955,,0.0
202206301000,,0.0
202206301010,,0.0
202206301015,,0.0
202206301020,,0.0
202206301025,,0.0
202206301030,,0.0
202206301035,,0.0
202206301040,,0.0
202206301045,,0.0
202206301050,,0.0
202206301055,,0.0
202206301100,,0.0
202206301110,,0.0
202206301120,,0.0
202206301125,,0.0
202206301130,,0.0
202206301135,,0.0
202206301140,,0.0
202206301145,,0.0
202206301150,,0.0
202206301155,,0.0
202206301200,,0.0
202206301210,,0.0
202206301215,,0.0
202206301220,,0.0
202206301225,,0.0
202206301230,,0.0
202206301235,,0.0
202206301240,,0.0
202206301250,,0.0
202206301255,,0.0
202206301300,,0.0
202206301310,,0.0
202206301320,,0.0
202206301325,,0.0
202206301330,,0.0
202206301335,,0.0
202206301340,,0.0
202206301345,,0.0
202206301350,,0.0
202206301355,,0.0
202206301400,,0.0
202206301410,,0.0
202206301415,15.0,0.4
202206301420,327.0,0.4
202206301425,135.0,0.4
202206301430,89.0,0.4
202206301435,124.0,0.4
202206301440,185.0,0.4
202206301445,,0.0
202206301450,,0.0
202206301455,103.0,0.4
202206301500,110.0,0.4
202206301510,108.0,0.4
202206301515,,0.0
202206301520,,0.0
202206301525,,0.0
202206301530,,0.0
202206301535,,0.0
202206301540,,0.0
202206301545,,0.0
202206301550,,0.0
202206301555,320.0,0.4
202206301600,154.0,0.4
202206301610,302.0,0.9
202206301615,71.0,0.4
202206301620,313.0,0.4
202206301625,151.0,0.4
202206301630,141.0,0.4
202206301635,271.0,0.4
202206301640,174.0,0.4
202206301645,162.0,0.9
202206301650,179.0,0.9
202206301655,145.0,0.9
202206301700,235.0,0.9
202206301710,327.0,0.4
202206301715,82.0,0.9
202206301720,117.0,0.9
202206301725,,0.0
202206301730,,0.0
202206301735,131.0,0.9
202206301740,259.0,0.9
202206301745,141.0,0.4
202206301750,97.0,0.4
202206301755,119.0,0.4
202206301800,262.0,0.4
202206301810,46.0,0.9
202206301815,131.0,0.4
202206301820,145.0,0.4
202206301825,111.0,0.9
202206301830,155.0,0.9
202206301835,,0.0
202206301840,,0.0
202206301845,91.0,0.4
202206301850,135.0,0.4
202206301855,,0.0
202206301900,,0.0
202206301910,,0.0
202206301915,,0.0
202206301920,,0.0
202206301925,128.0,0.4
202206301930,125.0,0.4
202206301935,99.0,0.9
202206301940,149.0,0.9
202206301945,121.0,0.4
202206301950,276.0,0.4
202206301955,321.0,0.9
202206302000,126.0,0.9
202206302010,44.0,0.4
202206302015,100.0,0.4
202206302020,340.0,0.4
202206302025,,0.0
202206302035,,0.0
202206302040,,0.0
202206302045,,0.0
202206302050,,0.0
202206302055,,0.0
202206302100,,0.0
202206302115,125.0,0.4
202206302120,109.0,0.4
202206302125,,0.0
202206302135,286.0,0.4
202206302140,117.0,0.4
202206302145,99.0,0.4
202206302150,64.0,0.4
202206302155,,0.0
202206302200,,0.0
202206302210,,0.0
202206302215,,0.0
202206302220,,0.0
202206302225,,0.0
202206302230,,0.0
202206302235,,0.0
202206302240,,0.0
202206302245,63.0,0.4
202206302255,149.0,0.9
202206302300,54.0,0.9
202206302310,100.0,0.4
202206302315,99.0,0.4
202206302320,121.0,0.4
202206302325,95.0,0.4
202206302330,86.0,0.4
202206302335,94.0,0.9
202206302340,128.0,0.9
202206302345,85.0,0.4
202206302350,95.0,0.4
202206302355,,0.0
202207010000,,0.0
202207010010,,0.0
202207010015,,0.0
202207010020,,0.0
202207010025,,0.0
202207010030,,0.0
202207010035,,0.0
202207010040,,0.0
202207010045,,0.0
202207010050,,0.0
202207010100,,0.0
202207010110,,0.0
202207010115,,0.0
202207010120,,0.0
202207010125,,0.0
202207010130,,0.0
202207010135,,0.0
202207010140,,0.0
202207010145,,0.0
202207010150,,0.0
202207010155,,0.0
202207010200,,0.0
202207010210,,0.0
202207010215,,0.0
202207010220,,0.0
202207010225,,0.0
202207010230,,0.0
202207010235,,0.0
202207010240,,0.0
202207010245,,0.0
202207010250,,0.0
202207010255,,0.0
202207010300,,0.0
202207010310,,0.0
202207010315,,0.0
202207010320,,0.0
202207010325,,0.0
202207010330,,0.0
202207010335,,0.0
202207010340,,0.0
202207010345,,0.0
202207010350,,0.0
202207010355,,0.0
202207010400,,0.0
202207010410,,0.0
202207010415,,0.0
202207010420,,0.0
202207010425,,0.0
202207010430,,0.0
202207010435,,0.0
202207010440,,0.0
202207010445,,0.0
202207010450,,0.0
202207010455,,0.0
202207010500,,0.0
202207010510,,0.0
202207010515,,0.0
202207010520,,0.0
202207010525,,0.0
202207010530,,0.0
202207010535,,0.0
202207010540,,0.0
202207010545,,0.0
202207010550,,0.0
202207010555,,0.0
202207010600,,0.0
202207010610,,0.0
202207010615,,0.0
202207010620,,0.0
202207010625,,0.0
202207010630,,0.0
202207010635,,0.0
202207010640,,0.0
202207010645,,0.0
202207010650,,0.0
202207010655,,0.0
202207010700,,0.0
202207010710,,0.0
202207010715,,0.0
202207010720,,0.0
202207010725,,0.0
202207010730,,0.0
202207010735,,0.0
202207010745,,0.0
202207010750,,0.0
202207010755,,0.0
202207010800,,0.0
202207010810,,0.0
202207010815,,0.0
202207010820,,0.0
202207010825,,0.0
202207010830,,0.0
202207010835,,0.0
202207010840,,0.0
202207010845,,0.0
202207010850,,0.0
202207010855,,0.0
202207010900,,0.0
202207010910,,0.0
202207010915,,0.0
202207010920,,0.0
202207010925,,0.0
202207010930,,0.0
202207010935,,0.0
202207010940,,0.0
202207010945,,0.0
202207010950,,0.0
202207010955,,0.0
202207011000,,0.0
202207011010,,0.0
202207011015,,0.0
202207011020,,0.0
202207011030,,0.0
202207011035,,0.0
202207011040,,0.0
202207011045,,0.0
202207011050,,0.0
202207011055,,0.0
202207011100,,0.0
202207011110,,0.0
202207011115,,0.0
202207011120,,0.0
202207011125,,0.0
202207011130,,0.0
202207011135,,0.0
202207011140,,0.0
202207011145,,0.0
202207011150,,0.0
202207011155,,0.0
202207011200,,0.0
202207011210,,0.0
202207011215,,0.0
202207011220,,0.0
202207011225,,0.0
202207011230,,0.0
202207011235,,0.0
202207011240,,0.0
202207011245,,0.0
202207011250,,0.0
202207011255,,0.0
202207011300,,0.0
202207011310,,0.0
202207011315,,0.0
202207011325,,0.0
202207011330,,0.0
202207011335,,0.0
202207011340,,0.0
202207011350,,0.0
202207011355,,0.0
202207011400,,0.0
202207011410,,0.0
202207011415,,0.0
202207011420,,0.0
202207011425,,0.0
202207011430,,0.0
202207011435,,0.0
202207011440,,0.0
202207011445,,0.0
202207011450,,0.0
202207011455,,0.0
202207011500,,0.0
202207011510,,0.0
202207011515,,0.0
202207011520,,0.0
202207011530,,0.0
202207011535,,0.0
202207011540,,0.0
202207011545,,0.0
202207011550,,0.0
202207011555,,0.0
202207011600,,0.0
202207011610,,0.0
202207011615,224.0,0.4
202207011620,201.0,0.4
202207011625,255.0,0.9
202207011630,112.0,0.9
202207011640,,0.0
202207011650,,0.0
202207011700,,0.0
202207011710,,0.0
202207011715,,0.0
202207011720,,0.0
202207011725,,0.0
202207011730,,0.0
202207011735,,0.0
202207011740,,0.0
202207011745,,0.0
202207011750,,0.0
202207011755,,0.0
202207011800,,0.0
202207011810,,0.0
202207011815,,0.0
202207011820,,0.0
202207011825,,0.0
202207011830,,0.0
202207011835,,0.0
202207011840,,0.0
202207011845,,0.0
202207011850,,0.0
202207011855,,0.0
202207011900,,0.0
202207011910,,0.0
202207011915,,0.0
202207011920,,0.0
202207011925,,0.0
202207011930,,0.0
202207011935,,0.0
202207011940,,0.0
202207011955,,0.0
202207012000,,0.0
202207012010,,0.0
202207012015,,0.0
202207012020,,0.0
202207012025,,0.0
202207012030,,0.0
202207012035,,0.0
202207012040,,0.0
202207012045,,0.0
202207012050,,0.0
202207012055,,0.0
202207012100,,0.0
202207012110,,0.0
202207012115,,0.0
202207012125,,0.0
202207012130,,0.0
202207012135,,0.0
202207012140,,0.0
202207012145,,0.0
202207012150,,0.0
202207012155,,0.0
202207012210,,0.0
202207012215,,0.0
202207012220,,0.0
202207012225,,0.0
202207012230,,0.0
202207012235,,0.0
202207012240,,0.0
202207012245,,0.0
202207012250,,0.0
202207012255,,0.0
202207012300,,0.0
202207012310,,0.0
202207012315,,0.0
202207012320,,0.0
202207012325,,0.0
202207012330,,0.0
202207012335,,0.0
202207012340,,0.0
202207012345,,0.0
202207012350,,0.0
202207012355,,0.0
202207020000,,0.0
202207020010,,0.0
202207020015,,0.0
202207020020,,0.0
202207020025,,0.0
202207020030,,0.0
202207020035,,0.0
202207020040,,0.0
202207020045,,0.0
202207020050,,0.0
202207020055,,0.0
202207020100,,0.0
202207020110,,0.0
202207020115,,0.0
202207020120,,0.0
202207020125,,0.0
202207020130,,0.0
202207020135,,0.0
202207020140,,0.0
202207020145,,0.0
202207020150,,0.0
202207020155,,0.0
202207020200,,0.0
202207020210,,0.0
202207020215,,0.0
202207020220,,0.0
202207020225,,0.0
202207020230,,0.0
202207020235,,0.0
202207020240,,0.0
202207020245,,0.0
202207020250,,0.0
202207020255,,0.0
202207020300,,0.0
202207020310,,0.0
202207020325,,0.0
202207020330,,0.0
202207020335,,0.0
202207020340,,0.0
202207020345,,0.0
202207020350,,0.0
202207020355,,0.0
202207020400,,0.0
202207020410,,0.0
202207020415,,0.0
202207020420,,0.0
202207020425,,0.0
202207020430,,0.0
202207020435,,0.0
202207020440,,0.0
202207020445,,0.0
202207020450,,0.0
202207020455,,0.0
202207020500,,0.0
202207020510,,0.0
202207020515,,0.0
202207020520,,0.0
202207020525,,0.0
202207020530,,0.0
202207020535,,0.0
202207020540,,0.0
202207020545,,0.0
202207020550,,0.0
202207020555,,0.0
202207020600,,0.0
202207020610,,0.0
202207020615,,0.0
202207020625,,0.0
202207020630,,0.0
202207020635,,0.0
202207020640,,0.0
202207020645,,0.0
202207020655,,0.0
202207020700,,0.0
202207020710,,0.0
202207020715,,0.0
202207020720,,0.0
202207020725,,0.0
202207020730,,0.0
202207020735,,0.0
202207020740,,0.0
202207020745,,0.0
202207020750,,0.0
202207020755,,0.0
202207020800,,0.0
202207020810,,0.0
202207020815,,0.0
202207020820,,0.0
202207020825,,0.0
202207020835,,0.0
202207020840,,0.0
202207020845,,0.0
202207020850,,0.0
202207020855,,0.0
202207020900,,0.0
202207020910,,0.0
202207020915,,0.0
202207020920,,0.0
202207020930,,0.0
202207020935,,0.0
202207020940,,0.0
202207020945,,0.0
202207020950,,0.0
202207020955,,0.0
202207021000,,0.0
202207021010,,0.0
202207021020,,0.0
202207021025,,0.0
202207021030,,0.0
202207021035,,0.0
202207021040,,0.0
202207021045,,0.0
202207021050,,0.0
202207021055,,0.0
202207021100,,0.0
202207021110,,0.0
202207021115,,0.0
202207021120,,0.0
202207021125,,0.0
202207021130,,0.0
202207021135,,0.0
202207021140,,0.0
202207021145,,0.0
202207021150,,0.0
202207021155,,0.0
202207021200,,0.0
202207021210,,0.0
202207021215,,0.0
202207021220,,0.0
202207021225,,0.0
202207021230,,0.0
202207021235,,0.0
202207021240,,0.0
202207021245,,0.0
202207021250,,0.0
202207021255,,0.0
202207021300,,0.0
202207021310,,0.0
202207021315,,0.0
202207021320,,0.0
202207021325,,0.0
202207021330,,0.0
202207021335,,0.0
202207021340,,0.0
202207021345,,0.0
202207021350,,0.0
202207021355,,0.0
202207021400,,0.0
202207021410,,0.0
202207021415,,0.0
202207021420,,0.0
202207021425,,0.0
202207021430,,0.0
202207021435,,0.0
202207021440,,0.0
202207021445,,0.0
202207021450,,0.0
202207021500,,0.0
202207021510,,0.0
202207021515,,0.0
202207021520,,0.0
202207021525,350.0,0.9
202207021530,338.0,0.9
202207021540,257.0,0.9
202207021545,226.0,0.9
202207021555,308.0,0.4
202207021600,323.0,0.4
202207021610,12.0,0.9
202207021615,3.0,0.9
202207021620,10.0,0.9
202207021625,341.0,0.9
202207021630,15.0,0.9
202207021635,278.0,0.9
202207021640,321.0,0.9
202207021645,12.0,0.9
202207021650,322.0,0.9
202207021655,28.0,0.9
202207021700,313.0,0.9
202207021710,329.0,0.9
202207021715,268.0,0.9
202207021720,282.0,0.9
202207021725,327.0,0.9
202207021730,192.0,0.9
202207021740,314.0,0.9
202207021745,7.0,1.3
202207021750,161.0,1.3
202207021755,309.0,0.9
202207021800,206.0,0.9
202207021810,289.0,0.9
202207021815,342.0,0.9
202207021820,262.0,0.9
202207021825,335.0,0.9
202207021830,72.0,0.9
202207021835,328.0,0.9
202207021840,15.0,0.9
202207021845,337.0,0.9
202207021850,348.0,0.9
202207021855,337.0,0.9
202207021900,275.0,0.9
202207021910,311.0,0.9
202207021915,328.0,0.9
202207021920,336.0,0.9
202207021925,327.0,1.3
202207021930,206.0,1.3
202207021935,307.0,0.9
202207021940,208.0,0.9
202207021945,194.0,0.9
202207021950,227.0,0.9
202207021955,350.0,1.3
202207022000,338.0,1.3
202207022010,32.0,1.3
202207022015,280.0,0.9
202207022020,350.0,0.9
202207022025,8.0,0.9
202207022030,16.0,0.9
202207022035,150.0,0.9
202207022040,354.0,0.9
202207022045,350.0,0.9
202207022050,344.0,0.9
202207022055,342.0,0.9
202207022100,302.0,0.9
202207022110,307.0,0.9
202207022115,320.0,0.9
202207022120,350.0,0.9
202207022125,343.0,0.9
202207022130,357.0,0.9
202207022140,336.0,0.9
202207022145,0.0,0.9
202207022150,337.0,0.9
202207022155,324.0,0.9
202207022200,341.0,0.9
202207022210,221.0,0.9
202207022215,300.0,0.9
202207022220,138.0,0.9
202207022225,255.0,0.9
202207022230,342.0,0.9
202207022235,323.0,0.9
202207022240,329.0,0.9
202207022245,334.0,0.9
202207022250,335.0,0.9
202207022255,358.0,0.9
202207022300,329.0,0.9
202207022310,353.0,0.9
202207022315,340.0,0.9
202207022320,249.0,0.9
202207022325,314.0,0.9
202207022330,312.0,0.9
202207022335,,0.0
202207022340,,0.0
202207022345,202.0,0.9
202207022350,190.0,0.9
202207030000,175.0,1.3
202207030010,99.0,0.9
202207030015,132.0,0.4
202207030020,113.0,0.4
202207030030,,0.0
202207030035,,0.0
202207030040,,0.0
202207030045,,0.0
202207030050,,0.0
202207030055,,0.0
202207030100,,0.0
202207030110,,0.0
202207030115,206.0,0.9
202207030120,195.0,0.9
202207030125,202.0,0.9
202207030130,203.0,0.9
202207030135,244.0,0.4
202207030140,198.0,0.4
202207030145,187.0,0.4
202207030150,226.0,0.4
202207030155,233.0,0.9
202207030200,216.0,0.9
202207030210,201.0,0.9
202207030215,211.0,0.4
202207030220,215.0,0.4
202207030225,207.0,0.9
202207030230,184.0,0.9
202207030235,170.0,0.9
202207030240,181.0,0.9
202207030245,202.0,0.9
202207030250,201.0,0.9
202207030300,224.0,0.9
202207030310,188.0,0.9
202207030315,202.0,0.9
202207030320,191.0,0.9
202207030325,193.0,0.9
202207030330,189.0,0.9
202207030340,222.0,0.9
202207030345,237.0,0.9
202207030350,204.0,0.9
202207030355,227.0,1.3
202207030400,235.0,1.3
202207030410,212.0,1.3
202207030415,203.0,0.9
202207030420,216.0,0.9
202207030425,215.0,0.9
202207030430,227.0,0.9
202207030435,226.0,0.9
202207030440,202.0,0.9
202207030445,230.0,0.9
202207030450,224.0,0.9
202207030455,187.0,0.9
202207030500,198.0,0.9
202207030510,211.0,0.9
202207030515,225.0,0.9
202207030520,197.0,0.9
202207030530,190.0,0.9
202207030535,199.0,0.9
202207030540,217.0,0.9
202207030545,210.0,0.9
202207030550,218.0,0.9
202207030555,221.0,0.9
202207030600,221.0,0.9
202207030610,198.0,0.4
202207030615,,0.0
202207030620,,0.0
202207030625,,0.0
202207030630,,0.0
202207030635,,0.0
202207030640,,0.0
202207030645,235.0,0.4
202207030650,245.0,0.4
202207030655,,0.0
202207030700,,0.0
202207030710,,0.0
202207030715,,0.0
202207030720,,0.0
202207030725,,0.0
202207030730,,0.0
202207030735,,0.0
202207030745,,0.0
202207030750,,0.0
202207030755,,0.0
202207030800,,0.0
202207030815,,0.0
202207030820,,0.0
202207030825,,0.0
202207030830,,0.0
202207030835,,0.0
202207030840,,0.0
202207030845,,0.0
202207030850,,0.0
202207030855,,0.0
202207030900,,0.0
202207030910,218.0,0.9
202207030915,199.0,0.9
202207030920,191.0,0.9
202207030925,212.0,0.9
202207030930,160.0,0.9
202207030935,208.0,0.4
202207030940,195.0,0.4
202207030945,164.0,0.4
202207030950,195.0,0.4
202207030955,185.0,0.9
202207031000,269.0,0.9
202207031010,,0.0
202207031020,,0.0
202207031025,,0.0
202207031030,,0.0
202207031035,,0.0
202207031040,,0.0
202207031050,,0.0
202207031055,,0.0
202207031100,,0.0
202207031110,,0.0
202207031115,,0.0
202207031120,,0.0
202207031125,,0.0
202207031130,,0.0
202207031140,,0.0
202207031145,262.0,0.9
202207031150,188.0,0.9
202207031155,,0.0
202207031200,,0.0
202207031210,,0.0
202207031215,,0.0
202207031220,,0.0
202207031225,,0.0
202207031230,,0.0
202207031235,,0.0
202207031240,,0.0
202207031250,,0.0
202207031255,,0.0
202207031300,,0.0
202207031310,,0.0
202207031315,,0.0
202207031320,,0.0
202207031330,67.0,0.4
202207031335,,0.0
202207031340,,0.0
202207031345,,0.0
202207031350,,0.0
202207031355,0.0,0.4
202207031400,248.0,0.4
202207031410,,0.0
202207031415,,0.0
202207031420,,0.0
202207031425,,0.0
202207031430,,0.0
202207031435,,0.0
202207031440,,0.0
202207031445,,0.0
202207031450,,0.0
202207031455,329.0,0.9
202207031500,12.0,0.9
202207031510,337.0,0.4
202207031515,254.0,0.4
202207031520,338.0,0.4
202207031525,340.0,0.9
202207031530,347.0,0.9
202207031535,,0.0
202207031540,,0.0
202207031545,,0.0
202207031550,,0.0
202207031555,2.0,0.4
202207031600,213.0,0.4
202207031610,,0.0
202207031615,311.0,0.9
202207031620,4.0,0.9
202207031625,334.0,0.4
202207031630,297.0,0.4
202207031635,,0.0
202207031640,,0.0
202207031645,,0.0
202207031650,,0.0
202207031655,326.0,0.4
202207031700,174.0,0.4
202207031710,151.0,0.9
202207031715,,0.0
202207031720,,0.0
202207031725,,0.0
202207031730,,0.0
202207031735,318.0,0.9
202207031740,281.0,0.9
202207031745,,0.0
202207031750,,0.0
202207031755,,0.0
202207031800,,0.0
202207031810,,0.0
202207031815,326.0,0.9
202207031820,315.0,0.9
202207031825,,0.0
202207031830,,0.0
202207031835,,0.0
202207031840,,0.0
202207031845,,0.0
202207031850,,0.0
202207031855,350.0,1.3
202207031900,342.0,1.3
202207031910,351.0,0.9
202207031915,191.0,0.9
202207031920,208.0,0.9
202207031925,219.0,1.3
202207031930,221.0,1.3
202207031935,175.0,2.2
202207031940,201.0,2.2
202207031945,228.0,1.3
202207031950,291.0,1.3
202207032000,211.0,0.9
202207032010,190.0,0.9
202207032015,172.0,0.9
202207032020,218.0,0.9
202207032025,,0.0
202207032030,,0.0
202207032035,201.0,0.9
202207032040,158.0,0.9
202207032045,217.0,0.9
202207032050,94.0,0.9
202207032055,97.0,0.9
202207032100,102.0,0.9
202207032110,,0.0
202207032115,,0.0
202207032120,,0.0
202207032125,133.0,0.9
202207032130,195.0,0.9
202207032135,217.0,0.9
202207032140,184.0,0.9
202207032145,283.0,0.9
202207032150,104.0,0.9
202207032155,,0.0
202207032200,,0.0
202207032210,,0.0
202207032215,128.0,0.4
202207032220,142.0,0.4
202207032225,,0.0
202207032230,,0.0
202207032235,,0.0
202207032240,,0.0
202207032245,180.0,0.4
202207032250,180.0,0.4
202207032300,,0.0
202207032310,,0.0
202207032315,,0.0
202207032320,,0.0
202207032325,,0.0
202207032330,,0.0
202207032335,,0.0
202207032340,,0.0
202207032345,,0.0
202207032350,,0.0
202207032355,,0.0
202207040000,,0.0
202207040010,,0.0
202207040020,,0.0
202207040030,326.0,0.9
202207040035,347.0,0.9
202207040040,290.0,0.9
202207040045,227.0,2.2
202207040050,233.0,2.2
202207040055,319.0,0.9
202207040100,319.0,0.9
202207040110,,0.0
202207040115,,0.0
202207040120,,0.0
202207040125,,0.0
202207040130,,0.0
202207040135,,0.0
202207040140,,0.0
202207040145,,0.0
202207040150,,0.0
202207040155,,0.0
202207040200,,0.0
202207040210,,0.0
202207040215,,0.0
202207040220,,0.0
202207040225,,0.0
202207040230,,0.0
202207040235,,0.0
202207040245,,0.0
202207040250,,0.0
202207040255,,0.0
202207040310,,0.0
202207040315,,0.0
202207040320,,0.0
202207040325,,0.0
202207040335,,0.0
202207040340,,0.0
202207040345,,0.0
202207040350,,0.0
202207040355,,0.0
202207040400,,0.0
202207040410,,0.0
202207040415,,0.0
202207040420,,0.0
202207040425,,0.0
202207040430,,0.0
202207040435,,0.0
202207040440,,0.0
202207040445,,0.0
202207040450,,0.0
202207040455,,0.0
202207040500,,0.0
202207040510,,0.0
202207040515,,0.0
202207040520,,0.0
202207040525,,0.0
202207040530,,0.0
202207040535,,0.0
202207040540,,0.0
202207040545,,0.0
202207040550,,0.0
202207040555,,0.0
202207040600,,0.0
202207040610,,0.0
202207040615,,0.0
202207040620,,0.0
202207040625,,0.0
202207040630,,0.0
202207040635,,0.0
202207040640,,0.0
202207040645,,0.0
202207040650,,0.0
202207040655,,0.0
202207040700,,0.0
202207040710,,0.0
202207040715,,0.0
202207040720,,0.0
202207040725,,0.0
202207040730,,0.0
202207040735,,0.0
202207040740,,0.0
202207040745,,0.0
202207040750,,0.0
202207040755,,0.0
202207040800,,0.0
202207040810,,0.0
202207040815,,0.0
202207040820,,0.0
202207040825,,0.0
202207040830,,0.0
202207040835,,0.0
202207040840,,0.0
202207040845,,0.0
202207040850,,0.0
202207040855,,0.0
202207040900,,0.0
202207040915,,0.0
202207040920,,0.0
202207040925,,0.0
202207040930,,0.0
202207040935,,0.0
202207040940,,0.0
202207040945,,0.0
202207040955,,0.0
202207041010,,0.0
202207041020,,0.0
202207041025,,0.0
202207041030,,0.0
202207041035,,0.0
202207041040,,0.0
202207041045,,0.0
202207041050,,0.0
202207041055,,0.0
202207041100,,0.0
202207041110,,0.0
202207041115,,0.0
202207041120,,0.0
202207041125,,0.0
202207041130,,0.0
202207041135,,0.0
202207041140,,0.0
202207041145,,0.0
202207041150,,0.0
202207041155,,0.0
202207041200,,0.0
202207041210,,0.0
202207041215,,0.0
202207041220,,0.0
202207041225,,0.0
202207041230,,0.0
202207041235,,0.0
202207041240,,0.0
202207041245,,0.0
202207041250,,0.0
202207041255,,0.0
202207041300,,0.0
202207041310,,0.0
202207041315,,0.0
202207041320,,0.0
202207041325,,0.0
202207041330,,0.0
202207041335,,0.0
202207041340,,0.0
202207041345,,0.0
202207041350,,0.0
202207041400,,0.0
202207041410,,0.0
202207041415,,0.0
202207041420,,0.0
202207041425,,0.0
202207041430,,0.0
202207041435,,0.0
202207041440,,0.0
202207041445,288.0,0.4
202207041455,,0.0
202207041500,,0.0
202207041510,,0.0
202207041515,,0.0
202207041520,,0.0
202207041525,,0.0
202207041530,,0.0
202207041535,313.0,0.4
202207041540,314.0,0.4
202207041545,,0.0
202207041550,,0.0
202207041555,,0.0
202207041600,,0.0
202207041610,315.0,0.4
202207041615,,0.0
202207041620,,0.0
202207041625,,0.0
202207041630,,0.0
202207041635,,0.0
202207041640,,0.0
202207041645,,0.0
202207041650,,0.0
202207041655,291.0,0.4
202207041710,,0.0
202207041715,,0.0
202207041720,,0.0
202207041725,,0.0
202207041730,,0.0
202207041735,,0.0
202207041740,,0.0
202207041745,233.0,0.4
202207041750,301.0,0.4
202207041755,,0.0
202207041800,,0.0
202207041810,347.0,0.9
202207041815,123.0,0.9
202207041820,83.0,0.9
202207041825,94.0,0.4
202207041830,77.0,0.4
202207041835,,0.0
202207041840,,0.0
202207041845,,0.0
202207041850,,0.0
202207041855,,0.0
202207041910,,0.0
202207041915,,0.0
202207041920,,0.0
202207041925,,0.0
202207041930,,0.0
202207041935,,0.0
202207041940,,0.0
202207041945,,0.0
202207041950,,0.0
202207041955,,0.0
202207042000,,0.0
202207042010,,0.0
202207042015,,0.0
202207042020,,0.0
202207042025,,0.0
202207042030,,0.0
202207042035,,0.0
202207042040,,0.0
202207042045,,0.0
202207042050,,0.0
202207042055,,0.0
202207042100,,0.0
202207042110,,0.0
202207042115,,0.0
202207042120,,0.0
202207042125,,0.0
202207042130,,0.0
202207042135,,0.0
202207042140,,0.0
202207042145,,0.0
202207042150,,0.0
202207042155,,0.0
202207042200,,0.0
202207042210,,0.0
202207042215,,0.0
202207042220,,0.0
202207042225,,0.0
202207042230,,0.0
202207042235,,0.0
202207042240,,0.0
202207042245,,0.0
202207042250,,0.0
202207042255,,0.0
202207042300,,0.0
202207042310,,0.0
202207042315,,0.0
202207042320,,0.0
202207042325,,0.0
202207042330,,0.0
202207042335,,0.0
202207042340,,0.0
202207042345,,0.0
202207042350,,0.0
202207042355,,0.0
202207050000,,0.0
202207050010,,0.0
202207050015,,0.0
202207050020,,0.0
202207050025,,0.0
202207050030,,0.0
202207050035,,0.0
202207050040,,0.0
202207050045,,0.0
202207050050,,0.0
202207050055,,0.0
202207050100,,0.0
202207050110,,0.0
202207050115,,0.0
202207050120,,0.0
202207050125,,0.0
202207050130,,0.0
202207050135,,0.0
202207050140,,0.0
202207050145,,0.0
202207050150,,0.0
202207050155,,0.0
202207050200,,0.0
202207050210,,0.0
202207050215,,0.0
202207050220,,0.0
202207050225,,0.0
202207050230,,0.0
202207050235,,0.0
202207050240,,0.0
202207050245,,0.0
202207050250,,0.0
202207050255,,0.0
202207050300,,0.0
202207050310,,0.0
202207050315,,0.0
202207050320,,0.0
202207050325,,0.0
202207050330,,0.0
202207050335,,0.0
202207050340,,0.0
202207050345,,0.0
202207050350,,0.0
202207050355,,0.0
202207050400,,0.0
202207050410,,0.0
202207050415,,0.0
202207050420,,0.0
202207050425,,0.0
202207050430,,0.0
202207050435,,0.0
202207050440,,0.0
202207050445,,0.0
202207050450,,0.0
202207050455,,0.0
202207050500,,0.0
202207050510,,0.0
202207050515,,0.0
202207050520,,0.0
202207050525,,0.0
202207050540,,0.0
202207050545,,0.0
202207050550,,0.0
202207050555,,0.0
202207050600,,0.0
202207050610,,0.0
202207050615,,0.0
202207050620,,0.0
202207050625,,0.0
202207050635,,0.0
202207050640,,0.0
202207050645,,0.0
202207050650,,0.0
202207050655,,0.0
202207050700,,0.0
202207050710,,0.0
202207050715,,0.0
202207050720,,0.0
202207050725,,0.0
202207050730,,0.0
202207050735,,0.0
202207050740,,0.0
202207050745,,0.0
202207050750,,0.0
202207050755,,0.0
202207050800,,0.0
202207050810,,0.0
202207050815,,0.0
202207050820,,0.0
202207050825,,0.0
202207050830,,0.0
202207050835,,0.0
202207050840,,0.0
202207050845,,0.0
202207050850,,0.0
202207050855,,0.0
202207050900,,0.0
202207050910,,0.0
202207050915,,0.0
202207050920,,0.0
202207050925,,0.0
202207050930,,0.0
202207050935,,0.0
202207050940,,0.0
202207050945,,0.0
202207050950,,0.0
202207050955,,0.0
202207051010,,0.0
202207051015,,0.0
202207051020,,0.0
202207051025,,0.0
202207051030,,0.0
202207051035,,0.0
202207051040,,0.0
202207051045,,0.0
202207051050,,0.0
202207051055,,0.0
202207051100,,0.0
202207051110,,0.0
202207051115,,0.0
202207051120,,0.0
202207051125,,0.0
202207051130,,0.0
202207051135,,0.0
202207051140,,0.0
202207051145,,0.0
202207051150,,0.0
202207051155,,0.0
202207051210,,0.0
202207051215,,0.0
202207051220,,0.0
202207051225,,0.0
202207051230,,0.0
202207051235,,0.0
202207051240,,0.0
202207051250,,0.0
202207051300,,0.0
202207051310,,0.0
202207051315,,0.0
202207051320,,0.0
202207051325,,0.0
202207051330,,0.0
202207051335,,0.0
202207051340,,0.0
202207051345,,0.0
202207051350,,0.0
202207051400,,0.0
202207051410,,0.0
202207051415,,0.0
202207051420,,0.0
202207051430,,0.0
202207051435,,0.0
202207051440,,0.0
202207051445,,0.0
202207051450,,0.0
202207051455,,0.0
202207051500,,0.0
202207051510,,0.0
202207051515,,0.0
202207051520,,0.0
202207051525,,0.0
202207051530,,0.0
202207051535,,0.0
202207051540,,0.0
202207051545,,0.0
202207051550,,0.0
202207051555,,0.0
202207051600,,0.0
202207051610,,0.0
202207051615,,0.0
202207051620,,0.0
202207051625,,0.0
202207051630,,0.0
202207051635,,0.0
202207051640,,0.0
202207051645,,0.0
202207051650,,0.0
202207051655,,0.0
202207051700,,0.0
202207051710,,0.0
202207051715,,0.0
202207051720,,0.0
202207051725,,0.0
202207051730,,0.0
202207051735,,0.0
202207051740,,0.0
202207051745,,0.0
202207051750,,0.0
202207051755,,0.0
202207051800,,0.0
202207051810,,0.0
202207051815,,0.0
202207051820,,0.0
202207051825,,0.0
202207051830,,0.0
202207051835,,0.0
202207051840,,0.0
202207051845,,0.0
202207051850,,0.0
202207051855,,0.0
202207051900,,0.0
202207051910,,0.0
202207051915,,0.0
202207051920,,0.0
202207051925,,0.0
202207051930,,0.0
202207051935,,0.0
202207051940,,0.0
202207051945,,0.0
202207051950,,0.0
202207051955,,0.0
202207052000,,0.0
202207052010,174.0,1.3
202207052015,222.0,2.2
202207052020,168.0,2.2
202207052025,138.0,0.9
202207052030,105.0,0.9
202207052035,225.0,0.9
202207052040,190.0,0.9
202207052045,206.0,1.3
202207052055,112.0,0.9
202207052100,99.0,0.9
202207052110,210.0,0.9
202207052120,145.0,0.9
202207052125,,0.0
202207052130,,0.0
202207052140,124.0,0.9
202207052145,239.0,0.9
202207052150,153.0,0.9
202207052155,136.0,0.9
202207052200,132.0,0.9
202207052210,193.0,0.9
202207052215,220.0,0.9
202207052220,189.0,0.9
202207052225,171.0,1.3
202207052235,73.0,0.9
202207052240,108.0,0.9
202207052245,148.0,0.9
202207052255,219.0,0.9
202207052300,217.0,0.9
202207052310,214.0,0.9
202207052315,233.0,0.9
202207052325,190.0,0.9
202207052330,230.0,0.9
202207052340,186.0,2.2
202207052345,186.0,0.9
202207052350,244.0,0.9
202207052355,199.0,0.9
202207060000,181.0,0.9
202207060010,179.0,0.4
202207060015,115.0,0.9
202207060020,217.0,0.9
202207060025,210.0,0.9
202207060030,233.0,0.9
202207060035,206.0,0.9
202207060040,243.0,0.9
202207060050,212.0,0.9
202207060055,212.0,0.9
202207060100,212.0,0.9
202207060110,,0.0
202207060115,,0.0
202207060120,,0.0
202207060125,,0.0
202207060130,,0.0
202207060135,,0.0
202207060145,,0.0
202207060150,,0.0
202207060155,,0.0
202207060200,,0.0
202207060210,,0.0
202207060215,,0.0
202207060220,,0.0
202207060225,,0.0
202207060230,,0.0
202207060235,,0.0
202207060240,,0.0
202207060245,,0.0
202207060250,,0.0
202207060255,,0.0
202207060300,,0.0
202207060310,,0.0
202207060315,,0.0
202207060320,,0.0
202207060325,,0.0
202207060330,,0.0
202207060335,,0.0
202207060340,,0.0
202207060345,,0.0
202207060350,,0.0
202207061600,256.0,0.4
202207061610,184.0,0.4
202207061615,289.0,0.4
202207061620,332.0,0.4
202207061625,336.0,0.4
202207061630,194.0,0.4
202207061635,187.0,0.9
202207061640,313.0,0.9
202207061645,,0.0
202207061650,,0.0
202207061655,316.0,0.9
202207061710,121.0,0.9
202207061715,217.0,0.9
202207061720,68.0,0.9
202207061725,228.0,0.9
202207061730,153.0,0.9
202207061735,237.0,0.9
202207061740,181.0,0.9
202207061745,119.0,0.4
202207061750,102.0,0.4
202207061755,263.0,0.4
202207061800,206.0,0.4
202207061810,232.0,0.9
202207061815,124.0,0.4
202207061820,129.0,0.4
202207061825,204.0,0.9
202207061830,292.0,0.9
202207061835,104.0,0.4
202207061840,128.0,0.4
202207061845,127.0,0.9
202207061850,126.0,0.9
202207061855,164.0,0.4
202207061900,181.0,0.4
202207061910,180.0,0.9
202207061915,201.0,0.9
202207061920,173.0,0.9
202207061925,216.0,0.9
202207061930,209.0,0.9
202207061935,169.0,0.9
202207061940,175.0,0.9
202207061945,215.0,0.4
202207061950,151.0,0.4
202207061955,225.0,0.9
202207062000,200.0,0.9
202207062010,167.0,0.4
202207062015,238.0,0.9
202207062020,151.0,0.9
202207062025,231.0,0.9
202207062030,188.0,0.9
202207062035,201.0,0.9
202207062040,161.0,0.9
202207062045,223.0,0.9
202207062050,217.0,0.9
202207062055,218.0,0.4
202207062100,112.0,0.4
202207062110,154.0,0.9
202207062115,,0.0
202207062120,,0.0
202207062125,,0.0
202207062130,,0.0
202207062135,256.0,1.3
202207062140,325.0,1.3
202207062150,355.0,2.2
202207062155,320.0,0.9
202207062200,191.0,0.9
202207062210,289.0,0.9
202207062215,,0.0
202207062220,,0.0
202207062225,,0.0
202207062230,,0.0
202207062235,,0.0
202207062240,,0.0
202207062245,232.0,0.4
202207062250,198.0,0.4
202207062255,,0.0
202207062300,,0.0
202207062310,,0.0
202207062315,,0.0
202207062320,,0.0
202207062325,223.0,0.9
202207062330,194.0,0.9
202207062335,,0.0
202207062340,,0.0
202207062345,216.0,0.9
202207062350,195.0,0.9
202207062355,230.0,0.4
202207070000,186.0,0.4
202207070010,223.0,0.9
202207070015,,0.0
202207070020,,0.0
202207070025,,0.0
202207070030,,0.0
202207070035,,0.0
202207070040,,0.0
202207070045,,0.0
202207070050,,0.0
202207070055,,0.0
202207070100,,0.0
202207070110,,0.0
202207070115,,0.0
202207070120,,0.0
202207070125,,0.0
202207070130,,0.0
202207070135,,0.0
202207070140,,0.0
202207070145,,0.0
202207070150,,0.0
202207070155,,0.0
202207070200,,0.0
202207070210,,0.0
202207070215,,0.0
202207070220,,0.0
202207070225,,0.0
202207070230,,0.0
202207070235,,0.0
202207070240,,0.0
202207070245,,0.0
202207070250,,0.0
202207070255,,0.0
202207070310,,0.0
202207070315,,0.0
202207070320,,0.0
202207070325,,0.0
202207070330,,0.0
202207070335,,0.0
202207070340,,0.0
202207070345,,0.0
202207070350,,0.0
202207070355,,0.0
202207070400,,0.0
202207070410,,0.0
202207070415,,0.0
202207070420,,0.0
202207070425,,0.0
202207070430,,0.0
202207070435,,0.0
202207070440,,0.0
202207070445,,0.0
202207070455,,0.0
202207070500,,0.0
202207070510,,0.0
202207070515,,0.0
202207070520,,0.0
202207070525,,0.0
202207070535,,0.0
202207070545,,0.0
202207070550,,0.0
202207070610,,0.0
202207070615,,0.0
202207070620,,0.0
202207070625,,0.0
202207070630,,0.0
202207070635,,0.0
202207070640,,0.0
202207070645,,0.0
202207070650,,0.0
202207070655,,0.0
202207070700,,0.0
202207070710,,0.0
202207070715,,0.0
202207070720,,0.0
202207070725,,0.0
202207070730,,0.0
202207070735,,0.0
202207070740,,0.0
202207070750,,0.0
202207070755,,0.0
202207070800,,0.0
202207070810,,0.0
202207070815,,0.0
202207070820,,0.0
202207070825,,0.0
202207070830,,0.0
202207070835,,0.0
202207070840,,0.0
202207070845,,0.0
202207070850,,0.0
202207070900,,0.0
202207070910,,0.0
202207070915,,0.0
202207070920,,0.0
202207070925,,0.0
202207070930,,0.0
202207070935,,0.0
202207070940,,0.0
202207070945,,0.0
202207070955,,0.0
202207071000,,0.0
202207071010,,0.0
202207071015,,0.0
202207071020,,0.0
202207071025,,0.0
202207071030,,0.0
202207071035,,0.0
202207071040,,0.0
202207071045,,0.0
202207071050,,0.0
202207071055,,0.0
202207071100,,0.0
202207071110,,0.0
202207071115,,0.0
202207071120,,0.0
202207071125,,0.0
202207071130,,0.0
202207071135,,0.0
202207071140,,0.0
202207071145,,0.0
202207071150,,0.0
202207071155,,0.0
202207071200,,0.0
202207071210,,0.0
202207071215,,0.0
202207071220,,0.0
202207071225,,0.0
202207071230,,0.0
202207071235,,0.0
202207071240,,0.0
202207071245,,0.0
202207071250,,0.0
202207071255,,0.0
202207071300,,0.0
202207071310,,0.0
202207071315,,0.0
202207071320,,0.0
202207071325,,0.0
202207071330,,0.0
202207071335,,0.0
202207071340,,0.0
202207071345,186.0,0.4
202207071350,290.0,0.4
202207071355,,0.0
202207071400,,0.0
202207071410,,0.0
202207071415,,0.0
202207071420,,0.0
202207071425,,0.0
202207071430,,0.0
202207071435,,0.0
202207071440,,0.0
202207071445,249.0,0.4
202207071450,201.0,0.4
202207071455,189.0,0.9
202207071500,191.0,0.9
202207071510,,0.0
202207071515,,0.0
202207071520,,0.0
202207071525,,0.0
202207071530,,0.0
202207071535,216.0,0.9
202207071540,349.0,0.9
202207071545,,0.0
202207071550,,0.0
202207071555,334.0,0.9
202207071600,182.0,0.9
202207071610,110.0,0.4
202207071615,156.0,0.4
202207071620,273.0,0.4
202207071625,351.0,0.9
202207071640,246.0,0.9
202207071645,162.0,1.3
202207071655,255.0,0.9
202207071700,239.0,0.9
202207071710,302.0,0.9
202207071715,249.0,0.9
202207071720,67.0,0.9
202207071725,301.0,0.9
202207071735,348.0,0.4
202207071740,358.0,0.4
202207071745,328.0,0.9
202207071750,173.0,0.9
202207071755,4.0,0.4
202207071800,356.0,0.4
202207071810,,0.0
202207071815,358.0,0.4
202207071820,306.0,0.4
202207071825,354.0,0.9
202207071830,348.0,0.9
202207071835,323.0,0.9
202207071840,16.0,0.9
202207071845,210.0,0.9
202207071850,332.0,0.9
202207071855,229.0,0.9
202207071900,357.0,0.9
202207071910,297.0,0.4
202207071915,12.0,0.9
202207071920,38.0,0.9
202207071930,249.0,0.9
202207071935,211.0,0.9
202207071940,215.0,0.9
202207071950,227.0,0.9
202207071955,261.0,1.3
202207072000,336.0,1.3
202207072010,292.0,0.9
202207072015,324.0,0.9
202207072020,255.0,0.9
202207072025,,0.0
202207072030,,0.0
202207072035,329.0,0.9
202207072040,351.0,0.9
202207072045,,0.0
202207072050,,0.0
202207072055,218.0,0.9
202207072100,126.0,0.9
202207072110,165.0,0.9
202207072115,209.0,1.3
202207072120,261.0,1.3
202207072125,261.0,0.9
202207072130,251.0,0.9
202207072140,230.0,0.9
202207072145,215.0,0.9
202207072150,200.0,0.9
202207072155,257.0,0.9
202207072200,164.0,0.9
202207072210,199.0,0.9
202207072215,187.0,0.9
202207072220,242.0,0.9
202207072225,269.0,1.3
202207072230,102.0,1.3
202207072235,342.0,0.4
202207072240,13.0,0.4
202207072245,335.0,1.3
202207072250,301.0,1.3
202207072255,328.0,2.7
202207072310,351.0,2.7
202207072315,15.0,2.7
202207072320,118.0,2.7
202207072325,114.0,0.9
202207072330,95.0,0.9
202207072335,125.0,0.9
202207072340,97.0,0.9
202207072345,124.0,0.9
202207072350,122.0,0.9
202207072355,127.0,0.9
202207080000,116.0,0.9
202207080010,215.0,0.9
202207080015,215.0,0.9
202207080020,215.0,0.9
202207080025,,0.0
202207080030,,0.0
202207080035,,0.0
202207080040,,0.0
202207080045,1.0,0.4
202207080050,1.0,0.4
202207080055,,0.0
202207080110,,0.0
202207080115,,0.0
202207080120,,0.0
202207080130,,0.0
202207080135,,0.0
202207080140,,0.0
202207080145,,0.0
202207080150,,0.0
202207080155,,0.0
202207080200,,0.0
202207080210,,0.0
202207080215,217.0,0.4
202207080220,210.0,0.4
202207080225,218.0,0.9
202207080230,217.0,0.9
202207080235,247.0,0.9
202207080240,220.0,0.9
202207080245,247.0,0.4
202207080250,215.0,0.4
202207080255,168.0,0.9
202207080300,227.0,0.9
202207080310,99.0,0.4
202207080315,,0.0
202207080320,,0.0
202207080325,,0.0
202207080330,,0.0
202207080335,,0.0
202207080340,,0.0
202207080345,,0.0
202207080350,,0.0
202207080355,,0.0
202207080400,,0.0
202207080410,201.0,0.4
202207080415,176.0,0.4
202207080420,153.0,0.4
202207080425,,0.0
202207080430,,0.0
202207080435,288.0,0.4
202207080440,245.0,0.4
202207080445,,0.0
202207080450,,0.0
202207080455,,0.0
202207080500,,0.0
202207080510,,0.0
202207080515,,0.0
202207080520,,0.0
202207080525,207.0,0.9
202207080530,218.0,0.9
202207080535,195.0,0.9
202207080540,148.0,0.9
202207080545,190.0,0.9
202207080550,198.0,0.9
202207080555,180.0,0.9
202207080600,155.0,0.9
202207080610,179.0,0.9
202207080615,191.0,0.9
202207080620,259.0,0.9
202207080625,220.0,0.9
202207080630,220.0,0.9
202207080635,,0.0
202207080640,,0.0
202207080645,,0.0
202207080650,,0.0
202207080655,,0.0
202207080700,,0.0
202207080710,,0.0
202207080715,,0.0
202207080720,,0.0
202207080725,,0.0
202207080730,,0.0
202207080735,,0.0
202207080740,,0.0
202207080745,,0.0
202207080750,,0.0
202207080755,,0.0
202207080810,,0.0
202207080815,,0.0
202207080820,,0.0
202207080825,,0.0
202207080830,,0.0
202207080835,,0.0
202207080840,,0.0
202207080845,,0.0
202207080850,,0.0
202207080855,,0.0
202207080900,,0.0
202207080910,,0.0
202207080915,,0.0
202207080920,,0.0
202207080925,,0.0
202207080930,,0.0
202207080935,,0.0
202207080940,,0.0
202207080945,,0.0
202207080950,,0.0
202207080955,,0.0
202207081000,,0.0
202207081010,,0.0
202207081015,,0.0
202207081020,,0.0
202207081030,,0.0
202207081035,,0.0
202207081040,,0.0
202207081045,,0.0
202207081050,,0.0
202207081055,,0.0
202207081100,,0.0
202207081110,,0.0
202207081115,,0.0
202207081120,,0.0
202207081125,,0.0
202207081130,,0.0
202207081135,,0.0
202207081140,,0.0
202207081145,,0.0
202207081150,,0.0
202207081155,,0.0
202207081200,,0.0
202207081210,227.0,0.4
202207081215,209.0,0.9
202207081220,209.0,0.9
202207081225,224.0,0.9
202207081230,210.0,0.9
202207081235,186.0,0.9
202207081240,218.0,0.9
202207081245,221.0,1.3
202207081250,217.0,1.3
202207081300,223.0,0.9
202207081315,199.0,0.9
202207081320,250.0,0.9
202207081325,190.0,0.9
202207081330,190.0,0.9
202207081335,266.0,1.3
202207081340,237.0,1.3
202207081345,278.0,0.9
202207081350,184.0,0.9
202207081355,298.0,0.9
202207081400,162.0,0.9
202207081410,325.0,0.9
202207081415,173.0,0.9
202207081425,190.0,0.9
202207081430,4.0,0.9
202207081435,225.0,0.9
202207081440,2.0,0.9
202207081445,301.0,0.9
202207081450,334.0,0.9
202207081455,234.0,0.4
202207081500,205.0,0.4
202207081510,291.0,0.9
202207081515,194.0,0.9
202207081520,215.0,0.9
202207081525,122.0,2.2
202207081530,269.0,2.2
202207081535,219.0,0.9
202207081540,215.0,0.9
202207081545,311.0,1.3
202207081550,344.0,1.3
202207081555,267.0,0.9
202207081600,77.0,0.9
202207081610,277.0,0.9
202207081615,288.0,0.9
202207081620,323.0,0.9
202207081625,223.0,1.3
202207081630,178.0,1.3
202207081635,195.0,0.9
202207081640,199.0,0.9
202207081645,340.0,1.3
202207081650,219.0,1.3
202207081655,8.0,0.9
202207081700,347.0,0.9
202207081710,342.0,0.9
202207081715,85.0,0.9
202207081720,2.0,0.9
202207081725,344.0,0.9
202207081730,196.0,0.9
202207081735,121.0,0.9
202207081740,85.0,0.9
202207081745,325.0,0.9
202207081750,333.0,0.9
202207081755,17.0,0.9
202207081800,353.0,0.9
202207081810,302.0,0.9
202207081815,299.0,0.9
202207081820,288.0,0.9
202207081825,291.0,1.3
202207081830,321.0,1.3
202207081835,340.0,0.9
202207081840,340.0,0.9
202207081845,294.0,0.9
202207081850,332.0,0.9
202207081855,328.0,0.9
202207081910,347.0,0.9
202207081920,338.0,0.9
202207081925,323.0,1.3
202207081930,345.0,1.3
202207081935,336.0,0.9
202207081940,353.0,0.9
202207081945,356.0,1.3
202207081950,25.0,1.3
202207081955,328.0,0.9
202207082000,312.0,0.9
202207082010,42.0,0.9
202207082020,337.0,0.9
202207082025,7.0,0.9
202207082030,11.0,0.9
202207082035,336.0,0.4
202207082040,326.0,0.4
202207082045,194.0,0.9
202207082050,197.0,0.9
202207082055,170.0,2.2
202207082100,192.0,2.2
202207082110,212.0,3.1
202207082120,193.0,2.7
202207082125,207.0,3.1
202207082130,219.0,3.1
202207082135,191.0,3.6
202207082140,198.0,3.6
202207082145,218.0,3.1
202207082150,212.0,3.1
202207082155,179.0,2.7
202207082200,209.0,2.7
202207082210,194.0,2.7
202207082215,214.0,2.2
202207082220,191.0,2.2
202207082225,195.0,1.3
202207082230,162.0,1.3
202207082235,209.0,2.2
202207082245,199.0,2.2
202207082250,198.0,2.2
202207082255,216.0,1.3
202207082300,147.0,1.3
202207082310,126.0,0.4
202207082315,147.0,0.9
202207082320,236.0,0.9
202207082325,136.0,0.9
202207082330,156.0,0.9
202207082335,155.0,0.9
202207082340,189.0,0.9
202207082345,135.0,0.9
202207082350,131.0,0.9
202207082355,189.0,0.9
202207090000,153.0,0.9
202207090010,222.0,1.3
202207090015,124.0,0.9
202207090020,182.0,0.9
202207090025,106.0,0.9
202207090030,116.0,0.9
202207090035,117.0,0.9
202207090040,221.0,0.9
202207090045,234.0,0.9
202207090050,205.0,0.9
202207090055,208.0,0.9
202207090100,211.0,0.9
202207090110,205.0,0.9
202207090115,195.0,0.9
202207090120,222.0,0.9
202207090125,206.0,0.9
202207090130,315.0,0.9
202207090135,307.0,0.9
202207090140,350.0,0.9
202207090145,9.0,0.9
202207090150,325.0,0.9
202207090155,329.0,0.9
202207090200,329.0,0.9
202207090210,333.0,0.9
202207090215,60.0,0.9
202207090220,183.0,0.9
202207090225,226.0,0.4
202207090230,299.0,0.4
202207090235,205.0,0.4
202207090240,192.0,0.4
202207090245,206.0,0.9
202207090250,198.0,0.9
202207090255,160.0,0.9
202207090300,214.0,0.9
202207090310,236.0,0.9
202207090315,218.0,0.9
202207090320,217.0,0.9
202207090325,199.0,0.4
202207090330,189.0,0.4
202207090340,213.0,0.9
202207090345,187.0,0.9
202207090350,199.0,0.9
202207090355,214.0,0.9
202207090400,199.0,0.9
202207090410,181.0,0.9
202207090415,204.0,0.9
202207090420,202.0,0.9
202207090425,180.0,0.9
202207090430,203.0,0.9
202207090435,201.0,0.9
202207090445,170.0,0.9
202207090450,204.0,0.9
202207090455,198.0,0.9
202207090500,188.0,0.9
202207090510,209.0,0.9
202207090520,175.0,0.9
202207090530,126.0,0.4
202207090540,,0.0
202207090545,,0.0
202207090550,,0.0
202207090555,,0.0
202207090600,,0.0
202207090610,,0.0
202207090620,112.0,0.4
202207090625,124.0,0.4
202207090630,111.0,0.4
202207090640,54.0,0.4
202207090645,,0.0
202207090650,,0.0
202207090655,,0.0
202207090700,,0.0
202207090710,,0.0
202207090715,,0.0
202207090725,,0.0
202207090730,,0.0
202207090735,,0.0
202207090740,,0.0
202207090745,178.0,0.4
202207090750,161.0,0.4
202207090755,163.0,0.9
202207090800,234.0,0.9
202207090810,201.0,0.9
202207090815,220.0,0.9
202207090820,231.0,0.9
202207090825,207.0,0.9
202207090830,217.0,0.9
202207090840,247.0,0.4
202207090845,182.0,0.4
202207090850,209.0,0.4
202207090855,,0.0
202207090900,,0.0
202207090915,216.0,0.4
202207090920,140.0,0.4
202207090925,235.0,0.4
202207090930,148.0,0.4
202207090935,192.0,0.9
202207090940,227.0,0.9
202207090945,212.0,0.9
202207090950,187.0,0.9
202207090955,178.0,0.9
202207091000,219.0,0.9
202207091010,184.0,0.9
202207091015,242.0,1.3
202207091020,214.0,1.3
202207091025,209.0,1.3
202207091030,201.0,1.3
202207091035,201.0,0.9
202207091040,201.0,0.9
202207091045,78.0,0.9
202207091050,324.0,0.9
202207091100,337.0,0.4
202207091110,197.0,0.4
202207091115,112.0,0.9
202207091120,351.0,0.9
202207091125,61.0,0.9
202207091130,77.0,0.9
202207091135,273.0,0.9
202207091140,325.0,0.9
202207091145,15.0,0.4
202207091150,33.0,0.4
202207091155,332.0,0.4
202207091200,339.0,0.4
202207091210,343.0,0.9
202207091215,342.0,0.9
202207091220,208.0,0.9
202207091225,190.0,0.9
202207091230,352.0,0.9
202207091235,134.0,0.4
202207091240,277.0,0.4
202207091245,304.0,0.9
202207091250,177.0,0.9
202207091300,200.0,0.9
202207091310,227.0,0.9
202207091315,301.0,1.3
202207091320,209.0,1.3
202207091325,204.0,1.3
202207091330,186.0,1.3
202207091335,293.0,1.3
202207091340,300.0,1.3
202207091345,230.0,0.9
202207091350,222.0,0.9
202207091355,218.0,0.9
202207091400,220.0,0.9
202207091410,195.0,1.3
202207091415,235.0,0.9
202207091420,250.0,0.9
202207091425,218.0,1.3
202207091430,219.0,1.3
202207091440,271.0,1.3
202207091445,283.0,0.9
202207091450,214.0,0.9
202207091455,174.0,0.9
202207091500,191.0,0.9
202207091510,203.0,0.9
202207091515,230.0,1.3
202207091520,257.0,1.3
202207091525,246.0,0.9
202207091530,298.0,0.9
202207091535,147.0,0.9
202207091540,200.0,0.9
202207091545,306.0,0.9
202207091550,316.0,0.9
202207091555,138.0,0.9
202207091610,336.0,0.9
202207091615,171.0,0.9
202207091620,326.0,0.9
202207091625,183.0,0.9
202207091630,101.0,0.9
202207091635,323.0,0.9
202207091640,345.0,0.9
202207091645,212.0,1.3
202207091650,209.0,1.3
202207091655,333.0,1.3
202207091700,288.0,1.3
202207091710,202.0,1.3
202207091720,206.0,2.2
202207091725,227.0,2.2
202207091730,214.0,2.2
202207091735,212.0,2.2
202207091740,200.0,2.2
202207091745,230.0,2.2
202207091750,198.0,2.2
202207091755,220.0,2.2
202207091800,218.0,2.2
202207091810,128.0,2.2
202207091815,253.0,0.9
202207091820,308.0,0.9
202207091825,305.0,0.9
202207091830,170.0,0.9
202207091835,207.0,0.9
202207091840,8.0,0.9
202207091845,284.0,0.4
202207091850,217.0,0.4
202207091855,224.0,0.4
202207091900,213.0,0.4
202207091910,194.0,0.9
202207091915,194.0,0.9
202207091920,197.0,0.9
202207091930,169.0,0.9
202207091935,251.0,0.9
202207091940,228.0,0.9
202207091945,188.0,0.9
202207091950,210.0,0.9
202207091955,210.0,0.9
202207092000,207.0,0.9
202207092010,229.0,0.9
202207092015,214.0,0.9
202207092020,239.0,0.9
202207092025,173.0,1.3
202207092030,174.0,1.3
202207092035,192.0,2.2
202207092040,211.0,2.2
202207092045,198.0,0.9
202207092050,134.0,0.9
202207092055,203.0,0.9
202207092100,222.0,0.9
202207092110,157.0,0.9
202207092115,214.0,0.9
202207092120,237.0,0.9
202207092125,296.0,1.3
202207092130,213.0,1.3
202207092135,197.0,0.9
202207092140,210.0,0.9
202207092145,217.0,1.3
202207092150,228.0,1.3
202207092155,225.0,1.3
202207092200,196.0,1.3
202207092210,239.0,0.9
202207092215,214.0,0.9
202207092220,194.0,0.9
202207092225,264.0,0.9
202207092230,232.0,0.9
202207092235,228.0,0.9
202207092240,182.0,0.9
202207092245,235.0,0.9
202207092250,195.0,0.9
202207092255,210.0,0.9
202207092300,181.0,0.9
202207092310,,0.0
202207092315,181.0,0.4
202207092320,150.0,0.4
202207092325,217.0,0.9
202207092330,142.0,0.9
202207092335,,0.0
202207092340,,0.0
202207092345,197.0,0.9
202207092350,128.0,0.9
202207092355,213.0,0.4
202207100000,211.0,0.4
202207100010,211.0,0.9
202207100015,143.0,0.9
202207100025,174.0,0.9
202207100030,194.0,0.9
202207100035,222.0,0.9
202207100040,262.0,0.9
202207100045,199.0,0.9
202207100050,204.0,0.9
202207100055,193.0,0.4
202207100100,234.0,0.4
202207100110,215.0,0.9
202207100115,202.0,0.9
202207100120,211.0,0.9
202207100125,213.0,1.3
202207100130,163.0,1.3
202207100135,199.0,0.9
202207100140,200.0,0.9
202207100145,225.0,0.9
202207100150,237.0,0.9
202207100200,225.0,1.3
202207100210,205.0,1.3
202207100215,209.0,1.3
202207100220,206.0,1.3
202207100225,200.0,1.3
202207100230,202.0,1.3
202207100235,212.0,1.3
202207100240,217.0,1.3
202207100250,199.0,1.3
202207100255,221.0,0.9
202207100300,208.0,0.9
202207100310,224.0,1.3
202207100315,221.0,0.9
202207100320,228.0,0.9
202207100325,209.0,0.9
202207100330,204.0,0.9
202207100335,208.0,1.3
202207100340,201.0,1.3
202207100345,231.0,1.3
202207100350,204.0,1.3
202207100355,208.0,1.3
202207100400,228.0,1.3
202207100415,220.0,0.9
202207100420,209.0,0.9
202207100425,217.0,0.9
202207100430,197.0,0.9
202207100440,187.0,0.9
202207100445,193.0,0.9
202207100450,209.0,0.9
202207100455,195.0,0.9
202207100500,192.0,0.9
202207100510,214.0,0.9
202207100515,209.0,0.4
202207100525,209.0,0.9
202207100530,190.0,0.9
202207100535,216.0,0.9
202207100540,215.0,0.9
202207100545,203.0,0.9
202207100550,219.0,0.9
202207100555,243.0,0.4
202207100600,196.0,0.4
202207100610,214.0,0.4
202207100620,209.0,0.9
202207100625,203.0,0.9
202207100630,229.0,0.9
202207100635,219.0,0.9
202207100640,175.0,0.9
202207100645,199.0,0.9
202207100650,199.0,0.9
202207100655,230.0,0.9
202207100700,192.0,0.9
202207100710,217.0,0.9
202207100715,211.0,0.9
202207100720,206.0,0.9
202207100725,199.0,0.4
202207100730,203.0,0.4
202207100735,,0.0
202207100740,,0.0
202207100745,,0.0
202207100750,,0.0
202207100755,,0.0
202207100800,,0.0
202207100810,282.0,0.4
202207100815,,0.0
202207100820,,0.0
202207100825,211.0,0.4
202207100830,190.0,0.4
202207100835,,0.0
202207100840,,0.0
202207100845,,0.0
202207100850,,0.0
202207100855,,0.0
202207100900,,0.0
202207100910,209.0,0.4
202207100915,,0.0
202207100920,,0.0
202207100925,,0.0
202207100930,,0.0
202207100935,,0.0
202207100940,,0.0
202207100945,,0.0
202207100950,,0.0
202207100955,,0.0
202207101000,,0.0
202207101010,,0.0
202207101015,,0.0
202207101020,,0.0
202207101025,,0.0
202207101030,,0.0
202207101035,,0.0
202207101040,,0.0
202207101045,,0.0
202207101050,,0.0
202207101055,,0.0
202207101100,,0.0
202207101110,,0.0
202207101115,,0.0
202207101120,,0.0
202207101125,205.0,0.9
202207101130,193.0,0.9
202207101135,205.0,0.9
202207101140,205.0,0.9
202207101145,222.0,0.9
202207101150,213.0,0.9
202207101200,196.0,0.4
202207101210,185.0,0.9
202207101215,248.0,0.4
202207101220,223.0,0.4
202207101225,,0.0
202207101230,,0.0
202207101235,,0.0
202207101240,,0.0
202207101245,,0.0
202207101250,,0.0
202207101255,,0.0
202207101300,,0.0
202207101310,,0.0
202207101315,,0.0
202207101320,,0.0
202207101325,,0.0
202207101330,,0.0
202207101335,,0.0
202207101340,,0.0
202207101345,,0.0
202207101350,,0.0
202207101355,,0.0
202207101400,,0.0
202207101410,,0.0
202207101415,,0.0
202207101425,,0.0
202207101435,,0.0
202207101440,,0.0
202207101445,,0.0
202207101450,,0.0
202207101455,,0.0
202207101500,,0.0
202207101510,,0.0
202207101515,,0.0
202207101520,,0.0
202207101525,,0.0
202207101530,,0.0
202207101535,306.0,0.4
202207101540,295.0,0.4
202207101555,,0.0
202207101600,,0.0
202207101620,,0.0
202207101625,,0.0
202207101630,,0.0
202207101635,,0.0
202207101640,,0.0
202207101645,,0.0
202207101650,,0.0
202207101655,,0.0
202207101700,,0.0
202207101715,,0.0
202207101720,,0.0
202207101725,,0.0
202207101735,,0.0
202207101740,,0.0
202207101745,,0.0
202207101750,,0.0
202207101755,,0.0
202207101800,,0.0
202207101810,,0.0
202207101815,,0.0
202207101820,,0.0
202207101825,,0.0
202207101830,,0.0
202207101835,161.0,0.4
202207101840,221.0,0.4
202207101845,,0.0
202207101850,,0.0
202207101855,54.0,0.4
202207101900,150.0,0.4
202207101910,,0.0
202207101915,30.0,0.4
202207101920,230.0,0.4
202207101925,103.0,0.9
202207101930,150.0,0.9
202207101935,126.0,0.4
202207101940,76.0,0.4
202207101945,,0.0
202207101950,,0.0
202207101955,162.0,0.4
202207102000,196.0,0.4
202207102010,,0.0
202207102015,11.0,0.9
202207102020,347.0,0.9
202207102025,0.0,0.4
202207102030,10.0,0.4
202207102035,347.0,0.9
202207102040,10.0,0.9
202207102045,11.0,0.9
202207102050,21.0,0.9
202207102055,356.0,0.9
202207102100,341.0,0.9
202207102110,,0.0
202207102115,,0.0
202207102120,,0.0
202207102125,,0.0
202207102130,,0.0
202207102135,,0.0
202207102140,,0.0
202207102150,,0.0
202207102155,,0.0
202207102200,,0.0
202207102210,,0.0
202207102215,,0.0
202207102220,,0.0
202207102225,,0.0
202207102230,,0.0
202207102235,,0.0
202207102240,,0.0
202207102245,,0.0
202207102250,,0.0
202207102255,,0.0
202207102300,,0.0
202207102310,,0.0
202207102315,,0.0
202207102320,,0.0
202207102325,,0.0
202207102330,,0.0
202207102335,,0.0
202207102345,,0.0
202207102350,,0.0
202207102355,,0.0
202207110000,,0.0
202207110010,,0.0
202207110015,,0.0
202207110020,,0.0
202207110025,,0.0
202207110030,,0.0
202207110035,,0.0
202207110040,,0.0
202207110045,,0.0
202207110050,,0.0
202207110055,,0.0
202207110100,,0.0
202207110110,,0.0
202207110115,,0.0
202207110120,,0.0
202207110125,,0.0
202207110130,,0.0
202207110135,,0.0
202207110140,,0.0
202207110145,,0.0
202207110150,,0.0
202207110155,,0.0
202207110200,,0.0
202207110210,,0.0
202207110215,,0.0
202207110220,,0.0
202207110225,,0.0
202207110230,,0.0
202207110235,,0.0
202207110240,,0.0
202207110245,,0.0
202207110250,,0.0
202207110255,,0.0
202207110310,,0.0
202207110315,,0.0
202207110320,,0.0
202207110325,,0.0
202207110330,,0.0
202207110335,,0.0
202207110340,,0.0
202207110345,,0.0
202207110350,,0.0
202207110355,,0.0
202207110410,,0.0
202207110415,,0.0
202207110420,,0.0
202207110425,,0.0
202207110430,,0.0
202207110435,,0.0
202207110445,,0.0
202207110450,,0.0
202207110510,,0.0
202207110515,,0.0
202207110520,,0.0
202207110525,,0.0
202207110530,,0.0
202207110535,,0.0
202207110540,,0.0
202207110550,,0.0
202207110555,,0.0
202207110610,,0.0
202207110615,,0.0
202207110620,,0.0
202207110625,,0.0
202207110630,,0.0
202207110635,,0.0
202207110640,,0.0
202207110655,,0.0
202207110700,,0.0
202207110710,,0.0
202207110715,,0.0
202207110720,,0.0
202207110725,,0.0
202207110730,,0.0
202207110735,,0.0
202207110740,,0.0
202207110745,,0.0
202207110750,,0.0
202207110755,,0.0
202207110800,,0.0
202207110810,,0.0
202207110815,,0.0
202207110820,,0.0
202207110825,,0.0
202207110830,,0.0
202207110835,,0.0
202207110840,,0.0
202207110845,,0.0
202207110850,,0.0
202207110855,,0.0
202207110900,,0.0
202207110910,,0.0
202207110915,,0.0
202207110920,,0.0
202207110925,,0.0
202207110930,,0.0
202207110935,,0.0
202207110940,,0.0
202207110945,,0.0
202207110950,,0.0
202207110955,,0.0
202207111000,,0.0
202207111010,,0.0
202207111015,,0.0
202207111020,,0.0
202207111025,,0.0
202207111030,,0.0
202207111035,,0.0
202207111040,,0.0
202207111045,,0.0
202207111050,,0.0
202207111055,,0.0
202207111100,,0.0
202207111115,,0.0
202207111120,,0.0
202207111125,,0.0
202207111135,,0.0
202207111140,,0.0
202207111145,,0.0
202207111150,,0.0
202207111155,,0.0
202207111200,,0.0
202207111210,,0.0
202207111215,,0.0
202207111220,,0.0
202207111225,,0.0
202207111230,,0.0
202207111235,,0.0
202207111240,,0.0
202207111245,,0.0
202207111255,,0.0
202207111300,,0.0
202207111310,,0.0
202207111315,,0.0
202207111320,,0.0
202207111325,,0.0
202207111330,,0.0
202207111340,,0.0
202207111345,,0.0
202207111350,,0.0
202207111355,,0.0
202207111400,,0.0
202207111410,,0.0
202207111415,,0.0
202207111420,,0.0
202207111425,,0.0
202207111430,,0.0
202207111435,,0.0
202207111440,,0.0
202207111445,,0.0
202207111450,,0.0
202207111455,,0.0
202207111500,,0.0
202207111510,,0.0
202207111515,,0.0
202207111520,,0.0
202207111525,,0.0
202207111530,,0.0
202207111535,,0.0
202207111540,,0.0
202207111545,,0.0
202207111550,,0.0
202207111555,,0.0
202207111600,,0.0
202207111610,,0.0
202207111620,,0.0
202207111625,,0.0
202207111630,,0.0
202207111635,,0.0
202207111645,,0.0
202207111650,,0.0
202207111655,,0.0
202207111700,,0.0
202207111710,,0.0
202207111715,,0.0
202207111720,,0.0
202207111725,,0.0
202207111730,,0.0
202207111735,,0.0
202207111740,,0.0
202207111745,,0.0
202207111750,,0.0
202207111800,,0.0
202207111810,,0.0
202207111815,,0.0
202207111820,,0.0
202207111825,,0.0
202207111830,,0.0
202207111835,,0.0
202207111840,,0.0
202207111845,68.0,0.4
202207111850,333.0,0.4
202207111855,,0.0
202207111900,,0.0
202207111910,326.0,0.4
202207111915,,0.0
202207111920,,0.0
202207111925,,0.0
202207111930,,0.0
202207111935,,0.0
202207111940,,0.0
202207111945,,0.0
202207111950,,0.0
202207111955,,0.0
202207112000,,0.0
202207112010,,0.0
202207112015,,0.0
202207112020,,0.0
202207112025,,0.0
202207112030,,0.0
202207112035,,0.0
202207112040,,0.0
202207112045,,0.0
202207112050,,0.0
202207112055,,0.0
202207112100,,0.0
202207112115,,0.0
202207112120,,0.0
202207112125,,0.0
202207112130,,0.0
202207112135,,0.0
202207112140,,0.0
202207112145,,0.0
202207112150,,0.0
202207112155,,0.0
202207112200,,0.0
202207112210,,0.0
202207112215,,0.0
202207112225,,0.0
202207112230,,0.0
202207112235,,0.0
202207112240,,0.0
202207112245,,0.0
202207112250,,0.0
202207112255,,0.0
202207112300,,0.0
202207112310,,0.0
202207112315,,0.0
202207112320,,0.0
202207112325,,0.0
202207112330,,0.0
202207112335,,0.0
202207112340,,0.0
202207112345,,0.0
202207112350,,0.0
202207112355,,0.0
202207120000,,0.0
202207120010,,0.0
202207120015,,0.0
202207120020,,0.0
202207120025,,0.0
202207120030,,0.0
202207120035,,0.0
202207120045,,0.0
202207120050,,0.0
202207120055,,0.0
202207120100,,0.0
202207120110,,0.0
202207120115,,0.0
202207120120,,0.0
202207120125,,0.0
202207120130,,0.0
202207120135,,0.0
202207120140,,0.0
202207120145,,0.0
202207120150,,0.0
202207120155,,0.0
202207120200,,0.0
202207120210,,0.0
202207120215,,0.0
202207120220,,0.0
202207120225,,0.0
202207120230,,0.0
202207120235,,0.0
202207120240,,0.0
202207120245,,0.0
202207120250,,0.0
202207120255,,0.0
202207120300,,0.0
202207120310,,0.0
202207120315,,0.0
202207120320,,0.0
202207120325,,0.0
202207120330,,0.0
202207120335,,0.0
202207120340,,0.0
202207120345,,0.0
202207120350,,0.0
202207120355,,0.0
202207120400,,0.0
202207120410,,0.0
202207120415,,0.0
202207120420,,0.0
202207120425,,0.0
202207120430,,0.0
202207120435,,0.0
202207120440,,0.0
202207120445,,0.0
202207120450,,0.0
202207120455,,0.0
202207120500,,0.0
202207120510,,0.0
202207120515,,0.0
202207120520,,0.0
202207120525,,0.0
202207120530,,0.0
202207120535,,0.0
202207120540,,0.0
202207120545,,0.0
202207120550,,0.0
202207120610,,0.0
202207120615,,0.0
202207120620,,0.0
202207120625,,0.0
202207120630,,0.0
202207120635,,0.0
202207120640,,0.0
202207120645,,0.0
202207120650,,0.0
202207120655,,0.0
202207120700,,0.0
202207120710,,0.0
202207120715,,0.0
202207120720,,0.0
202207120725,,0.0
202207120730,,0.0
202207120735,,0.0
202207120740,,0.0
202207120745,,0.0
202207120750,,0.0
202207120755,,0.0
202207120800,,0.0
202207120810,,0.0
202207120815,,0.0
202207120820,,0.0
202207120825,,0.0
202207120830,,0.0
202207120835,,0.0
202207120840,,0.0
202207120845,,0.0
202207120850,,0.0
202207120855,,0.0
202207120900,,0.0
202207120910,,0.0
202207120915,,0.0
202207120920,,0.0
202207120925,,0.0
202207120930,,0.0
202207120935,,0.0
202207120940,,0.0
202207120945,,0.0
202207120950,,0.0
202207120955,,0.0
202207121000,,0.0
202207121010,,0.0
202207121015,,0.0
202207121020,,0.0
202207121025,,0.0
202207121030,,0.0
202207121035,,0.0
202207121040,,0.0
202207121050,,0.0
202207121055,,0.0
202207121100,,0.0
202207121110,,0.0
202207121115,,0.0
202207121120,,0.0
202207121125,,0.0
202207121130,,0.0
202207121135,,0.0
202207121140,,0.0
202207121145,,0.0
202207121150,,0.0
202207121155,,0.0
202207121210,,0.0
202207121215,,0.0
202207121220,,0.0
202207121225,,0.0
202207121230,,0.0
202207121235,,0.0
202207121240,,0.0
202207121245,,0.0
202207121250,,0.0
202207121255,,0.0
202207121300,,0.0
202207121315,,0.0
202207121320,,0.0
202207121325,,0.0
202207121330,,0.0
202207121335,,0.0
202207121340,,0.0
202207121345,,0.0
202207121350,,0.0
202207121355,,0.0
202207121400,,0.0
202207121410,,0.0
202207121415,,0.0
202207121420,,0.0
202207121425,,0.0
202207121430,,0.0
202207121435,,0.0
202207121440,,0.0
202207121445,,0.0
202207121450,,0.0
202207121455,,0.0
202207121500,,0.0
202207121510,,0.0
202207121515,,0.0
202207121520,,0.0
202207121525,,0.0
202207121530,,0.0
202207121535,,0.0
202207121540,,0.0
202207121545,,0.0
202207121550,,0.0
202207121555,,0.0
202207121600,,0.0
202207121610,,0.0
202207121615,,0.0
202207121620,,0.0
202207121625,,0.0
202207121630,,0.0
202207121635,,0.0
202207121640,,0.0
202207121645,,0.0
202207121650,,0.0
202207121655,,0.0
202207121700,,0.0
202207121710,,0.0
202207121715,,0.0
202207121720,,0.0
202207121725,,0.0
202207121730,,0.0
202207121735,,0.0
202207121740,,0.0
202207121745,,0.0
202207121750,,0.0
202207121755,,0.0
202207121800,,0.0
202207121810,,0.0
202207121815,,0.0
202207121820,,0.0
202207121825,273.0,0.4
202207121830,316.0,0.4
202207121835,,0.0
202207121840,,0.0
202207121845,,0.0
202207121850,,0.0
202207121855,,0.0
202207121900,,0.0
202207121910,,0.0
202207121915,,0.0
202207121920,,0.0
202207121925,,0.0
202207121930,,0.0
202207121935,,0.0
202207121940,,0.0
202207121945,215.0,0.4
202207121955,,0.0
202207122000,,0.0
202207122010,,0.0
202207122015,,0.0
202207122020,,0.0
202207122025,,0.0
202207122030,,0.0
202207122035,,0.0
202207122045,,0.0
202207122050,,0.0
202207122055,,0.0
202207122100,,0.0
202207122110,,0.0
202207122120,,0.0
202207122125,,0.0
202207122130,,0.0
202207122135,,0.0
202207122140,,0.0
202207122145,,0.0
202207122150,,0.0
202207122155,,0.0
202207122200,,0.0
202207122210,222.0,0.4
202207122215,139.0,0.4
202207122220,143.0,0.4
202207122225,,0.0
202207122230,,0.0
202207122235,,0.0
202207122240,,0.0
202207122250,,0.0
202207122255,,0.0
202207122300,,0.0
202207122310,,0.0
202207122315,,0.0
202207122320,,0.0
202207122325,,0.0
202207122330,,0.0
202207122335,,0.0
202207122340,,0.0
202207122345,,0.0
202207122350,,0.0
202207122355,,0.0
202207130000,,0.0
202207130010,,0.0
202207130015,,0.0
202207130020,,0.0
202207130025,,0.0
202207130030,,0.0
202207130040,,0.0
202207130045,,0.0
202207130050,,0.0
202207130055,,0.0
202207130100,,0.0
202207130110,,0.0
202207130115,,0.0
202207130120,,0.0
202207130125,,0.0
202207130130,,0.0
202207130135,,0.0
202207130140,,0.0
202207130145,,0.0
202207130150,,0.0
202207130155,,0.0
202207130210,,0.0
202207130215,,0.0
202207130220,,0.0
202207130225,,0.0
202207130230,,0.0
202207130235,,0.0
202207130240,,0.0
202207130245,,0.0
202207130250,,0.0
202207130255,,0.0
202207130300,,0.0
202207130310,,0.0
202207130315,,0.0
202207130320,,0.0
202207130325,,0.0
202207130330,,0.0
202207130335,,0.0
202207130340,,0.0
202207130345,,0.0
202207130350,,0.0
202207130355,,0.0
202207130400,,0.0
202207130410,,0.0
202207130415,,0.0
202207130425,,0.0
202207130430,,0.0
202207130440,,0.0
202207130445,,0.0
202207130450,,0.0
202207130455,,0.0
202207130500,,0.0
202207130510,,0.0
202207130515,,0.0
202207130520,,0.0
202207130530,,0.0
202207130535,,0.0
202207130540,,0.0
202207130545,,0.0
202207130550,,0.0
202207130555,,0.0
202207130600,,0.0
202207130610,,0.0
202207130615,,0.0
202207130620,,0.0
202207130625,,0.0
202207130630,,0.0
202207130635,,0.0
202207130640,,0.0
202207130645,,0.0
202207130650,,0.0
202207130700,,0.0
202207130710,,0.0
202207130715,,0.0
202207130720,,0.0
202207130730,,0.0
202207130740,,0.0
202207130745,,0.0
202207130750,,0.0
202207130755,,0.0
202207130800,,0.0
202207130810,,0.0
202207130825,,0.0
202207130830,,0.0
202207130835,,0.0
202207130840,,0.0
202207130845,164.0,0.9
202207130850,214.0,0.9
202207130855,194.0,0.9
202207130900,201.0,0.9
202207130910,185.0,0.9
202207130915,200.0,0.9
202207130920,189.0,0.9
202207130925,224.0,0.9
202207130930,216.0,0.9
202207130935,196.0,0.4
202207130940,197.0,0.4
202207130945,205.0,0.9
202207130950,221.0,0.9
202207130955,202.0,0.4
202207131010,,0.0
202207131015,,0.0
202207131020,,0.0
202207131025,,0.0
202207131030,,0.0
202207131035,,0.0
202207131040,,0.0
202207131045,,0.0
202207131050,,0.0
202207131055,,0.0
202207131100,,0.0
202207131110,,0.0
202207131115,,0.0
202207131120,,0.0
202207131125,,0.0
202207131130,,0.0
202207131135,,0.0
202207131140,,0.0
202207131145,,0.0
202207131150,,0.0
202207131155,211.0,0.4
202207131200,251.0,0.4
202207131210,,0.0
202207131215,,0.0
202207131220,,0.0
202207131225,,0.0
202207131230,,0.0
202207131235,,0.0
202207131240,,0.0
202207131245,,0.0
202207131250,,0.0
202207131255,,0.0
202207131300,,0.0
202207131310,,0.0
202207131315,,0.0
202207131320,,0.0
202207131325,,0.0
202207131330,,0.0
202207131335,,0.0
202207131340,,0.0
202207131345,,0.0
202207131350,,0.0
202207131355,,0.0
202207131400,,0.0
202207131415,,0.0
202207131420,,0.0
202207131425,,0.0
202207131430,,0.0
202207131435,,0.0
202207131440,,0.0
202207131445,,0.0
202207131450,,0.0
202207131455,,0.0
202207131500,,0.0
202207131510,,0.0
202207131515,,0.0
202207131520,,0.0
202207131525,,0.0
202207131530,,0.0
202207131535,,0.0
202207131540,,0.0
202207131545,,0.0
202207131550,,0.0
202207131555,,0.0
202207131600,,0.0
202207131610,,0.0
202207131615,,0.0
202207131620,,0.0
202207131625,,0.0
202207131630,,0.0
202207131635,,0.0
202207131640,,0.0
202207131645,,0.0
202207131650,,0.0
202207131655,,0.0
202207131700,,0.0
202207131715,,0.0
202207131720,,0.0
202207131730,,0.0
202207131735,,0.0
202207131740,,0.0
202207131745,,0.0
202207131750,,0.0
202207131755,,0.0
202207131800,,0.0
202207131815,,0.0
202207131820,,0.0
202207131825,,0.0
202207131830,,0.0
202207131835,,0.0
202207131840,,0.0
202207131850,,0.0
202207131855,,0.0
202207131900,,0.0
202207131910,,0.0
202207131915,,0.0
202207131925,,0.0
202207131930,,0.0
202207131940,,0.0
202207131945,,0.0
202207131950,,0.0
202207131955,,0.0
202207132000,,0.0
202207132010,230.0,0.4
202207132015,161.0,0.9
202207132020,282.0,0.9
202207132025,246.0,0.9
202207132030,272.0,0.9
202207132035,210.0,0.9
202207132045,213.0,0.9
202207132050,188.0,0.9
202207132055,258.0,0.9
202207132100,215.0,0.9
202207132110,207.0,0.9
202207132115,177.0,1.3
202207132120,328.0,1.3
202207132125,202.0,0.9
202207132130,278.0,0.9
202207132135,188.0,0.9
202207132140,142.0,0.9
202207132145,242.0,0.9
202207132150,288.0,0.9
202207132155,180.0,0.9
202207132200,226.0,0.9
202207132210,242.0,0.9
202207132220,212.0,0.9
202207132225,196.0,0.9
202207132230,234.0,0.9
202207132235,138.0,0.9
202207132240,264.0,0.9
202207132245,269.0,0.9
202207132250,156.0,0.9
202207132255,194.0,0.9
202207132300,292.0,0.9
202207132310,50.0,1.3
202207132315,39.0,0.9
202207132320,301.0,0.9
202207132325,325.0,0.9
202207132330,318.0,0.9
202207132335,2.0,0.4
202207132340,302.0,0.4
202207132345,303.0,0.4
202207132350,237.0,0.4
202207132355,238.0,0.4
202207140000,201.0,0.4
202207140010,202.0,0.4
202207140015,220.0,0.4
202207140020,315.0,0.4
202207140025,185.0,0.4
202207140030,114.0,0.4
202207140035,,0.0
202207140040,,0.0
202207140045,,0.0
202207140050,,0.0
202207140055,,0.0
202207140100,,0.0
202207140110,,0.0
202207140115,,0.0
202207140120,,0.0
202207140125,,0.0
202207140130,,0.0
202207140135,,0.0
202207140140,,0.0
202207140145,,0.0
202207140150,,0.0
202207140155,,0.0
202207140200,,0.0
202207140210,,0.0
202207140215,,0.0
202207140220,,0.0
202207140225,,0.0
202207140230,,0.0
202207140235,,0.0
202207140240,,0.0
202207140245,,0.0
202207140250,,0.0
202207140255,,0.0
202207140300,,0.0
202207140310,,0.0
202207140315,,0.0
202207140320,,0.0
202207140325,,0.0
202207140330,,0.0
202207140335,,0.0
202207140345,,0.0
202207140350,,0.0
202207140355,,0.0
202207140400,,0.0
202207140410,,0.0
202207140415,,0.0
202207140420,,0.0
202207140425,,0.0
202207140430,,0.0
202207140435,,0.0
202207140440,,0.0
202207140445,,0.0
202207140450,,0.0
202207140455,,0.0
202207140500,,0.0
202207140510,,0.0
202207140515,,0.0
202207140520,,0.0
202207140525,,0.0
202207140530,,0.0
202207140535,,0.0
202207140540,,0.0
202207140545,,0.0
202207140550,,0.0
202207140555,,0.0
202207140600,,0.0
202207140610,,0.0
202207140615,,0.0
202207140620,,0.0
202207140630,,0.0
202207140635,,0.0
202207140640,,0.0
202207140645,,0.0
202207140650,,0.0
202207140655,,0.0
202207140710,,0.0
202207140715,,0.0
202207140720,,0.0
202207140725,,0.0
202207140730,,0.0
202207140735,,0.0
202207140740,,0.0
202207140745,,0.0
202207140750,,0.0
202207140755,,0.0
202207140800,,0.0
202207140810,,0.0
202207140815,,0.0
202207140820,,0.0
202207140830,,0.0
202207140835,,0.0
202207140840,,0.0
202207140845,,0.0
202207140850,,0.0
202207140900,,0.0
202207140910,,0.0
202207140915,,0.0
202207140920,,0.0
202207140925,,0.0
202207140930,,0.0
202207140935,,0.0
202207140940,,0.0
202207140945,,0.0
202207140950,,0.0
202207140955,,0.0
202207141000,,0.0
202207141010,,0.0
202207141015,,0.0
202207141020,,0.0
202207141025,,0.0
202207141035,,0.0
202207141040,,0.0
202207141045,,0.0
202207141050,,0.0
202207141055,,0.0
202207141100,,0.0
202207141110,,0.0
202207141115,,0.0
202207141120,,0.0
202207141130,,0.0
202207141135,,0.0
202207141140,,0.0
202207141150,,0.0
202207141155,,0.0
202207141200,,0.0
202207141210,,0.0
202207141220,,0.0
202207141225,,0.0
202207141230,,0.0
202207141235,,0.0
202207141240,,0.0
202207141245,,0.0
202207141250,,0.0
202207141255,,0.0
202207141300,,0.0
202207141310,,0.0
202207141315,,0.0
202207141325,,0.0
202207141330,,0.0
202207141335,,0.0
202207141340,,0.0
202207141345,,0.0
202207141350,,0.0
202207141355,,0.0
202207141400,,0.0
202207141410,,0.0
202207141415,,0.0
202207141420,,0.0
202207141425,,0.0
202207141430,,0.0
202207141435,,0.0
202207141440,,0.0
202207141445,,0.0
202207141500,,0.0
202207141510,,0.0
202207141515,,0.0
202207141520,,0.0
202207141525,,0.0
202207141530,,0.0
202207141535,,0.0
202207141540,,0.0
202207141545,,0.0
202207141550,,0.0
202207141555,,0.0
202207141610,,0.0
202207141615,,0.0
202207141620,,0.0
202207141625,,0.0
202207141630,,0.0
202207141635,,0.0
202207141640,,0.0
202207141645,,0.0
202207141650,,0.0
202207141655,,0.0
202207141700,,0.0
202207141710,,0.0
202207141715,,0.0
202207141720,,0.0
202207141725,,0.0
202207141730,,0.0
202207141740,,0.0
202207141745,,0.0
202207141750,,0.0
202207141755,,0.0
202207141800,,0.0
202207141810,,0.0
202207141815,,0.0
202207141820,,0.0
202207141825,,0.0
202207141835,,0.0
202207141840,,0.0
202207141850,,0.0
202207141855,,0.0
202207141900,,0.0
202207141910,,0.0
202207141915,,0.0
202207141920,,0.0
202207141925,,0.0
202207141930,,0.0
202207141940,,0.0
202207141945,,0.0
202207141950,,0.0
202207141955,,0.0
202207142000,,0.0
202207142010,,0.0
202207142015,,0.0
202207142020,,0.0
202207142025,,0.0
202207142030,,0.0
202207142035,,0.0
202207142040,,0.0
202207142045,,0.0
202207142055,,0.0
202207142100,,0.0
202207142110,,0.0
202207142115,,0.0
202207142120,,0.0
202207142125,,0.0
202207142130,,0.0
202207142135,,0.0
202207142140,,0.0
202207142145,,0.0
202207142150,,0.0
202207142155,,0.0
202207142200,,0.0
202207142210,,0.0
202207142215,,0.0
202207142220,,0.0
202207142225,,0.0
202207142230,,0.0
202207142235,,0.0
202207142240,,0.0
202207142245,,0.0
202207142250,,0.0
202207142255,,0.0
202207142300,,0.0
202207142310,,0.0
202207142320,,0.0
202207142325,,0.0
202207142330,,0.0
202207142335,,0.0
202207142340,,0.0
202207142345,,0.0
202207142350,,0.0
202207142355,,0.0
202207150000,,0.0
202207150010,,0.0
202207150020,,0.0
202207150025,,0.0
202207150030,,0.0
202207150035,,0.0
202207150040,,0.0
202207150045,,0.0
202207150050,,0.0
202207150055,,0.0
202207150100,,0.0
202207150110,,0.0
202207150115,,0.0
202207150120,,0.0
202207150125,,0.0
202207150130,,0.0
202207150135,,0.0
202207150140,,0.0
202207150145,,0.0
202207150155,,0.0
202207150200,,0.0
202207150210,,0.0
202207150215,,0.0
202207150220,,0.0
202207150225,,0.0
202207150230,,0.0
202207150235,,0.0
202207150240,,0.0
202207150245,,0.0
202207150250,,0.0
202207150255,,0.0
202207150300,,0.0
202207150310,,0.0
202207150315,,0.0
202207150320,,0.0
202207150325,,0.0
202207150330,,0.0
202207150335,,0.0
202207150340,,0.0
202207150345,,0.0
202207150350,,0.0
202207150355,,0.0
202207150400,,0.0
202207150410,,0.0
202207150415,,0.0
202207150420,,0.0
202207150425,,0.0
202207150430,,0.0
202207150435,,0.0
202207150440,,0.0
202207150445,,0.0
202207150450,,0.0
202207150455,,0.0
202207150500,,0.0
202207150510,,0.0
202207150515,,0.0
202207150520,,0.0
202207150525,,0.0
202207150530,,0.0
202207150535,,0.0
202207150540,,0.0
202207150550,,0.0
202207150555,,0.0
202207150600,,0.0
202207150610,,0.0
202207150620,,0.0
202207150625,,0.0
202207150630,,0.0
202207150635,,0.0
202207150640,,0.0
202207150645,,0.0
202207150650,,0.0
202207150655,,0.0
202207150700,,0.0
202207150715,,0.0
202207150720,,0.0
202207150725,,0.0
202207150730,,0.0
202207150735,,0.0
202207150740,,0.0
202207150745,,0.0
202207150750,,0.0
202207150755,,0.0
202207150800,,0.0
202207150810,,0.0
202207150815,,0.0
202207150820,,0.0
202207150825,,0.0
202207150830,,0.0
202207150835,,0.0
202207150840,,0.0
202207150845,,0.0
202207150850,,0.0
202207150855,,0.0
202207150900,,0.0
202207150910,,0.0
202207150915,,0.0
202207150920,,0.0
202207150925,,0.0
202207150930,,0.0
202207150935,,0.0
202207150940,,0.0
202207150945,,0.0
202207151000,,0.0
202207151010,,0.0
202207151015,,0.0
202207151020,,0.0
202207151025,,0.0
202207151030,,0.0
202207151035,,0.0
202207151040,,0.0
202207151045,,0.0
202207151050,,0.0
202207151055,,0.0
202207151100,,0.0
202207151110,,0.0
202207151115,,0.0
202207151120,,0.0
202207151125,,0.0
202207151130,,0.0
202207151135,,0.0
202207151140,,0.0
202207151145,,0.0
202207151150,,0.0
202207151200,,0.0
202207151210,,0.0
202207151220,,0.0
202207151225,,0.0
202207151235,,0.0
202207151240,,0.0
202207151245,,0.0
202207151250,,0.0
202207151255,,0.0
202207151300,,0.0
202207151310,,0.0
202207151315,,0.0
202207151320,,0.0
202207151325,,0.0
202207151330,,0.0
202207151335,,0.0
202207151340,,0.0
202207151345,,0.0
202207151350,,0.0
202207151355,,0.0
202207151400,,0.0
202207151410,,0.0
202207151415,,0.0
202207151420,,0.0
202207151425,,0.0
202207151430,,0.0
202207151435,,0.0
202207151445,,0.0
202207151450,,0.0
202207151455,,0.0
202207151510,,0.0
202207151515,,0.0
202207151520,,0.0
202207151525,,0.0
202207151530,,0.0
202207151535,,0.0
202207151540,,0.0
202207151545,,0.0
202207151550,,0.0
202207151555,,0.0
202207151600,,0.0
202207151610,,0.0
202207151615,,0.0
202207151620,,0.0
202207151625,,0.0
202207151630,,0.0
202207151635,,0.0
202207151640,,0.0
202207151645,,0.0
202207151650,,0.0
202207151655,,0.0
202207151700,,0.0
202207151710,,0.0
202207151715,,0.0
202207151720,,0.0
202207151725,,0.0
202207151730,,0.0
202207151735,,0.0
202207151740,,0.0
202207151745,,0.0
202207151755,,0.0
202207151800,,0.0
202207151810,,0.0
202207151815,,0.0
202207151820,,0.0
202207151825,,0.0
202207151830,,0.0
202207151835,,0.0
202207151840,,0.0
202207151845,,0.0
202207151850,,0.0
202207151855,,0.0
202207151900,,0.0
202207151910,,0.0
202207151915,,0.0
202207151920,,0.0
202207151925,,0.0
202207151930,,0.0
202207151935,,0.0
202207151940,,0.0
202207151945,,0.0
202207151950,,0.0
202207151955,,0.0
202207152000,,0.0
202207152010,,0.0
202207152015,,0.0
202207152020,,0.0
202207152025,,0.0
202207152030,,0.0
202207152035,,0.0
202207152040,,0.0
202207152045,,0.0
202207152050,,0.0
202207152055,,0.0
202207152100,,0.0
202207152110,178.0,2.2
202207152115,189.0,2.7
202207152120,199.0,2.7
202207152125,179.0,2.7
202207152130,198.0,2.7
202207152135,231.0,0.9
202207152140,299.0,0.9
202207152145,229.0,0.9
202207152150,202.0,0.9
202207152155,204.0,0.9
202207152200,224.0,0.9
202207152215,192.0,0.9
202207152220,181.0,0.9
202207152225,149.0,0.4
202207152230,192.0,0.4
202207152235,223.0,0.4
202207152240,138.0,0.4
202207152245,201.0,0.9
202207152310,196.0,0.4
202207152315,117.0,0.4
202207152320,216.0,0.4
202207152325,112.0,0.4
202207152335,,0.0
202207152340,,0.0
202207152345,,0.0
202207152350,,0.0
202207152355,,0.0
202207160015,,0.0
202207160020,,0.0
202207160025,,0.0
202207160030,,0.0
202207160035,,0.0
202207160040,,0.0
202207160045,,0.0
202207160050,,0.0
202207160055,,0.0
202207160100,,0.0
202207160110,,0.0
202207160115,,0.0
202207160120,,0.0
202207160125,167.0,0.9
202207160130,166.0,0.9
202207160135,160.0,0.9
202207160145,218.0,0.4
202207160150,139.0,0.4
202207160155,,0.0
202207160200,,0.0
202207160210,,0.0
202207160215,,0.0
202207160220,,0.0
202207160225,,0.0
202207160230,,0.0
202207160235,211.0,0.9
202207160240,199.0,0.9
202207160245,198.0,0.4
202207160250,218.0,0.4
202207160255,,0.0
202207160300,,0.0
202207160310,,0.0
202207160315,203.0,0.9
202207160320,189.0,0.9
202207160325,,0.0
202207160330,,0.0
202207160335,,0.0
202207160340,,0.0
202207160345,,0.0
202207160350,,0.0
202207160355,,0.0
202207160400,,0.0
202207160415,,0.0
202207160420,,0.0
202207160425,,0.0
202207160430,,0.0
202207160435,,0.0
202207160440,,0.0
202207160445,,0.0
202207160450,,0.0
202207160455,,0.0
202207160500,,0.0
202207160510,,0.0
202207160515,,0.0
202207160520,,0.0
202207160525,,0.0
202207160530,,0.0
202207160535,,0.0
202207160540,,0.0
202207160545,,0.0
202207160550,,0.0
202207160555,,0.0
202207160600,,0.0
202207160610,,0.0
202207160615,,0.0
202207160620,,0.0
202207160625,,0.0
202207160630,,0.0
202207160635,,0.0
202207160640,,0.0
202207160645,,0.0
202207160655,,0.0
202207160700,,0.0
202207160710,,0.0
202207160715,,0.0
202207160720,,0.0
202207160725,,0.0
202207160730,,0.0
202207160740,,0.0
202207160745,,0.0
202207160750,,0.0
202207160755,,0.0
202207160800,,0.0
202207160810,,0.0
202207160815,,0.0
202207160820,,0.0
202207160825,,0.0
202207160830,,0.0
202207160835,,0.0
202207160840,,0.0
202207160845,,0.0
202207160850,,0.0
202207160855,,0.0
202207160900,,0.0
202207160910,,0.0
202207160915,,0.0
202207160920,,0.0
202207160925,,0.0
202207160930,,0.0
202207160935,,0.0
202207160940,,0.0
202207160945,,0.0
202207160950,,0.0
202207160955,,0.0
202207161000,,0.0
202207161010,,0.0
202207161015,,0.0
202207161020,,0.0
202207161025,,0.0
202207161030,,0.0
202207161035,,0.0
202207161040,,0.0
202207161045,,0.0
202207161050,,0.0
202207161055,,0.0
202207161100,,0.0
202207161110,,0.0
202207161115,,0.0
202207161120,,0.0
202207161125,,0.0
202207161130,,0.0
202207161135,,0.0
202207161140,,0.0
202207161145,,0.0
202207161150,,0.0
202207161155,,0.0
202207161200,,0.0
202207161210,,0.0
202207161215,,0.0
202207161220,,0.0
202207161225,,0.0
202207161230,,0.0
202207161235,159.0,0.4
202207161240,187.0,0.4
202207161245,222.0,0.9
202207161250,187.0,0.9
202207161255,,0.0
202207161300,,0.0
202207161310,,0.0
202207161315,,0.0
202207161320,,0.0
202207161325,,0.0
202207161330,,0.0
202207161335,,0.0
202207161340,,0.0
202207161345,,0.0
202207161350,,0.0
202207161355,,0.0
202207161400,,0.0
202207161410,,0.0
202207161415,159.0,0.4
202207161420,95.0,0.4
202207161425,,0.0
202207161430,,0.0
202207161435,,0.0
202207161440,,0.0
202207161445,,0.0
202207161450,,0.0
202207161455,,0.0
202207161500,,0.0
202207161510,,0.0
202207161520,119.0,0.9
202207161525,118.0,0.4
202207161530,145.0,0.4
202207161535,,0.0
202207161540,,0.0
202207161550,111.0,0.9
202207161600,150.0,0.4
202207161610,162.0,0.9
202207161615,150.0,0.4
202207161620,145.0,0.4
202207161625,125.0,0.4
202207161630,190.0,0.4
202207161635,105.0,0.4
202207161640,117.0,0.4
202207161645,201.0,0.4
202207161650,115.0,0.4
202207161655,202.0,0.9
202207161700,250.0,0.9
202207161710,162.0,1.3
202207161715,103.0,0.9
202207161720,136.0,0.9
202207161725,57.0,0.9
202207161730,164.0,0.9
202207161735,104.0,0.9
202207161740,131.0,0.9
202207161745,224.0,0.9
202207161750,79.0,0.9
202207161755,124.0,0.9
202207161800,157.0,0.9
202207161815,126.0,0.4
202207161825,45.0,0.9
202207161830,198.0,0.9
202207161840,,0.0
202207161845,149.0,1.3
202207161850,150.0,1.3
202207161855,254.0,0.4
202207161900,202.0,0.4
202207161910,181.0,0.9
202207161915,169.0,0.9
202207161920,187.0,0.9
202207161925,177.0,0.9
202207161935,220.0,0.9
202207161940,136.0,0.9
202207161945,200.0,0.4
202207161950,232.0,0.4
202207161955,156.0,0.9
202207162000,184.0,0.9
202207162010,122.0,0.9
202207162015,233.0,0.9
202207162025,206.0,0.9
202207162030,132.0,0.9
202207162040,,0.0
202207162045,,0.0
202207162050,,0.0
202207162055,247.0,0.9
202207162100,153.0,0.9
202207162110,197.0,0.9
202207162115,280.0,0.4
202207162120,107.0,0.4
202207162125,,0.0
202207162130,,0.0
202207162135,,0.0
202207162140,,0.0
202207162145,,0.0
202207162150,,0.0
202207162155,,0.0
202207162200,,0.0
202207162210,,0.0
202207162215,,0.0
202207162220,,0.0
202207162225,,0.0
202207162235,,0.0
202207162245,,0.0
202207162250,,0.0
202207162255,,0.0
202207162300,,0.0
202207162310,,0.0
202207162315,,0.0
202207162320,,0.0
202207162325,,0.0
202207162330,,0.0
202207162335,,0.0
202207162340,,0.0
202207162345,111.0,1.3
202207162350,156.0,1.3
202207162355,113.0,0.9
202207170000,120.0,0.9
202207170010,,0.0
202207170015,,0.0
202207170020,,0.0
202207170025,,0.0
202207170030,,0.0
202207170035,,0.0
202207170045,,0.0
202207170050,,0.0
202207170055,,0.0
202207170100,,0.0
202207170110,,0.0
202207170115,,0.0
202207170120,,0.0
202207170125,,0.0
202207170130,,0.0
202207170135,,0.0
202207170140,,0.0
202207170145,,0.0
202207170150,,0.0
202207170200,,0.0
202207170210,,0.0
202207170215,,0.0
202207170220,,0.0
202207170225,,0.0
202207170230,,0.0
202207170235,,0.0
202207170240,,0.0
202207170245,,0.0
202207170250,,0.0
202207170255,,0.0
202207170300,,0.0
202207170315,,0.0
202207170320,,0.0
202207170325,,0.0
202207170330,,0.0
202207170335,,0.0
202207170340,,0.0
202207170345,,0.0
202207170350,,0.0
202207170355,,0.0
202207170400,,0.0
202207170410,,0.0
202207170415,,0.0
202207170420,,0.0
202207170425,,0.0
202207170430,,0.0
202207170435,,0.0
202207170440,,0.0
202207170445,,0.0
202207170450,,0.0
202207170455,,0.0
202207170500,,0.0
202207170510,,0.0
202207170520,,0.0
202207170525,,0.0
202207170530,,0.0
202207170535,,0.0
202207170550,,0.0
202207170555,,0.0
202207170600,,0.0
202207170610,,0.0
202207170620,,0.0
202207170625,,0.0
202207170630,,0.0
202207170635,,0.0
202207170640,,0.0
202207170645,,0.0
202207170650,,0.0
202207170655,,0.0
202207170700,,0.0
202207170710,,0.0
202207170715,,0.0
202207170720,,0.0
202207170725,,0.0
202207170730,,0.0
202207170735,,0.0
202207170740,,0.0
202207170745,,0.0
202207170750,,0.0
202207170755,,0.0
202207170800,,0.0
202207170810,,0.0
202207170815,,0.0
202207170820,,0.0
202207170830,,0.0
202207170835,,0.0
202207170840,,0.0
202207170845,,0.0
202207170855,,0.0
202207170900,,0.0
202207170910,,0.0
202207170920,,0.0
202207170925,,0.0
202207170930,,0.0
202207170935,,0.0
202207170940,,0.0
202207170945,,0.0
202207170950,,0.0
202207170955,,0.0
202207171000,,0.0
202207171010,,0.0
202207171015,,0.0
202207171020,,0.0
202207171025,,0.0
202207171030,,0.0
202207171035,,0.0
202207171040,,0.0
202207171045,,0.0
202207171050,,0.0
202207171055,,0.0
202207171100,,0.0
202207171110,,0.0
202207171115,,0.0
202207171120,,0.0
202207171125,,0.0
202207171130,,0.0
202207171135,,0.0
202207171140,,0.0
202207171145,,0.0
202207171150,,0.0
202207171155,,0.0
202207171200,,0.0
202207171210,,0.0
202207171215,,0.0
202207171220,,0.0
202207171225,,0.0
202207171230,,0.0
202207171240,,0.0
202207171245,,0.0
202207171250,,0.0
202207171255,,0.0
202207171300,,0.0
202207171310,,0.0
202207171315,,0.0
202207171320,,0.0
202207171325,,0.0
202207171330,,0.0
202207171335,,0.0
202207171340,,0.0
202207171345,,0.0
202207171350,,0.0
202207171355,,0.0
202207171400,,0.0
202207171410,,0.0
202207171415,,0.0
202207171420,,0.0
202207171425,,0.0
202207171430,,0.0
202207171440,,0.0
202207171445,,0.0
202207171450,,0.0
202207171455,,0.0
202207171500,,0.0
202207171510,,0.0
202207171515,,0.0
202207171520,,0.0
202207171525,80.0,0.9
202207171535,,0.0
202207171540,,0.0
202207171545,202.0,0.4
202207171550,137.0,0.4
202207171555,264.0,0.9
202207171600,133.0,0.9
202207171610,224.0,0.4
202207171615,187.0,0.9
202207171620,129.0,0.9
202207171625,166.0,0.4
202207171630,139.0,0.4
202207171635,291.0,0.4
202207171640,204.0,0.4
202207171645,,0.0
202207171650,,0.0
202207171655,213.0,0.9
202207171700,183.0,0.9
202207171710,108.0,0.9
202207171715,157.0,0.4
202207171720,187.0,0.4
202207171725,200.0,0.9
202207171730,191.0,0.9
202207171735,,0.0
202207171740,,0.0
202207171745,132.0,0.4
202207171750,105.0,0.4
202207171755,27.0,0.4
202207171800,124.0,0.4
202207171810,208.0,0.4
202207171815,102.0,0.9
202207171820,210.0,0.9
202207171825,,0.0
202207171830,,0.0
202207171835,,0.0
202207171840,,0.0
202207171845,123.0,0.9
202207171850,111.0,0.9
202207171855,79.0,0.9
202207171900,90.0,0.9
202207171910,86.0,0.4
202207171915,41.0,0.9
202207171920,132.0,0.9
202207171925,101.0,0.4
202207171930,220.0,0.4
202207171935,,0.0
202207171940,,0.0
202207171945,117.0,0.9
202207171950,147.0,0.9
202207171955,90.0,0.4
202207172000,120.0,0.4
202207172010,211.0,0.4
202207172015,93.0,0.9
202207172020,39.0,0.9
202207172030,273.0,0.4
202207172035,153.0,0.9
202207172040,251.0,0.9
202207172045,231.0,0.9
202207172050,171.0,0.9
202207172055,89.0,1.3
202207172100,187.0,1.3
202207172110,180.0,0.4
202207172115,135.0,0.4
202207172120,184.0,0.4
202207172125,,0.0
202207172130,,0.0
202207172135,149.0,0.9
202207172140,180.0,0.9
202207172145,242.0,0.4
202207172150,196.0,0.4
202207172155,273.0,0.9
202207172200,236.0,0.9
202207172210,,0.0
202207172215,,0.0
202207172220,,0.0
202207172225,,0.0
202207172230,,0.0
202207172235,92.0,0.4
202207172240,106.0,0.4
202207172245,109.0,0.4
202207172250,98.0,0.4
202207172255,,0.0
202207172300,,0.0
202207172310,,0.0
202207172315,,0.0
202207172320,,0.0
202207172325,,0.0
202207172330,,0.0
202207172335,,0.0
202207172340,,0.0
202207172350,,0.0
202207172355,,0.0
202207180000,,0.0
202207180010,,0.0
202207180015,,0.0
202207180020,,0.0
202207180030,,0.0
202207180035,,0.0
202207180040,,0.0
202207180045,,0.0
202207180050,,0.0
202207180055,,0.0
202207180100,,0.0
202207180110,,0.0
202207180115,,0.0
202207180120,,0.0
202207180125,,0.0
202207180140,,0.0
202207180145,,0.0
202207180150,,0.0
202207180155,,0.0
202207180200,,0.0
202207180210,,0.0
202207180220,,0.0
202207180225,,0.0
202207180230,,0.0
202207180235,,0.0
202207180240,,0.0
202207180245,,0.0
202207180250,,0.0
202207180255,,0.0
202207180300,,0.0
202207180310,,0.0
202207180315,,0.0
202207180320,,0.0
202207180325,,0.0
202207180330,,0.0
202207180335,,0.0
202207180340,,0.0
202207180345,,0.0
202207180350,,0.0
202207180355,,0.0
202207180400,,0.0
202207180415,,0.0
202207180420,,0.0
202207180425,,0.0
202207180430,,0.0
202207180435,,0.0
202207180440,,0.0
202207180445,,0.0
202207180450,,0.0
202207180455,,0.0
202207180500,,0.0
202207180510,,0.0
202207180515,,0.0
202207180520,,0.0
202207180525,,0.0
202207180530,,0.0
202207180535,,0.0
202207180540,,0.0
202207180545,,0.0
202207180550,,0.0
202207180555,,0.0
202207180610,,0.0
202207180615,,0.0
202207180620,,0.0
202207180625,,0.0
202207180630,,0.0
202207180635,,0.0
202207180640,,0.0
202207180645,,0.0
202207180650,,0.0
202207180655,,0.0
202207180700,,0.0
202207180710,,0.0
202207180715,,0.0
202207180730,,0.0
202207180735,,0.0
202207180740,,0.0
202207180745,,0.0
202207180750,,0.0
202207180755,,0.0
202207180800,,0.0
202207180810,,0.0
202207180815,,0.0
202207180820,,0.0
202207180825,,0.0
202207180830,,0.0
202207180835,,0.0
202207180840,,0.0
202207180845,,0.0
202207180850,,0.0
202207180855,,0.0
202207180900,,0.0
202207180910,,0.0
202207180915,,0.0
202207180920,,0.0
202207180925,,0.0
202207180930,,0.0
202207180935,,0.0
202207180940,,0.0
202207180945,,0.0
202207180955,,0.0
202207181000,,0.0
202207181010,,0.0
202207181015,,0.0
202207181020,,0.0
202207181025,,0.0
202207181030,,0.0
202207181035,,0.0
202207181040,,0.0
202207181045,,0.0
202207181050,,0.0
202207181055,,0.0
202207181100,,0.0
202207181110,,0.0
202207181115,,0.0
202207181120,,0.0
202207181125,197.0,0.4
202207181130,188.0,0.4
202207181135,,0.0
202207181145,161.0,0.4
202207181150,169.0,0.4
202207181155,199.0,0.9
202207181200,175.0,0.9
202207181210,209.0,0.9
202207181220,,0.0
202207181225,,0.0
202207181230,,0.0
202207181235,,0.0
202207181240,,0.0
202207181245,218.0,0.9
202207181250,202.0,0.9
202207181255,203.0,0.4
202207181300,201.0,0.4
202207181310,143.0,0.9
202207181315,188.0,0.9
202207181320,197.0,0.9
202207181325,213.0,0.4
202207181330,234.0,0.4
202207181335,45.0,0.9
202207181340,246.0,0.9
202207181345,,0.0
202207181350,,0.0
202207181355,175.0,0.9
202207181400,208.0,0.9
202207181410,,0.0
202207181415,199.0,0.4
202207181420,359.0,0.4
202207181425,230.0,1.3
202207181430,357.0,1.3
202207181435,144.0,0.9
202207181440,301.0,0.9
202207181445,284.0,0.4
202207181450,104.0,0.4
202207181455,200.0,0.9
202207181500,353.0,0.9
202207181510,,0.0
202207181515,,0.0
202207181520,,0.0
202207181525,187.0,0.9
202207181530,188.0,0.9
202207181535,244.0,0.9
202207181540,223.0,0.9
202207181545,,0.0
202207181550,,0.0
202207181555,196.0,1.3
202207181600,198.0,1.3
202207181610,76.0,0.9
202207181615,134.0,0.9
202207181620,216.0,0.9
202207181625,203.0,0.9
202207181630,185.0,0.9
202207181635,159.0,1.3
202207181640,113.0,1.3
202207181645,191.0,0.9
202207181650,178.0,0.9
202207181655,185.0,0.9
202207181700,132.0,0.9
202207181710,133.0,0.9
202207181715,237.0,1.3
202207181720,136.0,1.3
202207181725,165.0,0.9
202207181730,239.0,0.9
202207181735,197.0,0.9
202207181740,225.0,0.9
202207181745,206.0,0.9
202207181750,220.0,0.9
202207181755,191.0,0.9
202207181800,105.0,0.9
202207181810,117.0,0.9
202207181815,195.0,0.9
202207181820,167.0,0.9
202207181825,217.0,2.2
202207181830,221.0,2.2
202207181835,200.0,0.9
202207181840,143.0,0.9
202207181845,214.0,2.2
202207181850,203.0,2.2
202207181855,233.0,1.3
202207181900,200.0,1.3
202207181910,193.0,2.2
202207181915,228.0,1.3
202207181920,220.0,1.3
202207181925,218.0,2.2
202207181930,208.0,2.2
202207181935,199.0,2.2
202207181940,177.0,2.2
202207181945,170.0,2.2
202207181950,196.0,2.2
202207181955,215.0,1.3
202207182000,194.0,1.3
202207182010,214.0,3.1
202207182015,122.0,2.2
202207182020,218.0,2.2
202207182025,164.0,2.7
202207182030,221.0,2.7
202207182035,241.0,2.2
202207182040,194.0,2.2
202207182045,181.0,2.2
202207182050,216.0,2.2
202207182055,219.0,2.2
202207182100,209.0,2.2
202207182115,200.0,1.3
202207182120,197.0,1.3
202207182125,240.0,2.2
202207182130,165.0,2.2
202207182135,101.0,1.3
202207182140,204.0,1.3
202207182145,166.0,1.3
202207182150,208.0,1.3
202207182155,220.0,0.9
202207182200,199.0,0.9
202207182210,125.0,0.9
202207182215,220.0,2.2
202207182220,222.0,2.2
202207182225,192.0,2.2
202207182230,245.0,2.2
202207182235,210.0,2.2
202207182240,206.0,2.2
202207182245,216.0,1.3
202207182250,187.0,1.3
202207182255,237.0,2.2
202207182300,201.0,2.2
202207182310,220.0,1.3
202207182315,183.0,2.2
202207182320,210.0,2.2
202207182325,258.0,2.2
202207182330,184.0,2.2
202207182335,185.0,1.3
202207182340,230.0,1.3
202207182345,204.0,0.9
202207182350,228.0,0.9
202207182355,210.0,2.2
202207190000,192.0,2.2
202207190010,175.0,0.9
202207190015,196.0,1.3
202207190020,188.0,1.3
202207190025,180.0,0.9
202207190030,134.0,0.9
202207190035,202.0,0.9
202207190040,203.0,0.9
202207190045,249.0,0.9
202207190050,207.0,0.9
202207190055,190.0,0.9
202207190100,193.0,0.9
202207190110,,0.0
202207190115,184.0,0.9
202207190120,198.0,0.9
202207190125,212.0,0.4
202207190130,168.0,0.4
202207190135,187.0,0.4
202207190140,178.0,0.4
202207190145,198.0,0.9
202207190150,198.0,0.9
202207190155,,0.0
202207190210,116.0,0.4
202207190215,,0.0
202207190220,,0.0
202207190225,156.0,0.9
202207190230,166.0,0.9
202207190235,195.0,0.9
202207190240,210.0,0.9
202207190245,184.0,0.9
202207190250,183.0,0.9
202207190255,209.0,0.9
202207190300,212.0,0.9
202207190310,190.0,0.9
202207190315,247.0,1.3
202207190325,111.0,0.4
202207190330,328.0,0.4
202207190335,,0.0
202207190340,,0.0
202207190345,,0.0
202207190350,,0.0
202207190355,,0.0
202207190400,,0.0
202207190410,,0.0
202207190415,,0.0
202207190420,,0.0
202207190425,,0.0
202207190435,,0.0
202207190440,,0.0
202207190450,,0.0
202207190455,,0.0
202207190500,,0.0
202207190510,210.0,0.9
202207190515,215.0,0.9
202207190520,216.0,0.9
202207190525,201.0,1.3
202207190530,222.0,1.3
202207190535,135.0,1.3
202207190540,239.0,1.3
202207190545,229.0,1.3
202207190550,227.0,1.3
202207190555,257.0,0.9
202207190600,203.0,0.9
202207190610,181.0,0.4
202207190615,178.0,1.3
202207190620,199.0,1.3
202207190625,225.0,1.3
202207190630,203.0,1.3
202207190635,224.0,0.9
202207190640,199.0,0.9
202207190645,216.0,0.9
202207190650,206.0,0.9
202207190655,204.0,0.4
202207190700,177.0,0.4
202207190710,226.0,0.9
202207190715,209.0,0.9
202207190720,239.0,0.9
202207190730,233.0,0.9
202207190735,213.0,0.9
202207190740,201.0,0.9
202207190745,202.0,0.4
202207190750,174.0,0.4
202207190755,194.0,0.9
202207190800,240.0,0.9
202207190810,,0.0
202207190815,,0.0
202207190820,,0.0
202207190830,,0.0
202207190835,,0.0
202207190840,,0.0
202207190845,,0.0
202207190850,,0.0
202207190855,,0.0
202207190900,,0.0
202207190910,,0.0
202207190915,,0.0
202207190920,,0.0
202207190925,231.0,0.4
202207190930,232.0,0.4
202207190935,182.0,0.4
202207190940,209.0,0.4
202207190945,,0.0
202207190950,,0.0
202207190955,,0.0
202207191000,,0.0
202207191010,207.0,0.4
202207191015,202.0,0.4
202207191025,308.0,0.9
202207191030,172.0,0.9
202207191035,193.0,0.4
202207191040,205.0,0.4
202207191045,184.0,0.4
202207191050,218.0,0.4
202207191055,199.0,0.9
202207191100,184.0,0.9
202207191110,184.0,0.4
202207191115,191.0,0.9
202207191120,253.0,0.9
202207191125,,0.0
202207191130,,0.0
202207191135,,0.0
202207191140,,0.0
202207191145,,0.0
202207191150,,0.0
202207191155,160.0,0.4
202207191200,182.0,0.4
202207191210,179.0,0.9
202207191215,192.0,0.9
202207191220,193.0,0.9
202207191225,,0.0
202207191230,,0.0
202207191235,16.0,0.4
202207191240,266.0,0.4
202207191250,,0.0
202207191255,123.0,0.9
202207191300,12.0,0.9
202207191310,297.0,0.4
202207191315,,0.0
202207191320,,0.0
202207191325,221.0,0.9
202207191330,305.0,0.9
202207191335,181.0,0.9
202207191340,206.0,0.9
202207191345,,0.0
202207191350,,0.0
202207191355,,0.0
202207191400,,0.0
202207191410,,0.0
202207191415,,0.0
202207191420,,0.0
202207191425,,0.0
202207191430,,0.0
202207191435,,0.0
202207191440,,0.0
202207191445,,0.0
202207191450,,0.0
202207191455,,0.0
202207191500,,0.0
202207191510,,0.0
202207191520,208.0,0.9
202207191525,208.0,0.9
202207191530,190.0,0.9
202207191535,189.0,0.9
202207191540,213.0,0.9
202207191545,210.0,1.3
202207191550,348.0,1.3
202207191555,187.0,0.9
202207191600,177.0,0.9
202207191610,,0.0
202207191615,16.0,0.9
202207191620,229.0,0.9
202207191625,285.0,0.4
202207191630,130.0,0.4
202207191635,59.0,0.9
202207191640,353.0,0.9
202207191645,204.0,0.9
202207191650,198.0,0.9
202207191655,313.0,0.9
202207191710,6.0,0.9
202207191720,292.0,0.9
202207191725,357.0,0.9
202207191730,348.0,0.9
202207191735,18.0,0.9
202207191740,182.0,0.9
202207191745,335.0,0.9
202207191750,304.0,0.9
202207191755,345.0,0.9
202207191810,10.0,0.9
202207191815,348.0,0.9
202207191820,337.0,0.9
202207191825,190.0,0.9
202207191835,332.0,1.3
202207191840,315.0,1.3
202207191845,316.0,0.9
202207191850,73.0,0.9
202207191855,2.0,0.9
202207191900,285.0,0.9
202207191910,220.0,0.9
202207191915,351.0,0.9
202207191920,319.0,0.9
202207191925,284.0,0.9
202207191930,323.0,0.9
202207191935,117.0,0.9
202207191940,5.0,0.9
202207191945,230.0,0.9
202207191950,219.0,0.9
202207192000,336.0,0.4
202207192010,330.0,0.9
202207192015,59.0,0.4
202207192020,216.0,0.4
202207192025,344.0,0.9
202207192030,315.0,0.9
202207192035,338.0,0.9
202207192040,349.0,0.9
202207192045,335.0,0.9
202207192050,310.0,0.9
202207192055,302.0,0.9
202207192100,357.0,0.9
202207192110,2.0,0.9
202207192115,169.0,0.9
202207192120,184.0,0.9
202207192125,220.0,1.3
202207192130,209.0,1.3
202207192140,217.0,1.3
202207192145,214.0,0.9
202207192150,214.0,0.9
202207192155,216.0,0.9
202207192200,214.0,0.9
202207192210,206.0,1.3
202207192215,205.0,0.9
202207192220,207.0,0.9
202207192225,260.0,1.3
202207192235,217.0,1.3
202207192240,204.0,1.3
202207192245,210.0,2.2
202207192250,223.0,2.2
202207192255,221.0,1.3
202207192300,205.0,1.3
202207192310,245.0,1.3
202207192315,195.0,0.9
202207192320,224.0,0.9
202207192325,228.0,2.2
202207192330,235.0,2.2
202207192335,154.0,2.2
202207192340,209.0,2.2
202207192345,221.0,0.4
202207192350,204.0,0.4
202207192355,238.0,0.9
202207200000,200.0,0.9
202207200010,219.0,1.3
202207200015,208.0,0.9
202207200020,319.0,0.9
202207200025,352.0,2.2
202207200035,120.0,2.7
202207200040,207.0,2.7
202207200045,229.0,0.9
202207200050,133.0,0.9
202207200055,156.0,0.9
202207200100,310.0,0.9
202207200110,,0.0
202207200115,,0.0
202207200120,,0.0
202207200125,,0.0
202207200130,,0.0
202207200135,,0.0
202207200140,,0.0
202207200145,,0.0
202207200150,,0.0
202207200155,,0.0
202207200200,,0.0
202207200210,,0.0
202207200215,,0.0
202207200220,,0.0
202207200225,,0.0
202207200230,,0.0
202207200235,,0.0
202207200240,,0.0
202207200245,,0.0
202207200250,,0.0
202207200255,,0.0
202207200310,,0.0
202207200315,,0.0
202207200320,,0.0
202207200325,,0.0
202207200330,,0.0
202207200335,,0.0
202207200340,,0.0
202207200345,,0.0
202207200350,,0.0
202207200355,,0.0
202207200400,,0.0
202207200410,,0.0
202207200415,,0.0
202207200420,,0.0
202207200425,,0.0
202207200430,,0.0
202207200435,,0.0
202207200440,,0.0
202207200445,,0.0
202207200455,,0.0
202207200500,,0.0
202207200515,,0.0
202207200520,,0.0
202207200525,,0.0
202207200530,,0.0
202207200535,,0.0
202207200540,,0.0
202207200545,,0.0
202207200550,,0.0
202207200555,214.0,0.9
202207200600,213.0,0.9
202207200610,,0.0
202207200615,206.0,0.9
202207200620,222.0,0.9
202207200630,187.0,0.9
202207200635,208.0,0.4
202207200640,219.0,0.4
202207200645,,0.0
202207200650,,0.0
202207200655,,0.0
202207200700,,0.0
202207200710,,0.0
202207200715,,0.0
202207200720,,0.0
202207200730,,0.0
202207200735,221.0,0.4
202207200740,209.0,0.4
202207200745,203.0,0.4
202207200750,125.0,0.4
202207200755,205.0,0.4
202207200800,169.0,0.4
202207200810,230.0,0.4
202207200820,199.0,0.4
202207200825,211.0,0.9
202207200830,253.0,0.9
202207200840,192.0,0.4
202207200855,,0.0
202207200900,,0.0
202207200915,,0.0
202207200920,,0.0
202207200925,,0.0
202207200930,,0.0
202207200935,,0.0
202207200940,,0.0
202207200945,,0.0
202207200950,,0.0
202207200955,,0.0
202207201000,,0.0
202207201010,,0.0
202207201020,,0.0
202207201025,185.0,0.4
202207201030,197.0,0.4
202207201035,215.0,0.4
202207201040,229.0,0.4
202207201045,182.0,0.9
202207201050,205.0,0.9
202207201055,218.0,0.9
202207201100,174.0,0.9
202207201110,258.0,0.9
202207201115,205.0,0.9
202207201120,223.0,0.9
202207201130,,0.0
202207201135,232.0,0.9
202207201140,318.0,0.9
202207201145,,0.0
202207201150,,0.0
202207201155,,0.0
202207201200,,0.0
202207201210,,0.0
202207201215,,0.0
202207201220,,0.0
202207201225,,0.0
202207201230,,0.0
202207201240,,0.0
202207201245,,0.0
202207201250,,0.0
202207201255,,0.0
202207201300,,0.0
202207201310,,0.0
202207201320,,0.0
202207201325,,0.0
202207201330,,0.0
202207201335,,0.0
202207201340,,0.0
202207201345,,0.0
202207201350,,0.0
202207201355,213.0,0.4
202207201400,218.0,0.4
202207201410,,0.0
202207201415,,0.0
202207201420,,0.0
202207201425,,0.0
202207201430,,0.0
202207201435,,0.0
202207201440,,0.0
202207201445,,0.0
202207201450,,0.0
202207201455,,0.0
202207201500,,0.0
202207201515,,0.0
202207201520,,0.0
202207201525,,0.0
202207201530,,0.0
202207201535,,0.0
202207201540,,0.0
202207201545,,0.0
202207201550,,0.0
202207201555,,0.0
202207201600,,0.0
202207201610,,0.0
202207201615,,0.0
202207201620,,0.0
202207201625,,0.0
202207201630,,0.0
202207201635,,0.0
202207201640,,0.0
202207201645,,0.0
202207201650,,0.0
202207201655,,0.0
202207201700,,0.0
202207201710,,0.0
202207201725,,0.0
202207201730,,0.0
202207201735,,0.0
202207201740,,0.0
202207201745,,0.0
202207201750,,0.0
202207201755,,0.0
202207201800,,0.0
202207201810,,0.0
202207201815,,0.0
202207201820,,0.0
202207201825,,0.0
202207201830,,0.0
202207201835,,0.0
202207201840,,0.0
202207201845,,0.0
202207201850,,0.0
202207201855,,0.0
202207201900,,0.0
202207201910,,0.0
202207201915,,0.0
202207201920,,0.0
202207201925,,0.0
202207201930,,0.0
202207201935,,0.0
202207201940,,0.0
202207201945,,0.0
202207201950,,0.0
202207201955,,0.0
202207202000,,0.0
202207202010,,0.0
202207202015,,0.0
202207202020,,0.0
202207202025,,0.0
202207202030,,0.0
202207202035,,0.0
202207202040,,0.0
202207202045,,0.0
202207202050,,0.0
202207202055,,0.0
202207202100,,0.0
202207202110,,0.0
202207202115,,0.0
202207202120,,0.0
202207202125,,0.0
202207202130,,0.0
202207202135,,0.0
202207202140,,0.0
202207202145,,0.0
202207202150,,0.0
202207202155,,0.0
202207202210,,0.0
202207202215,,0.0
202207202220,,0.0
202207202225,,0.0
202207202230,,0.0
202207202235,,0.0
202207202240,,0.0
202207202245,,0.0
202207202250,,0.0
202207202255,,0.0
202207202300,,0.0
202207202315,,0.0
202207202320,,0.0
202207202325,,0.0
202207202330,,0.0
202207202335,,0.0
202207202340,,0.0
202207202345,,0.0
202207202350,,0.0
202207202355,,0.0
202207210000,,0.0
202207210010,,0.0
202207210015,,0.0
202207210020,,0.0
202207210025,,0.0
202207210030,,0.0
202207210035,,0.0
202207210040,,0.0
202207210045,,0.0
202207210055,,0.0
202207210100,,0.0
202207210110,,0.0
202207210115,,0.0
202207210120,,0.0
202207210125,,0.0
202207210130,,0.0
202207210135,,0.0
202207210140,,0.0
202207210145,,0.0
202207210150,,0.0
202207210155,,0.0
202207210200,,0.0
202207210210,,0.0
202207210215,,0.0
202207210220,,0.0
202207210230,,0.0
202207210235,,0.0
202207210240,,0.0
202207210245,,0.0
202207210250,,0.0
202207210255,,0.0
202207210300,,0.0
202207210310,,0.0
202207210315,,0.0
202207210320,,0.0
202207210325,,0.0
202207210330,,0.0
202207210340,,0.0
202207210350,,0.0
202207210355,,0.0
202207210400,,0.0
202207210410,,0.0
202207210415,,0.0
202207210420,,0.0
202207210425,,0.0
202207210430,,0.0
202207210435,,0.0
202207210440,,0.0
202207210445,,0.0
202207210450,,0.0
202207210455,,0.0
202207210500,,0.0
202207210510,,0.0
202207210515,,0.0
202207210520,,0.0
202207210530,,0.0
202207210535,,0.0
202207210540,,0.0
202207210545,,0.0
202207210550,,0.0
202207210555,,0.0
202207210600,,0.0
202207210610,,0.0
202207210615,,0.0
202207210620,,0.0
202207210625,,0.0
202207210630,,0.0
202207210635,,0.0
202207210640,,0.0
202207210645,,0.0
202207210650,,0.0
202207210655,,0.0
202207210700,,0.0
202207210710,,0.0
202207210715,,0.0
202207210720,,0.0
202207210725,,0.0
202207210730,,0.0
202207210735,,0.0
202207210740,,0.0
202207210745,,0.0
202207210750,,0.0
202207210755,,0.0
202207210800,,0.0
202207210810,,0.0
202207210815,,0.0
202207210820,,0.0
202207210825,,0.0
202207210830,,0.0
202207210835,,0.0
202207210840,,0.0
202207210845,,0.0
202207210850,,0.0
202207210855,,0.0
202207210900,,0.0
202207210910,,0.0
202207210915,,0.0
202207210920,,0.0
202207210925,,0.0
202207210935,,0.0
202207210945,,0.0
202207210950,,0.0
202207210955,,0.0
202207211000,,0.0
202207211010,,0.0
202207211015,,0.0
202207211020,,0.0
202207211025,,0.0
202207211030,,0.0
202207211040,,0.0
202207211045,,0.0
202207211050,,0.0
202207211055,,0.0
202207211100,,0.0
202207211110,,0.0
202207211115,,0.0
202207211120,,0.0
202207211125,,0.0
202207211130,,0.0
202207211135,,0.0
202207211140,,0.0
202207211145,,0.0
202207211150,,0.0
202207211200,,0.0
202207211210,,0.0
202207211215,,0.0
202207211220,,0.0
202207211225,,0.0
202207211230,,0.0
202207211235,,0.0
202207211240,,0.0
202207211245,,0.0
202207211250,,0.0
202207211255,,0.0
202207211300,,0.0
202207211310,215.0,1.3
202207211315,208.0,2.2
202207211320,175.0,2.2
202207211325,232.0,2.2
202207211330,239.0,2.2
202207211335,211.0,0.9
202207211340,201.0,0.9
202207211345,204.0,1.3
202207211350,209.0,1.3
202207211355,310.0,2.2
202207211400,331.0,2.2
202207211410,308.0,0.9
202207211415,191.0,0.4
202207211420,335.0,0.4
202207211425,352.0,0.9
202207211430,357.0,0.9
202207211435,311.0,1.3
202207211440,8.0,1.3
202207211445,321.0,0.9
202207211450,286.0,0.9
202207211455,295.0,0.4
202207211500,340.0,0.4
202207211510,205.0,0.9
202207211515,236.0,0.9
202207211520,177.0,0.9
202207211525,306.0,0.9
202207211530,172.0,0.9
202207211545,194.0,1.3
202207211550,226.0,1.3
202207211555,191.0,0.9
202207211600,227.0,0.9
202207211610,14.0,0.9
202207211615,,0.0
202207211620,,0.0
202207211625,211.0,0.9
202207211630,233.0,0.9
202207211635,236.0,1.3
202207211640,177.0,1.3
202207211645,201.0,0.9
202207211650,200.0,0.9
202207211655,223.0,1.3
202207211700,172.0,1.3
202207211710,179.0,0.9
202207211715,193.0,1.3
202207211720,171.0,1.3
202207211725,190.0,0.9
202207211730,216.0,0.9
202207211735,326.0,1.3
202207211740,326.0,1.3
202207211745,321.0,0.9
202207211750,210.0,0.9
202207211755,,0.0
202207211800,,0.0
202207211810,295.0,0.4
202207211815,,0.0
202207211820,,0.0
202207211825,,0.0
202207211830,,0.0
202207211835,203.0,0.4
202207211840,237.0,0.4
202207211850,225.0,0.4
202207211855,195.0,0.9
202207211900,211.0,0.9
202207211910,198.0,0.9
202207211915,212.0,1.3
202207211920,181.0,1.3
202207211925,193.0,1.3
202207211930,249.0,1.3
202207211935,199.0,2.2
202207211940,196.0,2.2
202207211945,194.0,1.3
202207211950,223.0,1.3
202207211955,201.0,1.3
202207212000,176.0,1.3
202207212010,203.0,2.2
202207212015,221.0,2.2
202207212020,214.0,2.2
202207212025,189.0,1.3
202207212030,210.0,1.3
202207212035,190.0,2.2
202207212040,203.0,2.2
202207212045,244.0,2.2
202207212050,210.0,2.2
202207212055,195.0,0.9
202207212100,232.0,0.9
202207212110,250.0,0.9
202207212115,223.0,2.2
202207212120,227.0,2.2
202207212125,218.0,1.3
202207212130,201.0,1.3
202207212135,230.0,2.2
202207212140,186.0,2.2
202207212145,200.0,1.3
202207212150,225.0,1.3
202207212155,204.0,2.2
202207212200,208.0,2.2
202207212210,198.0,2.2
202207212215,205.0,1.3
202207212225,191.0,0.9
202207212235,212.0,2.2
202207212240,197.0,2.2
202207212245,167.0,2.2
202207212250,168.0,2.2
202207212255,207.0,2.2
202207212300,197.0,2.2
202207212310,194.0,2.2
202207212315,191.0,0.9
202207212320,230.0,0.9
202207212325,188.0,1.3
202207212330,174.0,1.3
202207212335,209.0,0.9
202207212340,159.0,0.9
202207212345,165.0,0.9
202207212350,251.0,0.9
202207220000,194.0,0.9
202207220010,207.0,0.9
202207220015,191.0,0.9
202207220020,225.0,0.9
202207220025,223.0,0.9
202207220030,200.0,0.9
202207220035,212.0,0.9
202207220040,178.0,0.9
202207220045,190.0,0.4
202207220050,154.0,0.4
202207220055,186.0,0.4
202207220100,125.0,0.4
202207220110,,0.0
202207220115,,0.0
202207220120,,0.0
202207220125,,0.0
202207220130,,0.0
202207220135,335.0,0.4
202207220140,352.0,0.4
202207220145,357.0,0.9
202207220150,244.0,0.9
202207220155,242.0,0.4
202207220200,195.0,0.4
202207220210,,0.0
202207220215,,0.0
202207220220,,0.0
202207220225,,0.0
202207220230,,0.0
202207220240,,0.0
202207220245,,0.0
202207220250,,0.0
202207220255,,0.0
202207220300,,0.0
202207220310,,0.0
202207220315,,0.0
202207220320,,0.0
202207220325,,0.0
202207220330,,0.0
202207220335,,0.0
202207220340,,0.0
202207220345,,0.0
202207220350,,0.0
202207220355,216.0,0.9
202207220400,132.0,0.9
202207220410,,0.0
202207220415,,0.0
202207220425,,0.0
202207220430,,0.0
202207220435,,0.0
202207220440,,0.0
202207220445,,0.0
202207220450,,0.0
202207220455,,0.0
202207220500,,0.0
202207220510,207.0,0.4
202207220515,209.0,0.4
202207220520,187.0,0.4
202207220525,,0.0
202207220530,,0.0
202207220535,186.0,0.4
202207220540,198.0,0.4
202207220545,225.0,0.9
202207220550,208.0,0.9
202207220600,183.0,0.9
202207220610,228.0,1.3
202207220615,176.0,1.3
202207220620,223.0,1.3
202207220625,205.0,1.3
202207220635,205.0,1.3
202207220640,188.0,1.3
202207220645,215.0,1.3
202207220650,196.0,1.3
202207220655,223.0,0.9
202207220700,211.0,0.9
202207220710,223.0,1.3
202207220715,194.0,0.9
202207220720,218.0,0.9
202207220725,204.0,0.9
202207220730,217.0,0.9
202207220740,172.0,1.3
202207220745,193.0,0.9
202207220750,197.0,0.9
202207220755,217.0,0.9
202207220800,222.0,0.9
202207220810,203.0,0.9
202207220815,228.0,0.9
202207220820,197.0,0.9
202207220825,,0.0
202207220835,,0.0
202207220840,,0.0
202207220845,,0.0
202207220850,,0.0
202207220855,,0.0
202207220900,,0.0
202207220915,,0.0
202207220925,,0.0
202207220930,,0.0
202207220935,,0.0
202207220940,,0.0
202207220945,,0.0
202207220950,,0.0
202207220955,,0.0
202207221000,,0.0
202207221010,,0.0
202207221020,,0.0
202207221025,,0.0
202207221030,,0.0
202207221035,,0.0
202207221040,,0.0
202207221045,,0.0
202207221050,,0.0
202207221055,,0.0
202207221100,,0.0
202207221110,,0.0
202207221115,,0.0
202207221120,,0.0
202207221125,,0.0
202207221130,,0.0
202207221135,,0.0
202207221140,,0.0
202207221145,,0.0
202207221150,,0.0
202207221155,,0.0
202207221200,,0.0
202207221210,,0.0
202207221215,,0.0
202207221220,,0.0
202207221225,,0.0
202207221230,,0.0
202207221235,,0.0
202207221240,,0.0
202207221245,,0.0
202207221250,,0.0
202207221255,,0.0
202207221300,,0.0
202207221310,,0.0
202207221315,156.0,0.9
202207221320,204.0,0.9
202207221325,195.0,0.9
202207221330,194.0,0.9
202207221335,149.0,0.9
202207221340,257.0,0.9
202207221345,,0.0
202207221350,,0.0
202207221355,,0.0
202207221400,,0.0
202207221410,,0.0
202207221415,,0.0
202207221420,,0.0
202207221425,177.0,0.9
202207221430,176.0,0.9
202207221435,202.0,0.9
202207221440,205.0,0.9
202207221445,,0.0
202207221450,,0.0
202207221455,,0.0
202207221500,,0.0
202207221510,,0.0
202207221515,215.0,0.4
202207221520,228.0,0.4
202207221525,,0.0
202207221530,,0.0
202207221535,,0.0
202207221540,,0.0
202207221545,,0.0
202207221550,,0.0
202207221555,196.0,0.9
202207221600,165.0,0.9
202207221610,194.0,0.9
202207221620,,0.0
202207221630,185.0,0.9
202207221635,190.0,0.9
202207221645,119.0,0.9
202207221650,232.0,0.9
202207221655,196.0,0.9
202207221700,339.0,0.9
202207221710,163.0,0.9
202207221715,205.0,1.3
202207221720,146.0,1.3
202207221725,226.0,0.9
202207221730,196.0,0.9
202207221735,225.0,0.4
202207221740,122.0,0.4
202207221745,108.0,0.4
202207221750,195.0,0.4
202207221755,114.0,0.9
202207221800,207.0,0.9
202207221810,175.0,0.9
202207221815,210.0,0.9
202207221820,231.0,0.9
202207221825,177.0,1.3
202207221830,212.0,1.3
202207221835,204.0,0.9
202207221840,131.0,0.9
202207221845,220.0,1.3
202207221850,204.0,1.3
202207221855,225.0,0.9
202207221900,196.0,0.9
202207221910,250.0,1.3
202207221915,200.0,0.9
202207221920,139.0,0.9
202207221925,212.0,0.9
202207221930,154.0,0.9
202207221935,216.0,0.9
202207221940,132.0,0.9
202207221945,235.0,1.3
202207221950,194.0,1.3
202207221955,214.0,1.3
202207222000,246.0,1.3
202207222010,234.0,0.9
202207222015,232.0,1.3
202207222020,218.0,1.3
202207222025,207.0,0.9
202207222030,220.0,0.9
202207222035,228.0,2.2
202207222045,171.0,0.9
202207222050,196.0,0.9
202207222055,224.0,0.9
202207222100,196.0,0.9
202207222110,305.0,1.3
202207222115,330.0,0.9
202207222120,220.0,0.9
202207222125,156.0,0.9
202207222130,170.0,0.9
202207222135,208.0,0.9
202207222140,207.0,0.9
202207222145,195.0,1.3
202207222150,248.0,1.3
202207222155,211.0,0.9
202207222200,194.0,0.9
202207222210,230.0,0.9
202207222215,200.0,0.9
202207222220,161.0,0.9
202207222230,218.0,0.9
202207222235,244.0,0.9
202207222240,208.0,0.9
202207222245,324.0,0.9
202207222250,218.0,0.9
202207222255,236.0,0.9
202207222300,237.0,0.9
202207222310,41.0,0.9
202207222315,,0.0
202207222320,,0.0
202207222325,,0.0
202207222330,,0.0
202207222335,201.0,0.9
202207222340,292.0,0.9
202207222345,192.0,0.4
202207222350,184.0,0.4
202207222355,204.0,0.4
202207230000,212.0,0.4
202207230010,,0.0
202207230015,,0.0
202207230020,,0.0
202207230025,,0.0
202207230030,,0.0
202207230035,,0.0
202207230045,,0.0
202207230050,,0.0
202207230055,,0.0
202207230100,,0.0
202207230110,,0.0
202207230115,,0.0
202207230120,,0.0
202207230125,,0.0
202207230130,,0.0
202207230135,,0.0
202207230145,,0.0
202207230150,,0.0
202207230155,,0.0
202207230200,,0.0
202207230215,,0.0
202207230220,,0.0
202207230225,,0.0
202207230230,,0.0
202207230240,,0.0
202207230245,,0.0
202207230250,,0.0
202207230300,,0.0
202207230310,207.0,0.9
202207230315,207.0,0.9
202207230320,204.0,0.9
202207230325,233.0,0.9
202207230330,152.0,0.9
202207230335,,0.0
202207230340,,0.0
202207230345,,0.0
202207230350,,0.0
202207230355,203.0,0.4
202207230400,191.0,0.4
202207230410,201.0,0.4
202207230415,187.0,0.9
202207230420,187.0,0.9
202207230425,241.0,0.9
202207230430,223.0,0.9
202207230435,219.0,0.9
202207230440,196.0,0.9
202207230445,215.0,0.9
202207230450,179.0,0.9
202207230455,177.0,0.4
202207230510,,0.0
202207230515,,0.0
202207230520,,0.0
202207230525,,0.0
202207230530,,0.0
202207230535,,0.0
202207230540,,0.0
202207230545,,0.0
202207230550,,0.0
202207230600,,0.0
202207230610,,0.0
202207230615,,0.0
202207230620,,0.0
202207230625,,0.0
202207230630,,0.0
202207230635,,0.0
202207230640,,0.0
202207230645,,0.0
202207230650,,0.0
202207230700,,0.0
202207230710,,0.0
202207230715,,0.0
202207230720,,0.0
202207230725,,0.0
202207230730,,0.0
202207230735,,0.0
202207230740,,0.0
202207230745,,0.0
202207230750,,0.0
202207230755,,0.0
202207230800,,0.0
202207230810,,0.0
202207230815,,0.0
202207230820,,0.0
202207230825,,0.0
202207230830,,0.0
202207230835,,0.0
202207230840,,0.0
202207230845,,0.0
202207230850,,0.0
202207230855,,0.0
202207230900,,0.0
202207230910,204.0,0.9
202207230915,207.0,0.9
202207230920,220.0,0.9
202207230925,205.0,1.3
202207230930,197.0,1.3
202207230935,178.0,1.3
202207230945,221.0,2.2
202207230950,193.0,2.2
202207230955,239.0,1.3
202207231000,214.0,1.3
202207231010,216.0,1.3
202207231015,218.0,0.9
202207231020,195.0,0.9
202207231025,187.0,1.3
202207231030,205.0,1.3
202207231035,228.0,0.9
202207231040,232.0,0.9
202207231045,217.0,0.9
202207231050,207.0,0.9
202207231055,164.0,0.9
202207231100,210.0,0.9
202207231110,,0.0
202207231115,,0.0
202207231120,,0.0
202207231125,224.0,0.9
202207231130,207.0,0.9
202207231135,,0.0
202207231140,,0.0
202207231150,,0.0
202207231155,,0.0
202207231200,,0.0
202207231210,,0.0
202207231220,188.0,0.4
202207231225,211.0,0.4
202207231230,246.0,0.4
202207231235,,0.0
202207231240,,0.0
202207231245,245.0,0.9
202207231250,205.0,0.9
202207231255,193.0,0.9
202207231300,205.0,0.9
202207231310,194.0,0.9
202207231315,,0.0
202207231320,,0.0
202207231325,159.0,0.9
202207231330,84.0,0.9
202207231335,,0.0
202207231340,,0.0
202207231345,,0.0
202207231350,,0.0
202207231355,,0.0
202207231400,,0.0
202207231410,,0.0
202207231415,,0.0
202207231420,,0.0
202207231425,204.0,0.9
202207231435,294.0,0.9
202207231440,346.0,0.9
202207231445,,0.0
202207231450,,0.0
202207231455,195.0,0.4
202207231500,177.0,0.4
202207231510,210.0,0.9
202207231515,235.0,0.9
202207231520,305.0,0.9
202207231525,347.0,0.9
202207231530,89.0,0.9
202207231535,,0.0
202207231540,,0.0
202207231545,196.0,0.4
202207231550,26.0,0.4
202207231555,,0.0
202207231600,,0.0
202207231610,174.0,0.9
202207231620,284.0,0.4
202207231625,,0.0
202207231635,204.0,0.9
202207231640,214.0,0.9
202207231645,327.0,0.9
202207231655,217.0,0.4
202207231700,200.0,0.4
202207231710,79.0,0.9
202207231715,268.0,0.4
202207231720,184.0,0.4
202207231725,211.0,0.9
202207231730,211.0,0.9
202207231735,298.0,0.9
202207231740,304.0,0.9
202207231745,92.0,0.4
202207231750,145.0,0.4
202207231755,196.0,0.9
202207231810,150.0,0.9
202207231815,104.0,0.4
202207231820,316.0,0.4
202207231825,265.0,0.9
202207231830,298.0,0.9
202207231835,193.0,0.9
202207231840,315.0,0.9
202207231845,,0.0
202207231850,,0.0
202207231855,,0.0
202207231900,,0.0
202207231910,,0.0
202207231915,237.0,0.9
202207231920,253.0,0.9
202207231925,224.0,0.9
202207231930,112.0,0.9
202207231935,140.0,0.4
202207231940,298.0,0.4
202207231945,304.0,0.9
202207231950,311.0,0.9
202207231955,333.0,0.4
202207232000,294.0,0.4
202207232010,,0.0
202207232015,302.0,0.4
202207232020,320.0,0.4
202207232025,16.0,0.4
202207232030,192.0,0.4
202207232035,9.0,0.4
202207232040,16.0,0.4
202207232045,178.0,0.9
202207232050,204.0,0.9
202207232055,41.0,0.9
202207232100,171.0,0.9
202207232110,,0.0
202207232115,200.0,0.9
202207232120,235.0,0.9
202207232125,246.0,0.9
202207232130,133.0,0.9
202207232135,,0.0
202207232140,,0.0
202207232145,,0.0
202207232150,,0.0
202207232155,,0.0
202207232200,,0.0
202207232210,293.0,0.4
202207232215,,0.0
202207232220,,0.0
202207232225,,0.0
202207232230,,0.0
202207232235,,0.0
202207232240,,0.0
202207232245,238.0,0.9
202207232250,210.0,0.9
202207232255,240.0,0.9
202207232300,222.0,0.9
202207232310,223.0,0.9
202207232315,154.0,0.9
202207232320,175.0,0.9
202207232325,,0.0
202207232330,,0.0
202207232335,,0.0
202207232340,,0.0
202207232345,191.0,0.9
202207232350,198.0,0.9
202207232355,,0.0
202207240000,,0.0
202207240010,256.0,0.9
202207240020,,0.0
202207240025,,0.0
202207240030,,0.0
202207240035,,0.0
202207240040,,0.0
202207240045,,0.0
202207240050,,0.0
202207240055,,0.0
202207240100,,0.0
202207240110,,0.0
202207240115,,0.0
202207240120,,0.0
202207240125,,0.0
202207240130,,0.0
202207240135,,0.0
202207240140,,0.0
202207240150,,0.0
202207240155,,0.0
202207240200,,0.0
202207240210,,0.0
202207240215,,0.0
202207240220,,0.0
202207240225,,0.0
202207240230,,0.0
202207240235,,0.0
202207240240,,0.0
202207240245,,0.0
202207240250,,0.0
202207240255,,0.0
202207240300,,0.0
202207240310,,0.0
202207240315,,0.0
202207240320,,0.0
202207240325,,0.0
202207240330,,0.0
202207240335,,0.0
202207240340,,0.0
202207240345,,0.0
202207240350,,0.0
202207240355,,0.0
202207240400,,0.0
202207240410,,0.0
202207240420,,0.0
202207240425,,0.0
202207240430,,0.0
202207240435,,0.0
202207240440,,0.0
202207240445,,0.0
202207240450,,0.0
202207240455,,0.0
202207240510,,0.0
202207240515,212.0,0.9
202207240525,196.0,0.9
202207240530,211.0,0.9
202207240535,206.0,0.9
202207240540,201.0,0.9
202207240545,148.0,0.4
202207240550,204.0,0.4
202207240555,,0.0
202207240600,,0.0
202207240610,,0.0
202207240615,,0.0
202207240620,,0.0
202207240625,,0.0
202207240630,,0.0
202207240635,,0.0
202207240640,,0.0
202207240645,,0.0
202207240650,,0.0
202207240655,,0.0
202207240700,,0.0
202207240710,220.0,0.9
202207240715,227.0,0.4
202207240720,241.0,0.4
202207240725,,0.0
202207240730,,0.0
202207240735,,0.0
202207240740,,0.0
202207240745,,0.0
202207240750,,0.0
202207240755,,0.0
202207240800,,0.0
202207240810,,0.0
202207240815,,0.0
202207240820,,0.0
202207240825,,0.0
202207240835,,0.0
202207240840,,0.0
202207240845,,0.0
202207240850,,0.0
202207240855,,0.0
202207240900,,0.0
202207240910,,0.0
202207240915,,0.0
202207240920,,0.0
202207240925,,0.0
202207240930,,0.0
202207240935,,0.0
202207240940,,0.0
202207240945,,0.0
202207240950,,0.0
202207240955,,0.0
202207241010,,0.0
202207241015,,0.0
202207241020,,0.0
202207241025,,0.0
202207241030,,0.0
202207241035,,0.0
202207241040,,0.0
202207241045,,0.0
202207241050,,0.0
202207241100,,0.0
202207241110,,0.0
202207241115,,0.0
202207241120,,0.0
202207241125,,0.0
202207241130,,0.0
202207241135,,0.0
202207241140,,0.0
202207241145,,0.0
202207241150,,0.0
202207241155,,0.0
202207241200,,0.0
202207241210,,0.0
202207241215,,0.0
202207241220,,0.0
202207241225,,0.0
202207241230,,0.0
202207241235,,0.0
202207241240,,0.0
202207241245,,0.0
202207241250,,0.0
202207241255,150.0,0.4
202207241300,158.0,0.4
202207241310,,0.0
202207241315,,0.0
202207241320,,0.0
202207241325,,0.0
202207241330,,0.0
202207241335,,0.0
202207241340,,0.0
202207241345,,0.0
202207241350,,0.0
202207241355,,0.0
202207241400,,0.0
202207241410,,0.0
202207241415,,0.0
202207241420,,0.0
202207241425,,0.0
202207241430,,0.0
202207241435,,0.0
202207241440,,0.0
202207241445,328.0,0.9
202207241450,358.0,0.9
202207241455,,0.0
202207241500,,0.0
202207241510,,0.0
202207241515,,0.0
202207241520,,0.0
202207241525,193.0,0.4
202207241530,239.0,0.4
202207241535,354.0,0.9
202207241540,22.0,0.9
202207241545,,0.0
202207241550,,0.0
202207241555,201.0,0.4
202207241600,310.0,0.4
202207241610,228.0,0.4
202207241615,353.0,1.3
202207241620,221.0,1.3
202207241625,316.0,0.9
202207241630,266.0,0.9
202207241635,36.0,0.4
202207241640,352.0,0.4
202207241645,303.0,0.9
202207241655,337.0,0.4
202207241710,183.0,0.9
202207241715,1.0,0.9
202207241720,307.0,0.9
202207241725,214.0,0.4
202207241730,305.0,0.4
202207241735,323.0,0.9
202207241740,226.0,0.9
202207241745,242.0,0.9
202207241750,190.0,0.9
202207241755,354.0,0.4
202207241800,226.0,0.4
202207241810,337.0,0.9
202207241815,357.0,0.9
202207241820,331.0,0.9
202207241825,7.0,0.9
202207241830,270.0,0.9
202207241835,224.0,0.9
202207241840,197.0,0.9
202207241845,292.0,0.9
202207241850,188.0,0.9
202207241855,161.0,0.9
202207241900,153.0,0.9
202207241910,219.0,0.9
202207241915,307.0,0.9
202207241920,88.0,0.9
202207241925,,0.0
202207241930,,0.0
202207241940,,0.0
202207241945,168.0,0.4
202207241950,74.0,0.4
202207241955,300.0,0.9
202207242000,190.0,0.9
202207242010,230.0,0.9
202207242015,183.0,0.9
202207242020,33.0,0.9
202207242025,200.0,0.9
202207242030,136.0,0.9
202207242035,216.0,0.4
202207242040,187.0,0.4
202207242045,181.0,1.3
202207242050,182.0,1.3
202207242055,,0.0
202207242100,,0.0
202207242115,153.0,0.9
202207242120,225.0,0.9
202207242125,179.0,0.9
202207242130,189.0,0.9
202207242135,159.0,2.2
202207242140,218.0,2.2
202207242145,158.0,2.2
202207242150,209.0,2.2
202207242155,146.0,1.3
202207242200,207.0,1.3
202207242210,201.0,0.9
202207242215,205.0,1.3
202207242225,134.0,0.4
202207242230,274.0,0.4
202207242235,,0.0
202207242240,,0.0
202207242250,,0.0
202207242255,,0.0
202207242300,,0.0
202207242310,,0.0
202207242315,,0.0
202207242320,,0.0
202207242330,,0.0
202207242335,,0.0
202207242340,,0.0
202207242345,,0.0
202207242350,,0.0
202207242355,,0.0
202207250000,,0.0
202207250010,,0.0
202207250015,,0.0
202207250020,,0.0
202207250025,,0.0
202207250030,,0.0
202207250035,,0.0
202207250040,,0.0
202207250045,,0.0
202207250050,,0.0
202207250055,,0.0
202207250100,,0.0
202207250110,,0.0
202207250115,,0.0
202207250120,,0.0
202207250125,,0.0
202207250130,,0.0
202207250135,,0.0
202207250140,,0.0
202207250145,,0.0
202207250150,,0.0
202207250155,,0.0
202207250200,,0.0
202207250210,,0.0
202207250215,,0.0
202207250220,,0.0
202207250225,,0.0
202207250230,,0.0
202207250235,,0.0
202207250240,,0.0
202207250245,,0.0
202207250250,,0.0
202207250255,236.0,0.9
202207250300,212.0,0.9
202207250310,,0.0
202207250320,,0.0
202207250325,,0.0
202207250330,,0.0
202207250335,,0.0
202207250340,,0.0
202207250345,128.0,0.9
202207250350,219.0,0.9
202207250355,202.0,0.9
202207250400,161.0,0.9
202207250410,220.0,0.9
202207250415,216.0,0.9
202207250420,216.0,0.9
202207250425,183.0,2.2
202207250430,204.0,2.2
202207250435,210.0,2.2
202207250440,215.0,2.2
202207250445,230.0,1.3
202207250450,197.0,1.3
202207250455,204.0,1.3
202207250500,189.0,1.3
202207250510,189.0,1.3
202207250515,228.0,1.3
202207250520,231.0,1.3
202207250525,169.0,1.3
202207250530,183.0,1.3
202207250535,191.0,0.9
202207250540,208.0,0.9
202207250545,185.0,0.9
202207250550,182.0,0.9
202207250555,212.0,0.9
202207250600,202.0,0.9
202207250610,228.0,0.9
202207250615,211.0,0.9
202207250620,211.0,0.9
202207250630,200.0,0.9
202207250635,213.0,0.9
202207250640,238.0,0.9
202207250645,195.0,0.9
202207250650,228.0,0.9
202207250655,192.0,0.9
202207250700,211.0,0.9
202207250710,121.0,0.9
202207250715,112.0,0.9
202207250720,195.0,0.9
202207250725,,0.0
202207250730,,0.0
202207250735,,0.0
202207250740,,0.0
202207250745,,0.0
202207250750,,0.0
202207250755,,0.0
202207250800,,0.0
202207250810,,0.0
202207250815,,0.0
202207250820,,0.0
202207250825,,0.0
202207250830,,0.0
202207250835,,0.0
202207250840,,0.0
202207250845,,0.0
202207250850,,0.0
202207250855,,0.0
202207250900,,0.0
202207250910,,0.0
202207250915,,0.0
202207250920,,0.0
202207250925,,0.0
202207250935,,0.0
202207250940,,0.0
202207250945,,0.0
202207250950,,0.0
202207250955,,0.0
202207251000,,0.0
202207251010,,0.0
202207251015,,0.0
202207251020,,0.0
202207251025,,0.0
202207251030,,0.0
202207251035,,0.0
202207251040,,0.0
202207251045,,0.0
202207251050,,0.0
202207251055,,0.0
202207251100,,0.0
202207251110,,0.0
202207251115,194.0,0.4
202207251120,167.0,0.4
202207251125,173.0,0.4
202207251130,201.0,0.4
202207251135,163.0,0.4
202207251140,177.0,0.4
202207251145,196.0,0.9
202207251150,220.0,0.9
202207251155,188.0,0.9
202207251200,159.0,0.9
202207251210,100.0,0.9
202207251215,121.0,1.3
202207251220,210.0,1.3
202207251225,179.0,1.3
202207251230,214.0,1.3
202207251235,204.0,0.9
202207251240,171.0,0.9
202207251245,231.0,0.9
202207251250,137.0,0.9
202207251255,148.0,0.4
202207251310,172.0,0.9
202207251315,199.0,1.3
202207251320,134.0,1.3
202207251325,166.0,2.2
202207251330,212.0,2.2
202207251335,222.0,0.4
202207251340,228.0,0.4
202207251345,178.0,0.9
202207251350,195.0,0.9
202207251355,240.0,1.3
202207251400,193.0,1.3
202207251415,214.0,0.9
202207251420,184.0,0.9
202207251425,208.0,2.2
202207251430,216.0,2.2
202207251435,284.0,1.3
202207251440,357.0,1.3
202207251445,178.0,0.9
202207251450,194.0,0.9
202207251455,306.0,1.3
202207251500,253.0,1.3
202207251510,239.0,0.9
202207251515,241.0,0.9
202207251520,83.0,0.9
202207251525,122.0,0.9
202207251530,168.0,0.9
202207251535,105.0,0.9
202207251540,120.0,0.9
202207251545,240.0,0.9
202207251555,188.0,1.3
202207251600,195.0,1.3
202207251610,230.0,0.9
202207251615,239.0,1.3
202207251620,242.0,1.3
202207251625,205.0,0.9
202207251630,223.0,0.9
202207251635,167.0,1.3
202207251640,132.0,1.3
202207251645,163.0,1.3
202207251650,245.0,1.3
202207251655,216.0,1.3
202207251700,178.0,1.3
202207251710,209.0,0.9
202207251715,161.0,0.9
202207251720,266.0,0.9
202207251725,235.0,0.9
202207251730,204.0,0.9
202207251735,206.0,0.9
202207251740,130.0,0.9
202207251745,234.0,0.9
202207251750,130.0,0.9
202207251755,213.0,0.9
202207251800,219.0,0.9
202207251810,197.0,1.3
202207251815,104.0,0.9
202207251820,227.0,0.9
202207251825,215.0,0.9
202207251830,142.0,0.9
202207251835,204.0,1.3
202207251840,231.0,1.3
202207251845,219.0,2.2
202207251850,191.0,2.2
202207251855,197.0,2.7
202207251900,176.0,2.7
202207251910,205.0,2.2
202207251915,169.0,2.2
202207251920,198.0,2.2
202207251925,202.0,1.3
202207251930,215.0,1.3
202207251935,205.0,1.3
202207251940,195.0,1.3
202207251945,154.0,0.9
202207251950,147.0,0.9
202207251955,200.0,0.9
202207252000,226.0,0.9
202207252010,218.0,0.9
202207252015,228.0,0.9
202207252020,262.0,0.9
202207252025,,0.0
202207252030,,0.0
202207252035,152.0,0.4
202207252045,102.0,0.9
202207252050,116.0,0.9
202207252055,95.0,0.4
202207252100,84.0,0.4
202207252110,,0.0
202207252115,,0.0
202207252125,,0.0
202207252130,,0.0
202207252135,,0.0
202207252140,,0.0
202207252145,,0.0
202207252150,,0.0
202207252155,,0.0
202207252200,,0.0
202207252210,,0.0
202207252215,,0.0
202207252220,,0.0
202207252225,,0.0
202207252230,,0.0
202207252235,,0.0
202207252240,,0.0
202207252245,,0.0
202207252250,,0.0
202207252255,,0.0
202207252300,,0.0
202207252310,,0.0
202207252315,,0.0
202207252320,,0.0
202207252325,,0.0
202207252330,,0.0
202207252335,,0.0
202207252340,,0.0
202207252345,212.0,0.4
202207252350,196.0,0.4
202207252355,156.0,0.9
202207260000,195.0,0.9
202207260010,248.0,0.9
202207260015,201.0,0.9
202207260020,224.0,0.9
202207260025,,0.0
202207260030,,0.0
202207260035,,0.0
202207260045,,0.0
202207260050,,0.0
202207260055,,0.0
202207260100,,0.0
202207260110,,0.0
202207260115,,0.0
202207260120,,0.0
202207260125,,0.0
202207260130,,0.0
202207260135,,0.0
202207260140,,0.0
202207260145,,0.0
202207260150,,0.0
202207260155,,0.0
202207260200,,0.0
202207260210,,0.0
202207260215,,0.0
202207260220,,0.0
202207260225,,0.0
202207260230,,0.0
202207260235,,0.0
202207260240,,0.0
202207260245,,0.0
202207260250,,0.0
202207260255,,0.0
202207260300,,0.0
202207260310,,0.0
202207260315,,0.0
202207260320,,0.0
202207260325,,0.0
202207260330,,0.0
202207260335,,0.0
202207260340,,0.0
202207260345,,0.0
202207260350,,0.0
202207260355,,0.0
202207260400,,0.0
202207260410,,0.0
202207260415,,0.0
202207260420,,0.0
202207260425,,0.0
202207260430,,0.0
202207260435,,0.0
202207260440,,0.0
202207260445,,0.0
202207260450,,0.0
202207260455,,0.0
202207260500,,0.0
202207260510,,0.0
202207260515,,0.0
202207260520,,0.0
202207260525,,0.0
202207260530,,0.0
202207260535,,0.0
202207260540,,0.0
202207260545,,0.0
202207260550,,0.0
202207260555,,0.0
202207260600,,0.0
202207260610,,0.0
202207260615,,0.0
202207260620,,0.0
202207260625,165.0,0.9
202207260630,204.0,0.9
202207260635,175.0,0.9
202207260640,219.0,0.9
202207260645,214.0,0.9
202207260650,207.0,0.9
202207260655,216.0,0.9
202207260700,219.0,0.9
202207260710,178.0,0.9
202207260715,128.0,0.9
202207260720,189.0,0.9
202207260725,138.0,0.4
202207260735,132.0,0.4
202207260740,184.0,0.4
202207260745,203.0,0.9
202207260750,229.0,0.9
202207260755,132.0,0.9
202207260810,143.0,0.9
202207260815,149.0,0.9
202207260820,198.0,0.9
202207260825,207.0,0.9
202207260830,194.0,0.9
202207260840,240.0,0.4
202207260845,,0.0
202207260850,,0.0
202207260855,199.0,0.9
202207260900,191.0,0.9
202207260910,209.0,0.9
202207260915,207.0,0.4
202207260920,202.0,0.4
202207260925,154.0,0.4
202207260930,170.0,0.4
202207260935,219.0,0.4
202207260940,133.0,0.4
202207260945,,0.0
202207260950,,0.0
202207261010,184.0,0.9
202207261025,160.0,0.9
202207261030,213.0,0.9
202207261035,218.0,0.9
202207261040,223.0,0.9
202207261045,189.0,0.9
202207261050,201.0,0.9
202207261055,199.0,0.9
202207261100,183.0,0.9
202207261110,239.0,0.9
202207261115,,0.0
202207261120,,0.0
202207261125,193.0,0.9
202207261130,197.0,0.9
202207261135,207.0,0.9
202207261140,209.0,0.9
202207261145,242.0,0.9
202207261150,176.0,0.9
202207261155,217.0,0.9
202207261200,187.0,0.9
202207261210,174.0,0.9
202207261215,220.0,0.9
202207261220,222.0,0.9
202207261225,191.0,0.9
202207261230,136.0,0.9
202207261235,230.0,0.9
202207261240,228.0,0.9
202207261245,180.0,0.9
202207261250,156.0,0.9
202207261255,163.0,0.9
202207261300,208.0,0.9
202207261315,245.0,2.2
202207261325,197.0,0.9
202207261330,220.0,0.9
202207261335,223.0,1.3
202207261340,217.0,1.3
202207261345,280.0,1.3
202207261350,198.0,1.3
202207261355,212.0,0.9
202207261410,205.0,0.9
202207261415,198.0,1.3
202207261420,275.0,1.3
202207261425,151.0,0.9
202207261430,233.0,0.9
202207261435,222.0,1.3
202207261440,310.0,1.3
202207261445,326.0,1.3
202207261450,307.0,1.3
202207261455,186.0,0.9
202207261510,175.0,0.9
202207261515,248.0,1.3
202207261520,204.0,1.3
202207261525,199.0,2.2
202207261530,130.0,2.2
202207261535,232.0,2.2
202207261540,262.0,2.2
202207261545,196.0,1.3
202207261550,114.0,1.3
202207261555,296.0,1.3
202207261600,311.0,1.3
202207261610,230.0,1.3
202207261615,229.0,1.3
202207261620,171.0,1.3
202207261625,207.0,2.2
202207261630,198.0,2.2
202207261635,172.0,2.2
202207261640,241.0,2.2
202207261645,148.0,2.2
202207261650,206.0,2.2
202207261655,161.0,0.9
202207261700,235.0,0.9
202207261710,240.0,1.3
202207261715,194.0,0.9
202207261720,211.0,0.9
202207261725,321.0,2.2
202207261730,179.0,2.2
202207261735,155.0,1.3
202207261740,223.0,1.3
202207261745,191.0,1.3
202207261750,220.0,1.3
202207261755,204.0,1.3
202207261800,285.0,1.3
202207261810,336.0,1.3
202207261815,213.0,1.3
202207261820,193.0,1.3
202207261825,221.0,1.3
202207261830,215.0,1.3
202207261835,206.0,0.9
202207261840,111.0,0.9
202207261845,215.0,1.3
202207261850,161.0,1.3
202207261855,139.0,2.2
202207261900,177.0,2.2
202207261910,186.0,1.3
202207261920,140.0,0.9
202207261925,310.0,2.2
202207261930,211.0,2.2
202207261940,261.0,2.2
202207261945,143.0,0.9
202207261950,332.0,0.9
202207261955,148.0,1.3
202207262000,213.0,1.3
202207262010,289.0,2.2
202207262015,283.0,2.2
202207262020,306.0,2.2
202207262025,196.0,1.3
202207262030,174.0,1.3
202207262035,219.0,2.2
202207262040,222.0,2.2
202207262045,195.0,1.3
202207262050,203.0,1.3
202207262055,8.0,1.3
202207262100,192.0,1.3
202207262110,335.0,1.3
202207262115,230.0,1.3
202207262120,2.0,1.3
202207262125,250.0,1.3
202207262130,299.0,1.3
202207262140,206.0,0.9
202207262145,217.0,0.9
202207262150,194.0,0.9
202207262155,200.0,2.2
202207262200,205.0,2.2
202207262210,216.0,2.2
202207262215,210.0,1.3
202207262220,244.0,1.3
202207262225,205.0,0.9
202207262230,179.0,0.9
202207262235,55.0,0.9
202207262240,222.0,0.9
202207262245,266.0,0.9
202207262250,225.0,0.9
202207262255,213.0,0.9
202207262300,221.0,0.9
202207262310,238.0,0.9
202207262315,302.0,0.9
202207262320,182.0,0.9
202207262325,10.0,0.4
202207262330,210.0,0.4
202207262335,225.0,0.9
202207262340,217.0,0.9
202207262345,248.0,0.9
202207262350,202.0,0.9
202207262355,212.0,0.4
202207270000,184.0,0.4
202207270010,204.0,0.4
202207270015,204.0,0.9
202207270025,,0.0
202207270030,,0.0
202207270035,,0.0
202207270040,,0.0
202207270045,,0.0
202207270050,,0.0
202207270055,,0.0
202207270100,,0.0
202207270110,,0.0
202207270115,,0.0
202207270120,,0.0
202207270125,,0.0
202207270130,,0.0
202207270135,,0.0
202207270140,,0.0
202207270145,,0.0
202207270150,,0.0
202207270155,252.0,0.4
202207270200,206.0,0.4
202207270210,,0.0
202207270215,181.0,0.4
202207270220,170.0,0.4
202207270225,,0.0
202207270230,,0.0
202207270235,,0.0
202207270240,,0.0
202207270245,,0.0
202207270250,,0.0
202207270255,,0.0
202207270300,,0.0
202207270310,,0.0
202207270320,203.0,0.4
202207270325,,0.0
202207270330,,0.0
202207270335,,0.0
202207270340,,0.0
202207270345,,0.0
202207270350,,0.0
202207270355,,0.0
202207270400,,0.0
202207270410,,0.0
202207270415,,0.0
202207270420,,0.0
202207270425,,0.0
202207270430,,0.0
202207270435,,0.0
202207270440,,0.0
202207270445,,0.0
202207270450,,0.0
202207270455,,0.0
202207270500,,0.0
202207270515,,0.0
202207270520,,0.0
202207270525,,0.0
202207270530,,0.0
202207270540,165.0,0.9
202207270545,,0.0
202207270550,,0.0
202207270555,210.0,0.4
202207270600,185.0,0.4
202207270610,188.0,0.9
202207270615,204.0,0.9
202207270620,172.0,0.9
202207270625,168.0,0.9
202207270630,193.0,0.9
202207270635,198.0,0.9
202207270640,208.0,0.9
202207270645,177.0,0.9
202207270650,222.0,0.9
202207270655,206.0,0.9
202207270700,226.0,0.9
202207270710,192.0,0.9
202207270715,165.0,0.9
202207270720,217.0,0.9
202207270725,198.0,0.9
202207270730,210.0,0.9
202207270735,198.0,0.4
202207270740,201.0,0.4
202207270745,219.0,0.9
202207270750,198.0,0.9
202207270755,176.0,0.9
202207270800,200.0,0.9
202207270810,197.0,0.9
202207270815,198.0,0.9
202207270820,202.0,0.9
202207270825,228.0,0.9
202207270830,224.0,0.9
202207270835,167.0,0.9
202207270840,210.0,0.9
202207270845,230.0,0.9
202207270850,200.0,0.9
202207270855,203.0,1.3
202207270900,211.0,1.3
202207270910,185.0,0.9
202207270915,196.0,0.9
202207270920,220.0,0.9
202207270925,213.0,0.9
202207270930,205.0,0.9
202207270935,197.0,0.9
202207270940,176.0,0.9
202207270945,207.0,0.9
202207270950,201.0,0.9
202207270955,194.0,0.9
202207271000,186.0,0.9
202207271010,216.0,0.9
202207271015,208.0,0.4
202207271025,208.0,0.9
202207271030,199.0,0.9
202207271035,200.0,0.9
202207271040,210.0,0.9
202207271045,186.0,0.4
202207271050,212.0,0.4
202207271055,224.0,0.9
202207271100,222.0,0.9
202207271110,205.0,0.4
202207271115,,0.0
202207271120,,0.0
202207271125,,0.0
202207271130,,0.0
202207271135,,0.0
202207271140,,0.0
202207271145,200.0,0.4
202207271150,200.0,0.4
202207271155,,0.0
202207271200,,0.0
202207271210,211.0,0.9
202207271215,217.0,0.9
202207271220,202.0,0.9
202207271230,212.0,0.4
202207271235,220.0,0.4
202207271240,208.0,0.4
202207271245,201.0,0.4
202207271250,212.0,0.4
202207271255,224.0,0.9
202207271300,217.0,0.9
202207271310,225.0,0.9
202207271315,,0.0
202207271320,,0.0
202207271325,290.0,0.9
202207271330,269.0,0.9
202207271335,,0.0
202207271340,,0.0
202207271345,206.0,0.9
202207271350,258.0,0.9
202207271355,272.0,0.4
202207271410,,0.0
202207271415,,0.0
202207271420,,0.0
202207271425,,0.0
202207271430,,0.0
202207271435,230.0,0.9
202207271440,201.0,0.9
202207271445,330.0,0.4
202207271450,232.0,0.4
202207271455,93.0,0.9
202207271500,313.0,0.9
202207271510,171.0,0.9
202207271515,232.0,2.2
202207271520,206.0,2.2
202207271525,190.0,0.9
202207271530,230.0,0.9
202207271535,184.0,1.3
202207271540,201.0,1.3
202207271545,269.0,1.3
202207271550,224.0,1.3
202207271555,215.0,0.9
202207271600,259.0,0.9
202207271610,193.0,2.2
202207271615,242.0,1.3
202207271620,295.0,1.3
202207271625,310.0,0.9
202207271630,310.0,0.9
202207271640,17.0,0.9
202207271645,224.0,2.2
202207271650,294.0,2.2
202207271655,207.0,0.9
202207271700,324.0,0.9
202207271710,319.0,0.9
202207271715,325.0,0.9
202207271720,321.0,0.9
202207271725,328.0,0.9
202207271730,256.0,0.9
202207271735,339.0,0.9
202207271740,212.0,0.9
202207271745,257.0,0.9
202207271750,342.0,0.9
202207271755,292.0,0.9
202207271810,290.0,0.9
202207271815,,0.0
202207271820,,0.0
202207271825,343.0,1.3
202207271830,189.0,1.3
202207271845,319.0,0.9
202207271850,336.0,0.9
202207271855,273.0,0.9
202207271900,3.0,0.9
202207271910,195.0,0.9
202207271915,310.0,0.9
202207271920,28.0,0.9
202207271925,5.0,0.4
202207271930,159.0,0.4
202207271935,,0.0
202207271940,,0.0
202207271945,,0.0
202207271950,,0.0
202207271955,332.0,0.4
202207272000,330.0,0.4
202207272010,194.0,0.9
202207272015,268.0,0.9
202207272020,342.0,0.9
202207272025,5.0,0.9
202207272030,188.0,0.9
202207272035,210.0,0.9
202207272040,233.0,0.9
202207272045,322.0,0.9
202207272050,336.0,0.9
202207272055,10.0,0.4
202207272100,215.0,0.4
202207272110,298.0,0.9
202207272115,205.0,0.9
202207272125,344.0,0.9
202207272130,314.0,0.9
202207272135,15.0,0.9
202207272140,337.0,0.9
202207272145,358.0,0.4
202207272150,336.0,0.4
202207272155,310.0,0.9
202207272200,266.0,0.9
202207272210,162.0,0.9
202207272215,329.0,0.4
202207272220,344.0,0.4
202207272225,3.0,0.9
202207272230,244.0,0.9
202207272235,318.0,0.9
202207272240,342.0,0.9
202207272245,210.0,0.9
202207272250,261.0,0.9
202207272255,331.0,0.4
202207272300,63.0,0.4
202207272310,,0.0
202207272315,,0.0
202207272320,,0.0
202207272325,,0.0
202207272330,,0.0
202207272335,,0.0
202207272340,,0.0
202207272345,,0.0
202207272355,,0.0
202207280000,,0.0
202207280010,,0.0
202207280015,,0.0
202207280020,,0.0
202207280025,,0.0
202207280030,,0.0
202207280035,,0.0
202207280040,,0.0
202207280045,,0.0
202207280050,,0.0
202207280055,,0.0
202207280100,,0.0
202207280115,,0.0
202207280120,,0.0
202207280130,,0.0
202207280135,,0.0
202207280140,,0.0
202207280145,154.0,0.9
202207280150,204.0,0.9
202207280155,197.0,1.3
202207280200,220.0,1.3
202207280210,190.0,0.9
202207280215,195.0,0.9
202207280220,230.0,0.9
202207280225,,0.0
202207280230,,0.0
202207280235,,0.0
202207280240,,0.0
202207280245,178.0,0.9
202207280250,162.0,0.9
202207280300,188.0,0.4
202207280310,209.0,0.9
202207280315,210.0,0.9
202207280320,201.0,0.9
202207280325,202.0,0.9
202207280330,188.0,0.9
202207280335,203.0,0.9
202207280340,220.0,0.9
202207280345,217.0,0.9
202207280350,210.0,0.9
202207280355,221.0,0.9
202207280400,163.0,0.9
202207280410,212.0,1.3
202207280415,216.0,0.9
202207280420,177.0,0.9
202207280425,190.0,0.9
202207280430,281.0,0.9
202207280435,193.0,1.3
202207280440,168.0,1.3
202207280445,221.0,1.3
202207280455,217.0,0.9
202207280500,206.0,0.9
202207280510,219.0,0.9
202207280515,184.0,0.9
202207280520,211.0,0.9
202207280525,171.0,0.9
202207280530,221.0,0.9
202207280535,193.0,0.9
202207280540,198.0,0.9
202207280545,190.0,0.9
202207280555,206.0,0.9
202207280600,182.0,0.9
202207280610,185.0,1.3
202207280615,222.0,1.3
202207280620,166.0,1.3
202207280625,224.0,1.3
202207280630,186.0,1.3
202207280635,203.0,1.3
202207280640,187.0,1.3
202207280645,156.0,0.9
202207280650,208.0,0.9
202207280655,220.0,0.9
202207280700,204.0,0.9
202207280710,221.0,1.3
202207280715,226.0,0.9
202207280725,195.0,0.9
202207280730,186.0,0.9
202207280735,234.0,0.9
202207280740,201.0,0.9
202207280745,,0.0
202207280750,,0.0
202207280755,235.0,0.9
202207280800,172.0,0.9
202207280810,,0.0
202207280815,,0.0
202207280820,,0.0
202207280825,,0.0
202207280830,,0.0
202207280835,,0.0
202207280840,,0.0
202207280845,230.0,0.9
202207280850,199.0,0.9
202207280855,216.0,0.4
202207280900,219.0,0.4
202207280910,,0.0
202207280915,,0.0
202207280920,,0.0
202207280925,245.0,0.9
202207280930,189.0,0.9
202207280935,,0.0
202207280940,,0.0
202207280945,201.0,0.4
202207280950,237.0,0.4
202207280955,,0.0
202207281000,,0.0
202207281010,65.0,0.9
202207281015,,0.0
202207281020,,0.0
202207281025,,0.0
202207281030,,0.0
202207281035,183.0,0.4
202207281040,212.0,0.4
202207281045,,0.0
202207281050,,0.0
202207281055,207.0,0.4
202207281100,191.0,0.4
202207281110,203.0,0.9
202207281115,,0.0
202207281120,,0.0
202207281130,,0.0
202207281135,234.0,0.4
202207281140,214.0,0.4
202207281145,224.0,0.4
202207281150,213.0,0.4
202207281155,256.0,0.9
202207281200,215.0,0.9
202207281210,179.0,0.9
202207281215,187.0,0.9
202207281220,227.0,0.9
202207281225,212.0,0.9
202207281230,242.0,0.9
202207281235,214.0,0.9
202207281240,211.0,0.9
202207281245,222.0,0.9
202207281250,208.0,0.9
202207281255,231.0,0.4
202207281300,231.0,0.4
202207281310,281.0,1.3
202207281315,203.0,0.9
202207281320,268.0,0.9
202207281325,,0.0
202207281330,,0.0
202207281335,120.0,0.9
202207281340,184.0,0.9
202207281345,226.0,1.3
202207281350,297.0,1.3
202207281355,193.0,0.9
202207281400,223.0,0.9
202207281410,182.0,0.9
202207281415,263.0,1.3
202207281420,216.0,1.3
202207281425,233.0,0.4
202207281430,203.0,0.4
202207281435,,0.0
202207281445,243.0,0.9
202207281450,225.0,0.9
202207281455,192.0,0.9
202207281500,218.0,0.9
202207281510,209.0,0.9
202207281515,242.0,0.4
202207281520,202.0,0.4
202207281525,190.0,0.9
202207281530,69.0,0.9
202207281535,342.0,0.9
202207281540,281.0,0.9
202207281545,195.0,0.9
202207281550,231.0,0.9
202207281555,231.0,0.9
202207281600,208.0,0.9
202207281615,307.0,0.9
202207281620,90.0,0.9
202207281625,199.0,1.3
202207281630,196.0,1.3
202207281635,175.0,0.9
202207281640,243.0,0.9
202207281645,304.0,1.3
202207281650,218.0,1.3
202207281655,188.0,0.9
202207281700,206.0,0.9
202207281710,205.0,2.2
202207281720,128.0,1.3
202207281725,12.0,0.9
202207281730,1.0,0.9
202207281735,222.0,0.9
202207281740,200.0,0.9
202207281745,355.0,0.9
202207281750,136.0,0.9
202207281755,207.0,0.9
202207281800,221.0,0.9
202207281810,206.0,1.3
202207281815,214.0,0.9
202207281820,134.0,0.9
202207281825,296.0,0.9
202207281830,202.0,0.9
202207281835,325.0,0.9
202207281840,311.0,0.9
202207281845,133.0,0.4
202207281850,338.0,0.4
202207281855,332.0,0.9
202207281900,348.0,0.9
202207281910,225.0,0.4
202207281915,247.0,0.9
202207281920,106.0,0.9
202207281925,225.0,0.9
202207281935,157.0,0.9
202207281940,290.0,0.9
202207281945,106.0,0.9
202207281950,220.0,0.9
202207281955,169.0,0.9
202207282000,179.0,0.9
202207282010,242.0,0.9
202207282015,189.0,0.9
202207282020,189.0,0.9
202207282025,189.0,0.9
202207282030,265.0,0.9
202207282045,222.0,0.9
202207282050,167.0,0.9
202207282055,165.0,0.9
202207282100,307.0,0.9
202207282110,258.0,0.9
202207282115,204.0,0.9
202207282120,191.0,0.9
202207282125,207.0,2.2
202207282130,208.0,2.2
202207282135,226.0,0.9
202207282140,253.0,0.9
202207282145,224.0,1.3
202207282150,199.0,1.3
202207282155,199.0,2.2
202207282200,226.0,2.2
202207282210,220.0,2.2
202207282215,196.0,1.3
202207282220,233.0,1.3
202207282225,200.0,2.2
202207282230,214.0,2.2
202207282235,190.0,2.2
202207282240,204.0,2.2
202207282245,247.0,1.3
202207282250,220.0,1.3
202207282255,261.0,1.3
202207282300,218.0,1.3
202207282310,206.0,0.9
202207282315,197.0,1.3
202207282320,209.0,1.3
202207282325,238.0,1.3
202207282330,182.0,1.3
202207282335,208.0,0.9
202207282340,197.0,0.9
202207282345,228.0,1.3
202207282350,187.0,1.3
202207282355,213.0,1.3
202207290000,227.0,1.3
202207290010,226.0,1.3
202207290015,208.0,2.2
202207290020,222.0,2.2
202207290025,238.0,0.9
202207290030,249.0,0.9
202207290035,207.0,0.4
202207290040,192.0,0.4
202207290045,198.0,0.9
202207290050,212.0,0.9
202207290055,201.0,0.9
202207290100,194.0,0.9
202207290110,208.0,0.9
202207290115,198.0,0.9
202207290120,223.0,0.9
202207290125,198.0,0.9
202207290130,244.0,0.9
202207290135,205.0,0.9
202207290145,229.0,0.9
202207290150,187.0,0.9
202207290155,,0.0
202207290200,,0.0
202207290210,,0.0
202207290215,,0.0
202207290220,,0.0
202207290230,,0.0
202207290235,,0.0
202207290240,,0.0
202207290245,,0.0
202207290250,,0.0
202207290255,,0.0
202207290300,,0.0
202207290320,,0.0
202207290325,,0.0
202207290330,,0.0
202207290335,,0.0
202207290340,,0.0
202207290345,202.0,0.9
202207290350,228.0,0.9
202207290355,176.0,0.9
202207290400,188.0,0.9
202207290410,225.0,0.4
202207290415,,0.0
202207290420,,0.0
202207290425,,0.0
202207290430,,0.0
202207290435,,0.0
202207290440,,0.0
202207290445,212.0,0.9
202207290450,229.0,0.9
202207290455,169.0,0.9
202207290500,209.0,0.9
202207290510,224.0,0.9
202207290515,178.0,0.9
202207290520,189.0,0.9
202207290525,191.0,0.9
202207290530,172.0,0.9
202207290535,187.0,0.9
202207290540,203.0,0.9
202207290545,212.0,0.9
202207290550,213.0,0.9
202207290555,116.0,0.9
202207290600,230.0,0.9
202207290610,230.0,0.9
202207290615,198.0,0.9
202207290620,205.0,0.9
202207290625,232.0,0.9
202207290630,225.0,0.9
202207290635,224.0,0.9
202207290640,199.0,0.9
202207290645,199.0,0.9
202207290650,227.0,0.9
202207290655,211.0,1.3
202207290700,222.0,1.3
202207290710,203.0,0.9
202207290715,201.0,0.4
202207290720,230.0,0.4
202207290725,232.0,0.9
202207290730,214.0,0.9
202207290735,222.0,0.9
202207290740,224.0,0.9
202207290745,199.0,0.9
202207290750,206.0,0.9
202207290755,181.0,0.4
202207290800,179.0,0.4
202207290810,223.0,0.4
202207290815,215.0,0.9
202207290820,188.0,0.9
202207290825,198.0,0.9
202207290830,180.0,0.9
202207290835,197.0,0.9
202207290840,225.0,0.9
202207290845,198.0,0.9
202207290850,219.0,0.9
202207290855,204.0,0.9
202207290900,216.0,0.9
202207290910,206.0,0.9
202207290915,202.0,0.9
202207290920,208.0,0.9
202207290925,196.0,0.9
202207290930,227.0,0.9
202207290935,207.0,0.9
202207290940,178.0,0.9
202207290945,238.0,0.9
202207290950,205.0,0.9
202207290955,215.0,0.4
202207291000,212.0,0.4
202207291010,235.0,0.9
202207291015,181.0,0.4
202207291020,201.0,0.4
202207291025,262.0,0.9
202207291030,227.0,0.9
202207291035,203.0,0.9
202207291040,193.0,0.9
202207291045,,0.0
202207291050,,0.0
202207291055,214.0,1.3
202207291100,211.0,1.3
202207291110,206.0,1.3
202207291120,189.0,0.9
202207291125,219.0,0.9
202207291130,215.0,0.9
202207291135,235.0,0.9
202207291140,209.0,0.9
202207291145,190.0,1.3
202207291150,208.0,1.3
202207291155,212.0,1.3
202207291200,236.0,1.3
202207291210,222.0,1.3
202207291215,204.0,2.2
202207291220,209.0,2.2
202207291225,201.0,0.9
202207291230,178.0,0.9
202207291235,229.0,0.9
202207291240,186.0,0.9
202207291245,136.0,0.9
202207291250,356.0,0.9
202207291255,190.0,0.9
202207291300,208.0,0.9
202207291310,228.0,0.9
202207291315,224.0,0.9
202207291320,181.0,0.9
202207291325,193.0,0.4
202207291330,262.0,0.4
202207291340,203.0,0.9
202207291345,232.0,0.9
202207291350,169.0,0.9
202207291400,189.0,1.3
202207291410,181.0,1.3
202207291415,154.0,2.2
202207291420,199.0,2.2
202207291425,219.0,1.3
202207291430,267.0,1.3
202207291440,170.0,0.9
202207291445,325.0,1.3
202207291450,183.0,1.3
202207291455,197.0,0.9
202207291500,269.0,0.9
202207291510,178.0,0.9
202207291515,299.0,2.2
202207291520,5.0,2.2
202207291525,280.0,0.9
202207291530,245.0,0.9
202207291535,325.0,0.9
202207291540,284.0,0.9
202207291545,194.0,0.9
202207291550,197.0,0.9
202207291555,206.0,0.9
202207291600,209.0,0.9
202207291615,191.0,0.9
202207291620,217.0,0.9
202207291625,8.0,0.9
202207291630,289.0,0.9
202207291640,203.0,0.9
202207291645,160.0,1.3
202207291650,206.0,1.3
202207291655,234.0,2.2
202207291700,267.0,2.2
202207291710,235.0,0.9
202207291715,184.0,0.9
202207291720,310.0,0.9
202207291725,208.0,0.9
202207291730,237.0,0.9
202207291735,256.0,0.9
202207291740,230.0,0.9
202207291745,188.0,0.9
202207291750,213.0,0.9
202207291755,196.0,1.3
202207291800,215.0,1.3
202207291810,218.0,2.2
202207291815,218.0,0.9
202207291820,194.0,0.9
202207291825,165.0,2.2
202207291830,219.0,2.2
202207291835,313.0,1.3
202207291840,163.0,1.3
202207291845,215.0,0.9
202207291855,264.0,2.2
202207291900,270.0,2.2
202207291910,200.0,0.9
202207291915,151.0,1.3
202207291920,294.0,1.3
202207291925,140.0,0.9
202207291930,222.0,0.9
202207291935,202.0,1.3
202207291940,134.0,1.3
202207291945,181.0,0.9
202207291955,174.0,2.2
202207292000,210.0,2.2
202207292010,228.0,2.2
202207292015,195.0,1.3
202207292020,217.0,1.3
202207292025,221.0,2.2
202207292030,205.0,2.2
202207292035,224.0,1.3
202207292040,197.0,1.3
202207292045,209.0,1.3
202207292050,165.0,1.3
202207292055,203.0,2.2
202207292100,211.0,2.2
202207292110,218.0,1.3
202207292115,202.0,2.2
202207292120,234.0,2.2
202207292125,160.0,2.2
202207292130,210.0,2.2
202207292135,201.0,2.2
202207292140,131.0,2.2
202207292150,190.0,1.3
202207292155,172.0,1.3
202207292200,165.0,1.3
202207292210,199.0,1.3
202207292215,225.0,2.2
202207292220,204.0,2.2
202207292225,335.0,2.2
202207292230,212.0,2.2
202207292235,179.0,1.3
202207292240,197.0,1.3
202207292245,230.0,2.2
202207292250,224.0,2.2
202207292255,287.0,0.9
202207292300,200.0,0.9
202207292315,316.0,1.3
202207292320,184.0,1.3
202207292325,6.0,0.9
202207292330,337.0,0.9
202207292340,310.0,0.4
202207292345,,0.0
202207292350,,0.0
202207292355,325.0,0.4
202207300000,326.0,0.4
202207300010,322.0,0.9
202207300015,289.0,0.9
202207300020,306.0,0.9
202207300025,,0.0
202207300030,,0.0
202207300035,332.0,0.9
202207300040,66.0,0.9
202207300050,207.0,0.4
202207300055,,0.0
202207300100,,0.0
202207300110,,0.0
202207300115,,0.0
202207300120,,0.0
202207300125,,0.0
202207300130,,0.0
202207300135,,0.0
202207300140,,0.0
202207300145,,0.0
202207300150,,0.0
202207300155,,0.0
202207300200,,0.0
202207300210,,0.0
202207300215,,0.0
202207300220,,0.0
202207300225,,0.0
202207300230,,0.0
202207300235,,0.0
202207300240,,0.0
202207300250,,0.0
202207300255,,0.0
202207300300,,0.0
202207300310,,0.0
202207300315,,0.0
202207300320,,0.0
202207300325,,0.0
202207300330,,0.0
202207300335,,0.0
202207300340,,0.0
202207300345,,0.0
202207300350,,0.0
202207300355,,0.0
202207300400,,0.0
202207300410,,0.0
202207300415,,0.0
202207300420,,0.0
202207300425,,0.0
202207300430,,0.0
202207300435,,0.0
202207300440,,0.0
202207300445,,0.0
202207300450,,0.0
202207300455,,0.0
202207300500,,0.0
202207300510,,0.0
202207300515,,0.0
202207300520,,0.0
202207300525,,0.0
202207300530,,0.0
202207300535,,0.0
202207300540,,0.0
202207300545,189.0,0.9
202207300550,176.0,0.9
202207300555,206.0,0.4
202207300615,235.0,0.9
202207300620,212.0,0.9
202207300625,214.0,0.4
202207300630,207.0,0.4
202207300635,,0.0
202207300645,204.0,0.9
202207300650,210.0,0.9
202207300655,203.0,0.9
202207300700,199.0,0.9
202207300710,185.0,0.9
202207300715,,0.0
202207300720,,0.0
202207300725,295.0,0.4
202207300730,290.0,0.4
202207300735,,0.0
202207300740,,0.0
202207300755,33.0,0.4
202207300800,319.0,0.4
202207300810,,0.0
202207300815,,0.0
202207300820,,0.0
202207300825,,0.0
202207300830,,0.0
202207300835,,0.0
202207300840,,0.0
202207300845,,0.0
202207300850,,0.0
202207300900,,0.0
202207300910,,0.0
202207300920,,0.0
202207300925,,0.0
202207300930,,0.0
202207300935,258.0,0.4
202207300940,247.0,0.4
202207300945,,0.0
202207300950,,0.0
202207300955,,0.0
202207301000,,0.0
202207301010,,0.0
202207301015,,0.0
202207301020,,0.0
202207301025,,0.0
202207301030,,0.0
202207301035,,0.0
202207301040,,0.0
202207301045,,0.0
202207301050,,0.0
202207301055,,0.0
202207301100,,0.0
202207301110,,0.0
202207301115,,0.0
202207301120,,0.0
202207301125,,0.0
202207301130,,0.0
202207301135,,0.0
202207301140,,0.0
202207301145,,0.0
202207301150,,0.0
202207301155,,0.0
202207301200,,0.0
202207301210,241.0,0.4
202207301215,,0.0
202207301220,,0.0
202207301225,236.0,0.4
202207301230,308.0,0.4
202207301235,,0.0
202207301240,,0.0
202207301245,,0.0
202207301250,,0.0
202207301255,,0.0
202207301300,,0.0
202207301310,,0.0
202207301315,,0.0
202207301320,,0.0
202207301325,,0.0
202207301330,,0.0
202207301335,,0.0
202207301340,,0.0
202207301345,,0.0
202207301350,,0.0
202207301355,323.0,0.9
202207301400,219.0,0.9
202207301410,107.0,0.9
202207301415,,0.0
202207301420,,0.0
202207301425,,0.0
202207301430,,0.0
202207301440,,0.0
202207301445,,0.0
202207301450,,0.0
202207301455,269.0,0.9
202207301500,193.0,0.9
202207301510,322.0,1.3
202207301515,,0.0
202207301520,,0.0
202207301525,,0.0
202207301530,,0.0
202207301540,,0.0
202207301545,351.0,0.9
202207301550,71.0,0.9
202207301555,294.0,0.9
202207301600,236.0,0.9
202207301610,174.0,0.4
202207301615,160.0,0.9
202207301620,178.0,0.9
202207301625,181.0,1.3
202207301630,319.0,1.3
202207301635,261.0,0.9
202207301640,321.0,0.9
202207301645,187.0,0.9
202207301650,54.0,0.9
202207301655,,0.0
202207301700,,0.0
202207301710,185.0,0.4
202207301715,335.0,1.3
202207301720,77.0,1.3
202207301725,253.0,0.9
202207301730,154.0,0.9
202207301735,323.0,0.9
202207301740,330.0,0.9
202207301745,267.0,0.9
202207301750,214.0,0.9
202207301755,196.0,0.9
202207301800,239.0,0.9
202207301810,161.0,2.2
202207301815,236.0,2.2
202207301820,216.0,2.2
202207301825,205.0,2.2
202207301830,214.0,2.2
202207301835,108.0,2.2
202207301840,215.0,2.2
202207301845,207.0,0.9
202207301850,193.0,0.9
202207301855,198.0,0.9
202207301900,212.0,0.9
202207301910,227.0,0.9
202207301915,141.0,0.4
202207301920,168.0,0.4
202207301925,,0.0
202207301930,,0.0
202207301935,,0.0
202207301940,,0.0
202207301945,175.0,0.9
202207301950,103.0,0.9
202207301955,244.0,0.9
202207302000,201.0,0.9
202207302010,147.0,1.3
202207302015,189.0,2.2
202207302020,205.0,2.2
202207302025,221.0,2.2
202207302030,191.0,2.2
202207302035,161.0,1.3
202207302040,291.0,1.3
202207302045,209.0,0.9
202207302050,211.0,0.9
202207302055,218.0,0.9
202207302100,229.0,0.9
202207302110,168.0,2.2
202207302115,216.0,0.9
202207302120,221.0,0.9
202207302125,216.0,0.9
202207302130,297.0,0.9
202207302135,250.0,0.9
202207302140,218.0,0.9
202207302145,186.0,0.9
202207302150,225.0,0.9
202207302155,298.0,0.4
202207302200,151.0,0.4
202207302210,209.0,0.4
202207302215,,0.0
202207302220,,0.0
202207302225,,0.0
202207302230,,0.0
202207302235,,0.0
202207302240,,0.0
202207302250,,0.0
202207302255,,0.0
202207302300,,0.0
202207302310,,0.0
202207302315,228.0,0.4
202207302325,,0.0
202207302330,,0.0
202207302335,,0.0
202207302340,,0.0
202207302345,,0.0
202207302350,,0.0
202207302355,,0.0
202207310000,,0.0
202207310010,,0.0
202207310015,,0.0
202207310020,,0.0
202207310025,,0.0
202207310030,,0.0
202207310035,,0.0
202207310040,,0.0
202207310045,,0.0
202207310050,,0.0
202207310055,,0.0
202207310100,,0.0
202207310110,,0.0
202207310115,,0.0
202207310125,,0.0
202207310135,,0.0
202207310140,,0.0
202207310145,,0.0
202207310150,,0.0
202207310155,,0.0
202207310200,,0.0
202207310210,,0.0
202207310215,,0.0
202207310220,,0.0
202207310225,,0.0
202207310230,,0.0
202207310235,,0.0
202207310240,,0.0
202207310245,,0.0
202207310250,,0.0
202207310300,,0.0
202207310310,,0.0
202207310315,,0.0
202207310320,,0.0
202207310325,,0.0
202207310330,,0.0
202207310335,,0.0
202207310340,,0.0
202207310345,,0.0
202207310350,,0.0
202207310355,,0.0
202207310400,,0.0
202207310410,,0.0
202207310415,,0.0
202207310420,,0.0
202207310425,,0.0
202207310435,,0.0
202207310440,,0.0
202207310445,,0.0
202207310450,,0.0
202207310455,,0.0
202207310500,,0.0
202207310510,,0.0
202207310515,,0.0
202207310520,,0.0
202207310525,,0.0
202207310530,,0.0
202207310535,,0.0
202207310540,,0.0
202207310545,,0.0
202207310550,,0.0
202207310555,,0.0
202207310600,,0.0
202207310610,,0.0
202207310615,,0.0
202207310625,,0.0
202207310630,,0.0
202207310635,,0.0
202207310640,,0.0
202207310645,,0.0
202207310650,,0.0
202207310655,,0.0
202207310700,,0.0
202207310710,,0.0
202207310715,,0.0
202207310720,,0.0
202207310725,,0.0
202207310730,,0.0
202207310735,,0.0
202207310740,,0.0
202207310745,196.0,0.4
202207310750,196.0,0.4
202207310755,,0.0
202207310800,,0.0
202207310810,,0.0
202207310815,,0.0
202207310820,,0.0
202207310825,,0.0
202207310830,,0.0
202207310835,,0.0
202207310840,,0.0
202207310845,,0.0
202207310850,,0.0
202207310855,,0.0
202207310900,,0.0
202207310910,,0.0
202207310915,,0.0
202207310920,,0.0
202207310925,,0.0
202207310935,,0.0
202207310940,,0.0
202207310945,,0.0
202207310950,,0.0
202207310955,,0.0
202207311000,,0.0
202207311010,,0.0
202207311015,,0.0
202207311025,,0.0
202207311030,,0.0
202207311035,,0.0
202207311040,,0.0
202207311045,,0.0
202207311055,,0.0
202207311100,,0.0
202207311110,,0.0
202207311115,,0.0
202207311120,,0.0
202207311125,,0.0
202207311130,,0.0
202207311135,,0.0
202207311140,,0.0
202207311145,,0.0
202207311150,,0.0
202207311155,,0.0
202207311200,,0.0
202207311210,,0.0
202207311215,,0.0
202207311220,,0.0
202207311225,195.0,0.9
202207311230,202.0,0.9
202207311235,,0.0
202207311240,,0.0
202207311245,,0.0
202207311250,,0.0
202207311255,,0.0
202207311300,,0.0
202207311310,,0.0
202207311315,,0.0
202207311320,,0.0
202207311325,,0.0
202207311330,,0.0
202207311335,177.0,1.3
202207311340,238.0,1.3
202207311345,216.0,0.9
202207311350,255.0,0.9
202207311355,208.0,0.9
202207311400,211.0,0.9
202207311410,190.0,0.9
202207311415,204.0,0.9
202207311420,352.0,0.9
202207311425,278.0,0.9
202207311430,196.0,0.9
202207311440,241.0,1.3
202207311445,221.0,0.9
202207311450,194.0,0.9
202207311455,221.0,0.9
202207311500,190.0,0.9
202207311510,125.0,2.2
202207311515,343.0,1.3
202207311525,188.0,1.3
202207311530,332.0,1.3
202207311535,332.0,2.2
202207311540,349.0,2.2
202207311545,331.0,0.9
202207311550,347.0,0.9
202207311555,190.0,1.3
202207311600,345.0,1.3
202207311610,216.0,1.3
202207311615,242.0,2.2
202207311620,328.0,2.2
202207311630,314.0,1.3
202207311635,291.0,1.3
202207311640,324.0,1.3
202207311645,98.0,0.9
202207311655,346.0,2.2
202207311700,333.0,2.2
202207311710,237.0,0.9
202207311715,352.0,0.9
202207311720,185.0,0.9
202207311725,201.0,0.9
202207311740,334.0,2.2
202207311745,308.0,0.9
202207311750,346.0,0.9
202207311800,191.0,2.2
202207311815,286.0,0.9
202207311820,65.0,0.9
202207311825,280.0,0.9
202207311830,334.0,0.9
202207311835,212.0,2.2
202207311840,339.0,2.2
202207311845,232.0,1.3
202207311850,212.0,1.3
202207311855,323.0,2.2
202207311900,199.0,2.2
202207311910,178.0,2.2
202207311915,197.0,3.1
202207311920,305.0,3.1
202207311925,227.0,2.7
202207311930,215.0,2.7
202207311935,194.0,1.3
202207311940,211.0,1.3
202207311945,271.0,2.2
202207311950,345.0,2.2
202207312010,188.0,1.3
202207312015,294.0,2.2
202207312020,327.0,2.2
202207312025,200.0,2.2
202207312030,205.0,2.2
202207312040,200.0,1.3
202207312045,323.0,2.2
202207312055,311.0,2.2
202207312100,223.0,2.2
202207312110,209.0,2.2
202207312115,5.0,2.7
202207312120,352.0,2.7
202207312125,195.0,0.9
202207312130,201.0,0.9
202207312135,337.0,2.2
202207312140,0.0,2.2
202207312145,192.0,0.9
202207312150,319.0,0.9
202207312155,221.0,1.3
202207312210,73.0,1.3
202207312215,8.0,0.9
202207312220,339.0,0.9
202207312225,334.0,0.9
202207312240,216.0,0.9
202207312245,313.0,0.9
202207312250,316.0,0.9
202207312255,4.0,0.9
202207312300,200.0,0.9
202207312310,145.0,0.9
202207312315,229.0,0.4
202207312320,346.0,0.4
202207312325,117.0,0.9
202207312330,332.0,0.9
202207312335,198.0,0.9
202207312340,214.0,0.9
202207312345,290.0,0.9
202207312350,226.0,0.9
202207312355,239.0,0.9
202208010000,316.0,0.9
202208010010,235.0,0.4
202208010015,141.0,0.4
202208010020,260.0,0.4
202208010025,,0.0
202208010030,,0.0
202208010035,,0.0
202208010040,,0.0
202208010045,,0.0
202208010055,,0.0
202208010100,,0.0
202208010110,,0.0
202208010115,,0.0
202208010120,,0.0
202208010125,,0.0
202208010130,,0.0
202208010135,,0.0
202208010140,,0.0
202208010145,,0.0
202208010150,,0.0
202208010155,,0.0
202208010200,,0.0
202208010210,,0.0
202208010215,,0.0
202208010220,,0.0
202208010225,,0.0
202208010230,,0.0
202208010235,,0.0
202208010240,,0.0
202208010245,,0.0
202208010250,,0.0
202208010255,,0.0
202208010300,,0.0
202208010310,,0.0
202208010315,,0.0
202208010320,,0.0
202208010325,,0.0
202208010330,,0.0
202208010335,,0.0
202208010340,,0.0
202208010345,,0.0
202208010350,,0.0
202208010355,,0.0
202208010410,,0.0
202208010415,,0.0
202208010420,,0.0
202208010425,,0.0
202208010430,,0.0
202208010435,,0.0
202208010440,,0.0
202208010445,,0.0
202208010450,,0.0
202208010455,,0.0
202208010500,,0.0
202208010510,,0.0
202208010515,,0.0
202208010520,,0.0
202208010525,,0.0
202208010530,,0.0
202208010535,,0.0
202208010540,,0.0
202208010545,,0.0
202208010550,,0.0
202208010600,,0.0
202208010610,,0.0
202208010615,,0.0
202208010620,,0.0
202208010625,,0.0
202208010630,,0.0
202208010635,230.0,0.4
202208010640,141.0,0.4
202208010650,171.0,0.4
202208010655,198.0,0.4
202208010700,232.0,0.4
202208010710,,0.0
202208010715,,0.0
202208010720,,0.0
202208010725,,0.0
202208010730,,0.0
202208010735,,0.0
202208010740,,0.0
202208010745,,0.0
202208010750,,0.0
202208010755,,0.0
202208010800,,0.0
202208010810,,0.0
202208010815,,0.0
202208010820,,0.0
202208010825,,0.0
202208010830,,0.0
202208010835,,0.0
202208010840,,0.0
202208010845,,0.0
202208010850,,0.0
202208010855,,0.0
202208010900,,0.0
202208010910,,0.0
202208010915,,0.0
202208010920,,0.0
202208010925,,0.0
202208010930,,0.0
202208010940,,0.0
202208010945,,0.0
202208010950,,0.0
202208011000,,0.0
202208011015,,0.0
202208011020,,0.0
202208011025,,0.0
202208011030,,0.0
202208011035,,0.0
202208011040,,0.0
202208011045,,0.0
202208011050,,0.0
202208011055,,0.0
202208011100,,0.0
202208011110,,0.0
202208011115,,0.0
202208011120,,0.0
202208011125,,0.0
202208011130,,0.0
202208011135,,0.0
202208011140,,0.0
202208011145,,0.0
202208011150,,0.0
202208011155,,0.0
202208011200,,0.0
202208011210,,0.0
202208011215,,0.0
202208011220,,0.0
202208011225,,0.0
202208011230,,0.0
202208011235,,0.0
202208011240,,0.0
202208011245,,0.0
202208011250,,0.0
202208011300,151.0,0.4
202208011310,,0.0
202208011315,,0.0
202208011320,,0.0
202208011325,214.0,0.9
202208011330,316.0,0.9
202208011335,20.0,0.9
202208011340,323.0,0.9
202208011345,308.0,0.4
202208011350,210.0,0.4
202208011355,,0.0
202208011400,,0.0
202208011410,,0.0
202208011415,186.0,0.9
202208011420,5.0,0.9
202208011425,281.0,0.9
202208011430,334.0,0.9
202208011435,290.0,0.4
202208011440,346.0,0.4
202208011445,228.0,0.9
202208011450,215.0,0.9
202208011455,354.0,0.9
202208011500,0.0,0.9
202208011510,335.0,0.9
202208011515,103.0,0.9
202208011525,193.0,0.9
202208011530,198.0,0.9
202208011535,191.0,2.2
202208011540,335.0,2.2
202208011545,212.0,0.9
202208011550,192.0,0.9
202208011555,214.0,1.3
202208011600,225.0,1.3
202208011610,191.0,1.3
202208011615,156.0,2.2
202208011625,168.0,2.2
202208011630,208.0,2.2
202208011635,152.0,2.2
202208011640,303.0,2.2
202208011645,346.0,2.2
202208011650,210.0,2.2
202208011655,341.0,0.9
202208011700,300.0,0.9
202208011710,1.0,1.3
202208011715,214.0,1.3
202208011720,210.0,1.3
202208011725,246.0,2.7
202208011730,308.0,2.7
202208011735,305.0,2.2
202208011740,341.0,2.2
202208011745,202.0,0.9
202208011750,0.0,0.9
202208011755,337.0,0.9
202208011800,302.0,0.9
202208011810,273.0,0.9
202208011815,328.0,1.3
202208011820,209.0,1.3
202208011825,196.0,1.3
202208011830,353.0,1.3
202208011835,300.0,1.3
202208011845,201.0,0.9
202208011850,335.0,0.9
202208011855,356.0,1.3
202208011900,333.0,1.3
202208011910,349.0,3.1
202208011915,354.0,2.7
202208011920,344.0,2.7
202208011925,336.0,2.2
202208011930,332.0,2.2
202208011935,335.0,0.9
202208011940,356.0,0.9
202208011945,338.0,0.9
202208011950,337.0,0.9
202208011955,329.0,0.9
202208012000,359.0,0.9
202208012010,348.0,1.3
202208012015,330.0,1.3
202208012020,350.0,1.3
202208012025,315.0,0.9
202208012030,8.0,0.9
202208012035,340.0,0.9
202208012045,342.0,0.9
202208012050,350.0,0.9
202208012055,352.0,0.9
202208012100,336.0,0.9
202208012115,323.0,0.9
202208012120,334.0,0.9
202208012125,358.0,0.9
202208012130,351.0,0.9
202208012135,346.0,0.9
202208012140,354.0,0.9
202208012145,339.0,0.9
202208012150,10.0,0.9
202208012155,340.0,0.9
202208012200,325.0,0.9
202208012210,332.0,0.9
202208012215,332.0,0.9
202208012220,324.0,0.9
202208012225,,0.0
202208012230,,0.0
202208012235,294.0,0.9
202208012240,334.0,0.9
202208012245,354.0,0.4
202208012250,315.0,0.4
202208012255,,0.0
202208012310,,0.0
202208012315,,0.0
202208012325,,0.0
202208012335,,0.0
202208012340,,0.0
202208012345,,0.0
202208012350,,0.0
202208012355,,0.0
202208020000,,0.0
202208020010,,0.0
202208020015,,0.0
202208020020,,0.0
202208020025,,0.0
202208020030,,0.0
202208020035,,0.0
202208020040,,0.0
202208020045,,0.0
202208020050,,0.0
202208020055,,0.0
202208020100,,0.0
202208020110,,0.0
202208020115,,0.0
202208020120,,0.0
202208020125,,0.0
202208020130,,0.0
202208020135,,0.0
202208020140,,0.0
202208020145,,0.0
202208020150,,0.0
202208020155,,0.0
202208020200,,0.0
202208020210,,0.0
202208020215,,0.0
202208020220,,0.0
202208020225,,0.0
202208020230,,0.0
202208020235,,0.0
202208020240,,0.0
202208020245,,0.0
202208020250,,0.0
202208020255,,0.0
202208020300,,0.0
202208020310,,0.0
202208020315,,0.0
202208020320,,0.0
202208020325,,0.0
202208020330,,0.0
202208020335,,0.0
202208020340,,0.0
202208020345,,0.0
202208020350,,0.0
202208020355,,0.0
202208020400,,0.0
202208020410,,0.0
202208020415,,0.0
202208020420,,0.0
202208020425,,0.0
202208020430,,0.0
202208020435,180.0,0.4
202208020440,245.0,0.4
202208020445,,0.0
202208020450,,0.0
202208020455,,0.0
202208020500,,0.0
202208020510,,0.0
202208020515,,0.0
202208020520,,0.0
202208020525,,0.0
202208020535,,0.0
202208020540,,0.0
202208020545,,0.0
202208020550,,0.0
202208020555,,0.0
202208020600,,0.0
202208020610,,0.0
202208020615,,0.0
202208020620,,0.0
202208020625,198.0,0.4
202208020630,193.0,0.4
202208020635,,0.0
202208020640,,0.0
202208020645,219.0,0.4
202208020655,177.0,0.4
202208020700,318.0,0.4
202208020710,,0.0
202208020715,,0.0
202208020720,,0.0
202208020725,227.0,0.4
202208020730,219.0,0.4
202208020735,,0.0
202208020740,,0.0
202208020745,194.0,0.9
202208020750,191.0,0.9
202208020755,202.0,0.4
202208020800,192.0,0.4
202208020810,183.0,0.4
202208020815,221.0,0.9
202208020820,214.0,0.9
202208020825,226.0,0.4
202208020830,230.0,0.4
202208020835,,0.0
202208020840,,0.0
202208020845,,0.0
202208020850,,0.0
202208020900,,0.0
202208020910,,0.0
202208020920,,0.0
202208020925,,0.0
202208020935,,0.0
202208020940,,0.0
202208020950,,0.0
202208020955,,0.0
202208021010,,0.0
202208021015,,0.0
202208021020,,0.0
202208021025,,0.0
202208021035,,0.0
202208021045,,0.0
202208021050,,0.0
202208021055,,0.0
202208021100,,0.0
202208021110,,0.0
202208021115,,0.0
202208021120,,0.0
202208021125,,0.0
202208021135,,0.0
202208021140,,0.0
202208021145,,0.0
202208021150,,0.0
202208021155,,0.0
202208021200,,0.0
202208021210,,0.0
202208021220,,0.0
202208021225,,0.0
202208021230,,0.0
202208021235,,0.0
202208021240,,0.0
202208021245,,0.0
202208021250,,0.0
202208021255,,0.0
202208021300,,0.0
202208021310,,0.0
202208021315,303.0,0.4
202208021320,334.0,0.4
202208021325,321.0,0.4
202208021330,21.0,0.4
202208021335,348.0,0.4
202208021340,351.0,0.4
202208021345,236.0,0.4
202208021355,13.0,0.4
202208021400,316.0,0.4
202208021410,129.0,0.4
202208021415,,0.0
202208021420,,0.0
202208021425,,0.0
202208021435,117.0,0.4
202208021440,332.0,0.4
202208021445,331.0,0.9
202208021450,346.0,0.9
202208021500,4.0,0.9
202208021510,22.0,0.9
202208021515,338.0,0.4
202208021520,341.0,0.4
202208021525,304.0,0.9
202208021530,332.0,0.9
202208021535,341.0,0.4
202208021540,328.0,0.4
202208021545,354.0,0.9
202208021550,314.0,0.9
202208021555,353.0,0.9
202208021600,316.0,0.9
202208021610,0.0,0.9
202208021615,179.0,0.9
202208021620,55.0,0.9
202208021625,247.0,1.3
202208021630,324.0,1.3
202208021635,321.0,0.9
202208021640,349.0,0.9
202208021645,,0.0
202208021650,,0.0
202208021655,,0.0
202208021700,,0.0
202208021710,328.0,0.9
202208021715,251.0,0.9
202208021720,349.0,0.9
202208021725,255.0,0.9
202208021730,17.0,0.9
202208021740,356.0,0.9
202208021745,340.0,1.3
202208021750,64.0,1.3
202208021800,3.0,0.9
202208021810,308.0,0.9
202208021815,327.0,0.9
202208021820,306.0,0.9
202208021825,358.0,0.9
202208021830,11.0,0.9
202208021835,292.0,0.9
202208021840,339.0,0.9
202208021845,333.0,0.4
202208021850,349.0,0.4
202208021855,350.0,0.9
202208021900,345.0,0.9
202208021910,333.0,0.4
202208021915,321.0,0.9
202208021920,199.0,0.9
202208021925,327.0,0.9
202208021935,325.0,0.9
202208021940,322.0,0.9
202208021945,222.0,0.9
202208021950,200.0,0.9
202208021955,320.0,0.9
202208022000,293.0,0.9
202208022010,206.0,0.9
202208022015,351.0,1.3
202208022020,198.0,1.3
202208022025,333.0,0.9
202208022030,324.0,0.9
202208022035,2.0,0.9
202208022040,15.0,0.9
202208022045,346.0,0.9
202208022055,345.0,0.9
202208022100,0.0,0.9
202208022110,323.0,0.9
202208022115,215.0,0.9
202208022120,204.0,0.9
202208022125,213.0,1.3
202208022130,340.0,1.3
202208022135,324.0,0.4
202208022140,205.0,0.4
202208022145,142.0,0.9
202208022150,307.0,0.9
202208022155,347.0,0.9
202208022200,304.0,0.9
202208022210,,0.0
202208022215,304.0,0.9
202208022220,312.0,0.9
202208022225,315.0,0.4
202208022230,302.0,0.4
202208022235,160.0,0.4
202208022240,247.0,0.4
202208022245,186.0,0.9
202208022250,186.0,0.9
202208022300,219.0,0.9
202208022310,285.0,0.4
202208022315,,0.0
202208022320,,0.0
202208022325,,0.0
202208022330,,0.0
202208022335,,0.0
202208022340,,0.0
202208022345,,0.0
202208022350,,0.0
202208022355,,0.0
202208030000,,0.0
202208030010,,0.0
202208030015,,0.0
202208030020,,0.0
202208030025,,0.0
202208030030,,0.0
202208030035,,0.0
202208030040,,0.0
202208030045,,0.0
202208030050,,0.0
202208030055,,0.0
202208030100,,0.0
202208030110,,0.0
202208030115,,0.0
202208030120,,0.0
202208030125,,0.0
202208030130,,0.0
202208030135,,0.0
202208030140,,0.0
202208030145,,0.0
202208030150,,0.0
202208030155,,0.0
202208030200,,0.0
202208030210,,0.0
202208030215,,0.0
202208030220,,0.0
202208030225,223.0,0.4
202208030230,213.0,0.4
202208030235,213.0,0.4
202208030240,195.0,0.4
202208030245,,0.0
202208030250,,0.0
202208030255,,0.0
202208030300,,0.0
202208030310,,0.0
202208030315,215.0,0.9
202208030320,215.0,0.9
202208030325,,0.0
202208030330,,0.0
202208030335,193.0,0.4
202208030340,209.0,0.4
202208030345,194.0,0.4
202208030350,202.0,0.4
202208030355,208.0,0.9
202208030400,212.0,0.9
202208030410,172.0,0.9
202208030415,187.0,0.9
202208030420,317.0,0.9
202208030425,,0.0
202208030430,,0.0
202208030435,,0.0
202208030440,,0.0
202208030445,193.0,0.9
202208030450,184.0,0.9
202208030455,,0.0
202208030500,,0.0
202208030510,,0.0
202208030515,,0.0
202208030525,,0.0
202208030530,,0.0
202208030535,,0.0
202208030540,,0.0
202208030545,,0.0
202208030550,,0.0
202208030555,,0.0
202208030600,,0.0
202208030610,,0.0
202208030615,,0.0
202208030620,,0.0
202208030625,,0.0
202208030630,,0.0
202208030635,,0.0
202208030640,,0.0
202208030645,,0.0
202208030650,,0.0
202208030655,,0.0
202208030700,,0.0
202208030710,,0.0
202208030715,,0.0
202208030720,,0.0
202208030735,,0.0
202208030740,,0.0
202208030745,,0.0
202208030750,,0.0
202208030755,,0.0
202208030800,,0.0
202208030810,,0.0
202208030815,,0.0
202208030820,,0.0
202208030825,,0.0
202208030830,,0.0
202208030835,,0.0
202208030840,,0.0
202208030845,,0.0
202208030850,,0.0
202208030855,,0.0
202208030900,,0.0
202208030910,,0.0
202208030915,,0.0
202208030925,,0.0
202208030930,,0.0
202208030935,,0.0
202208030940,,0.0
202208030945,,0.0
202208030950,,0.0
202208030955,,0.0
202208031000,,0.0
202208031015,,0.0
202208031020,,0.0
202208031025,,0.0
202208031030,,0.0
202208031035,,0.0
202208031040,,0.0
202208031045,,0.0
202208031050,,0.0
202208031055,,0.0
202208031100,,0.0
202208031110,,0.0
202208031115,,0.0
202208031120,,0.0
202208031125,,0.0
202208031130,,0.0
202208031135,,0.0
202208031140,,0.0
202208031145,,0.0
202208031150,,0.0
202208031200,,0.0
202208031210,,0.0
202208031215,,0.0
202208031220,,0.0
202208031225,,0.0
202208031230,,0.0
202208031235,,0.0
202208031240,,0.0
202208031245,,0.0
202208031250,,0.0
202208031255,,0.0
202208031300,,0.0
202208031310,,0.0
202208031315,,0.0
202208031320,,0.0
202208031325,,0.0
202208031330,,0.0
202208031335,,0.0
202208031340,,0.0
202208031345,,0.0
202208031350,,0.0
202208031355,,0.0
202208031400,,0.0
202208031410,,0.0
202208031415,,0.0
202208031420,,0.0
202208031425,,0.0
202208031435,,0.0
202208031445,,0.0
202208031450,,0.0
202208031455,,0.0
202208031500,,0.0
202208031510,,0.0
202208031515,,0.0
202208031520,,0.0
202208031525,,0.0
202208031530,,0.0
202208031535,,0.0
202208031545,,0.0
202208031550,,0.0
202208031555,,0.0
202208031600,,0.0
202208031610,,0.0
202208031615,,0.0
202208031620,,0.0
202208031625,,0.0
202208031630,,0.0
202208031635,182.0,0.4
202208031640,124.0,0.4
202208031645,32.0,0.4
202208031650,85.0,0.4
202208031655,,0.0
202208031700,,0.0
202208031710,308.0,0.9
202208031715,55.0,0.9
202208031720,103.0,0.9
202208031725,,0.0
202208031730,,0.0
202208031735,,0.0
202208031740,,0.0
202208031745,,0.0
202208031750,,0.0
202208031755,,0.0
202208031800,,0.0
202208031810,191.0,0.4
202208031815,227.0,0.9
202208031820,328.0,0.9
202208031825,2.0,0.9
202208031830,200.0,0.9
202208031835,289.0,0.9
202208031840,200.0,0.9
202208031845,,0.0
202208031850,,0.0
202208031855,,0.0
202208031900,,0.0
202208031910,,0.0
202208031915,204.0,1.3
202208031920,329.0,1.3
202208031925,10.0,0.4
202208031935,,0.0
202208031940,,0.0
202208031945,,0.0
202208031950,,0.0
202208031955,,0.0
202208032000,,0.0
202208032010,,0.0
202208032015,,0.0
202208032020,,0.0
202208032025,,0.0
202208032030,,0.0
202208032035,,0.0
202208032040,,0.0
202208032045,,0.0
202208032050,,0.0
202208032055,,0.0
202208032100,,0.0
202208032110,,0.0
202208032115,,0.0
202208032120,,0.0
202208032125,,0.0
202208032130,,0.0
202208032135,,0.0
202208032140,,0.0
202208032150,,0.0
202208032155,,0.0
202208032200,,0.0
202208032210,116.0,0.4
202208032215,,0.0
202208032220,,0.0
202208032225,109.0,0.4
202208032230,55.0,0.4
202208032235,,0.0
202208032240,,0.0
202208032245,,0.0
202208032250,,0.0
202208032255,98.0,0.4
202208032300,110.0,0.4
202208032310,,0.0
202208032315,,0.0
202208032320,,0.0
202208032325,183.0,0.4
202208032330,140.0,0.4
202208032335,,0.0
202208032340,,0.0
202208032345,,0.0
202208032350,,0.0
202208032355,,0.0
202208040000,,0.0
202208040010,,0.0
202208040015,,0.0
202208040020,,0.0
202208040025,,0.0
202208040030,,0.0
202208040040,225.0,0.4
202208040045,278.0,0.4
202208040050,267.0,0.4
202208040055,,0.0
202208040100,,0.0
202208040110,,0.0
202208040115,,0.0
202208040120,,0.0
202208040125,,0.0
202208040130,,0.0
202208040135,,0.0
202208040140,,0.0
202208040145,,0.0
202208040150,,0.0
202208040155,,0.0
202208040200,,0.0
202208040210,,0.0
202208040220,,0.0
202208040225,,0.0
202208040230,,0.0
202208040235,,0.0
202208040240,,0.0
202208040245,,0.0
202208040250,,0.0
202208040255,,0.0
202208040300,,0.0
202208040310,,0.0
202208040320,,0.0
202208040325,,0.0
202208040330,,0.0
202208040340,,0.0
202208040345,,0.0
202208040350,,0.0
202208040355,,0.0
202208040400,,0.0
202208040410,,0.0
202208040415,,0.0
202208040420,,0.0
202208040425,,0.0
202208040430,,0.0
202208040435,,0.0
202208040440,,0.0
202208040445,,0.0
202208040450,,0.0
202208040455,,0.0
202208040500,,0.0
202208040515,,0.0
202208040520,,0.0
202208040525,,0.0
202208040530,,0.0
202208040535,,0.0
202208040540,,0.0
202208040545,,0.0
202208040550,,0.0
202208040555,,0.0
202208040600,,0.0
202208040610,,0.0
202208040615,,0.0
202208040620,,0.0
202208040625,,0.0
202208040635,,0.0
202208040640,,0.0
202208040645,,0.0
202208040650,,0.0
202208040655,,0.0
202208040700,,0.0
202208040710,,0.0
202208040715,,0.0
202208040720,,0.0
202208040725,,0.0
202208040730,,0.0
202208040735,,0.0
202208040740,,0.0
202208040745,,0.0
202208040750,,0.0
202208040755,,0.0
202208040800,,0.0
202208040810,,0.0
202208040815,,0.0
202208040820,,0.0
202208040825,,0.0
202208040830,,0.0
202208040835,,0.0
202208040840,,0.0
202208040845,,0.0
202208040850,,0.0
202208040855,,0.0
202208040900,,0.0
202208040910,,0.0
202208040915,,0.0
202208040920,,0.0
202208040925,,0.0
202208040930,,0.0
202208040935,,0.0
202208040940,,0.0
202208040945,,0.0
202208040950,,0.0
202208041000,,0.0
202208041010,,0.0
202208041015,,0.0
202208041020,,0.0
202208041025,,0.0
202208041030,,0.0
202208041035,,0.0
202208041040,,0.0
202208041045,,0.0
202208041050,,0.0
202208041055,,0.0
202208041100,,0.0
202208041110,,0.0
202208041115,,0.0
202208041120,,0.0
202208041140,,0.0
202208041150,,0.0
202208041155,,0.0
202208041200,,0.0
202208041210,,0.0
202208041215,,0.0
202208041220,,0.0
202208041225,,0.0
202208041230,,0.0
202208041235,,0.0
202208041240,,0.0
202208041245,,0.0
202208041250,,0.0
202208041255,,0.0
202208041300,,0.0
202208041310,,0.0
202208041315,,0.0
202208041320,,0.0
202208041325,,0.0
202208041330,,0.0
202208041340,,0.0
202208041345,,0.0
202208041350,,0.0
202208041355,,0.0
202208041400,,0.0
202208041410,,0.0
202208041415,210.0,0.4
202208041420,204.0,0.4
202208041425,205.0,0.9
202208041430,289.0,0.9
202208041435,52.0,0.4
202208041440,201.0,0.4
202208041445,296.0,0.9
202208041450,267.0,0.9
202208041455,275.0,0.4
202208041500,306.0,0.4
202208041510,298.0,0.4
202208041515,298.0,0.4
202208041520,307.0,0.4
202208041525,329.0,0.4
202208041530,226.0,0.4
202208041535,151.0,0.9
202208041540,136.0,0.9
202208041545,101.0,0.9
202208041550,239.0,0.9
202208041555,210.0,0.4
202208041600,133.0,0.4
202208041610,129.0,0.9
202208041615,122.0,0.4
202208041620,289.0,0.4
202208041625,,0.0
202208041630,,0.0
202208041635,,0.0
202208041640,,0.0
202208041645,189.0,0.9
202208041650,267.0,0.9
202208041655,183.0,0.9
202208041700,249.0,0.9
202208041710,302.0,0.9
202208041715,,0.0
202208041720,,0.0
202208041725,,0.0
202208041730,,0.0
202208041735,208.0,0.9
202208041740,255.0,0.9
202208041745,246.0,0.9
202208041750,249.0,0.9
202208041755,304.0,0.9
202208041800,201.0,0.9
202208041810,,0.0
202208041815,,0.0
202208041820,,0.0
202208041825,,0.0
202208041830,,0.0
202208041835,317.0,0.4
202208041840,312.0,0.4
202208041845,,0.0
202208041855,,0.0
202208041900,,0.0
202208041910,245.0,0.9
202208041915,195.0,0.9
202208041925,223.0,0.9
202208041930,189.0,0.9
202208041935,83.0,0.9
202208041940,168.0,0.9
202208041945,,0.0
202208041950,,0.0
202208041955,,0.0
202208042000,,0.0
202208042010,,0.0
202208042015,,0.0
202208042020,,0.0
202208042025,,0.0
202208042030,,0.0
202208042035,,0.0
202208042040,,0.0
202208042045,,0.0
202208042050,,0.0
202208042055,,0.0
202208042100,,0.0
202208042110,,0.0
202208042115,,0.0
202208042120,,0.0
202208042125,,0.0
202208042130,,0.0
202208042135,,0.0
202208042140,,0.0
202208042145,,0.0
202208042150,,0.0
202208042155,,0.0
202208042200,,0.0
202208042210,,0.0
202208042215,86.0,0.9
202208042220,93.0,0.9
202208042225,120.0,0.4
202208042230,104.0,0.4
202208042235,,0.0
202208042240,,0.0
202208042245,,0.0
202208042250,,0.0
202208042255,,0.0
202208042300,,0.0
202208042310,,0.0
202208042315,,0.0
202208042320,,0.0
202208042325,133.0,0.4
202208042330,131.0,0.4
202208042335,94.0,0.4
202208042340,128.0,0.4
202208042345,93.0,0.9
202208042350,213.0,0.9
202208042355,,0.0
202208050000,,0.0
202208050010,,0.0
202208050015,,0.0
202208050020,,0.0
202208050025,122.0,0.4
202208050030,129.0,0.4
202208050035,,0.0
202208050040,,0.0
202208050045,,0.0
202208050055,,0.0
202208050100,,0.0
202208050110,,0.0
202208050115,,0.0
202208050120,,0.0
202208050125,,0.0
202208050130,,0.0
202208050135,,0.0
202208050145,,0.0
202208050150,,0.0
202208050155,,0.0
202208050200,,0.0
202208050215,,0.0
202208050220,,0.0
202208050225,,0.0
202208050230,,0.0
202208050235,,0.0
202208050240,,0.0
202208050245,,0.0
202208050250,,0.0
202208050255,,0.0
202208050310,,0.0
202208050320,,0.0
202208050325,,0.0
202208050330,,0.0
202208050335,,0.0
202208050340,,0.0
202208050345,,0.0
202208050350,,0.0
202208050355,,0.0
202208050400,,0.0
202208050410,,0.0
202208050415,,0.0
202208050425,,0.0
202208050430,,0.0
202208050435,,0.0
202208050440,,0.0
202208050445,,0.0
202208050450,,0.0
202208050455,,0.0
202208050500,,0.0
202208050510,,0.0
202208050515,,0.0
202208050520,,0.0
202208050525,,0.0
202208050530,,0.0
202208050535,,0.0
202208050540,,0.0
202208050545,,0.0
202208050550,,0.0
202208050555,,0.0
202208050600,,0.0
202208050610,,0.0
202208050615,,0.0
202208050620,,0.0
202208050625,,0.0
202208050630,,0.0
202208050635,,0.0
202208050640,,0.0
202208050645,,0.0
202208050650,,0.0
202208050655,,0.0
202208050700,,0.0
202208050710,,0.0
202208050715,,0.0
202208050720,,0.0
202208050725,,0.0
202208050730,,0.0
202208050735,,0.0
202208050740,,0.0
202208050745,,0.0
202208050750,,0.0
202208050800,,0.0
202208050810,,0.0
202208050815,,0.0
202208050820,,0.0
202208050825,,0.0
202208050830,,0.0
202208050835,,0.0
202208050840,,0.0
202208050845,,0.0
202208050850,,0.0
202208050855,,0.0
202208050900,,0.0
202208050910,,0.0
202208050915,,0.0
202208050920,,0.0
202208050925,,0.0
202208050930,,0.0
202208050935,,0.0
202208050940,,0.0
202208050945,,0.0
202208050950,,0.0
202208050955,,0.0
202208051000,,0.0
202208051010,,0.0
202208051015,,0.0
202208051020,,0.0
202208051030,,0.0
202208051035,,0.0
202208051040,,0.0
202208051045,,0.0
202208051050,,0.0
202208051055,,0.0
202208051100,,0.0
202208051110,,0.0
202208051115,,0.0
202208051120,,0.0
202208051125,,0.0
202208051130,,0.0
202208051135,,0.0
202208051140,,0.0
202208051145,,0.0
202208051150,,0.0
202208051155,,0.0
202208051200,,0.0
202208051210,,0.0
202208051215,,0.0
202208051220,,0.0
202208051225,,0.0
202208051230,,0.0
202208051235,,0.0
202208051240,,0.0
202208051245,,0.0
202208051250,,0.0
202208051255,,0.0
202208051300,,0.0
202208051310,,0.0
202208051315,,0.0
202208051325,,0.0
202208051335,,0.0
202208051340,,0.0
202208051345,199.0,0.9
202208051350,253.0,0.9
202208051355,219.0,0.9
202208051400,220.0,0.9
202208051410,212.0,0.9
202208051415,129.0,1.3
202208051420,209.0,1.3
202208051425,159.0,0.9
202208051430,218.0,0.9
202208051435,,0.0
202208051440,,0.0
202208051445,,0.0
202208051450,,0.0
202208051455,,0.0
202208051500,,0.0
202208051510,,0.0
202208051515,126.0,0.4
202208051520,158.0,0.4
202208051525,93.0,0.9
202208051530,169.0,0.9
202208051535,,0.0
202208051540,,0.0
202208051545,93.0,0.9
202208051550,301.0,0.9
202208051555,,0.0
202208051600,,0.0
202208051610,,0.0
202208051615,,0.0
202208051620,,0.0
202208051625,,0.0
202208051630,,0.0
202208051635,,0.0
202208051645,7.0,0.4
202208051650,298.0,0.4
202208051655,,0.0
202208051700,,0.0
202208051710,,0.0
202208051715,,0.0
202208051720,,0.0
202208051730,318.0,0.4
202208051735,168.0,0.4
202208051745,,0.0
202208051750,,0.0
202208051755,,0.0
202208051800,,0.0
202208051810,,0.0
202208051815,,0.0
202208051820,,0.0
202208051825,192.0,0.9
202208051830,141.0,0.9
202208051835,170.0,0.9
202208051840,109.0,0.9
202208051845,50.0,0.9
202208051850,235.0,0.9
202208051855,134.0,0.9
202208051900,94.0,0.9
202208051910,,0.0
202208051915,,0.0
202208051920,,0.0
202208051925,,0.0
202208051930,,0.0
202208051935,90.0,0.4
202208051940,96.0,0.4
202208051945,231.0,0.4
202208051950,210.0,0.4
202208051955,296.0,0.9
202208052000,95.0,0.9
202208052010,87.0,0.4
202208052015,80.0,0.9
202208052020,76.0,0.9
202208052025,98.0,0.4
202208052030,106.0,0.4
202208052035,99.0,0.9
202208052040,91.0,0.9
202208052050,112.0,1.3
202208052055,78.0,0.9
202208052100,92.0,0.9
202208052110,121.0,0.4
202208052115,129.0,0.9
202208052120,122.0,0.9
202208052125,55.0,0.4
202208052130,128.0,0.4
202208052135,73.0,0.9
202208052140,149.0,0.9
202208052145,112.0,0.9
202208052150,73.0,0.9
202208052200,60.0,0.9
202208052210,,0.0
202208052215,,0.0
202208052220,,0.0
202208052225,,0.0
202208052230,,0.0
202208052235,93.0,0.9
202208052240,91.0,0.9
202208052245,131.0,0.9
202208052250,97.0,0.9
202208052255,52.0,0.4
202208052300,119.0,0.4
202208052310,62.0,0.4
202208052315,84.0,0.9
202208052320,136.0,0.9
202208052325,,0.0
202208052330,,0.0
202208052335,,0.0
202208052340,,0.0
202208052345,110.0,0.9
202208052350,87.0,0.9
202208052355,83.0,0.4
202208060000,126.0,0.4
202208060010,137.0,0.4
202208060015,,0.0
202208060020,,0.0
202208060025,,0.0
202208060030,,0.0
202208060035,,0.0
202208060040,,0.0
202208060045,,0.0
202208060050,,0.0
202208060055,,0.0
202208060100,,0.0
202208060110,,0.0
202208060115,,0.0
202208060120,,0.0
202208060125,,0.0
202208060130,,0.0
202208060135,,0.0
202208060140,,0.0
202208060145,,0.0
202208060150,,0.0
202208060155,,0.0
202208060200,,0.0
202208060210,,0.0
202208060215,,0.0
202208060220,,0.0
202208060225,,0.0
202208060230,,0.0
202208060235,,0.0
202208060240,,0.0
202208060245,,0.0
202208060250,,0.0
202208060255,,0.0
202208060300,,0.0
202208060310,,0.0
202208060315,,0.0
202208060320,,0.0
202208060325,,0.0
202208060330,,0.0
202208060335,,0.0
202208060340,,0.0
202208060345,,0.0
202208060350,,0.0
202208060355,,0.0
202208060400,,0.0
202208060410,,0.0
202208060415,,0.0
202208060420,,0.0
202208060425,,0.0
202208060430,,0.0
202208060435,,0.0
202208060440,,0.0
202208060445,,0.0
202208060450,,0.0
202208060455,,0.0
202208060500,,0.0
202208060510,,0.0
202208060515,,0.0
202208060525,,0.0
202208060530,,0.0
202208060535,,0.0
202208060540,,0.0
202208060545,,0.0
202208060555,,0.0
202208060600,,0.0
202208060610,,0.0
202208060615,,0.0
202208060620,,0.0
202208060625,,0.0
202208060630,,0.0
202208060635,,0.0
202208060640,,0.0
202208060645,,0.0
202208060650,,0.0
202208060655,,0.0
202208060700,,0.0
202208060710,,0.0
202208060715,,0.0
202208060720,,0.0
202208060725,,0.0
202208060730,,0.0
202208060735,,0.0
202208060740,,0.0
202208060745,,0.0
202208060750,,0.0
202208060755,,0.0
202208060800,,0.0
202208060810,,0.0
202208060815,,0.0
202208060820,,0.0
202208060825,,0.0
202208060830,,0.0
202208060835,,0.0
202208060840,,0.0
202208060845,,0.0
202208060850,,0.0
202208060855,,0.0
202208060900,,0.0
202208060910,,0.0
202208060915,,0.0
202208060920,,0.0
202208060925,,0.0
202208060930,,0.0
202208060935,,0.0
202208060940,,0.0
202208060945,,0.0
202208060950,,0.0
202208060955,,0.0
202208061000,,0.0
202208061010,,0.0
202208061015,,0.0
202208061020,,0.0
202208061025,,0.0
202208061030,,0.0
202208061035,,0.0
202208061040,,0.0
202208061045,,0.0
202208061050,,0.0
202208061055,,0.0
202208061100,,0.0
202208061110,,0.0
202208061115,,0.0
202208061120,,0.0
202208061125,,0.0
202208061130,,0.0
202208061135,,0.0
202208061140,,0.0
202208061145,,0.0
202208061150,,0.0
202208061155,,0.0
202208061200,,0.0
202208061210,,0.0
202208061215,,0.0
202208061220,,0.0
202208061225,,0.0
202208061230,,0.0
202208061235,,0.0
202208061240,,0.0
202208061245,,0.0
202208061250,,0.0
202208061255,,0.0
202208061300,,0.0
202208061310,,0.0
202208061315,,0.0
202208061320,,0.0
202208061325,,0.0
202208061330,,0.0
202208061335,,0.0
202208061340,,0.0
202208061345,,0.0
202208061350,,0.0
202208061355,,0.0
202208061400,,0.0
202208061410,,0.0
202208061415,,0.0
202208061420,,0.0
202208061425,,0.0
202208061430,,0.0
202208061435,,0.0
202208061440,,0.0
202208061445,,0.0
202208061450,,0.0
202208061455,,0.0
202208061500,,0.0
202208061510,,0.0
202208061515,,0.0
202208061520,,0.0
202208061525,,0.0
202208061530,,0.0
202208061535,,0.0
202208061540,,0.0
202208061545,72.0,0.9
202208061550,169.0,0.9
202208061555,114.0,0.4
202208061600,121.0,0.4
202208061610,307.0,0.4
202208061615,,0.0
202208061620,,0.0
202208061625,,0.0
202208061630,,0.0
202208061635,,0.0
202208061640,,0.0
202208061645,,0.0
202208061650,,0.0
202208061655,,0.0
202208061700,,0.0
202208061710,,0.0
202208061715,159.0,0.4
202208061720,217.0,0.4
202208061725,159.0,0.9
202208061730,332.0,0.9
202208061735,,0.0
202208061740,,0.0
202208061745,,0.0
202208061750,,0.0
202208061755,338.0,0.9
202208061800,35.0,0.9
202208061810,,0.0
202208061820,,0.0
202208061825,347.0,0.9
202208061830,353.0,0.9
202208061835,,0.0
202208061840,,0.0
202208061845,356.0,0.4
202208061850,8.0,0.4
202208061855,0.0,0.4
202208061900,1.0,0.4
202208061910,,0.0
202208061915,,0.0
202208061920,,0.0
202208061925,,0.0
202208061930,,0.0
202208061935,,0.0
202208061940,,0.0
202208061945,,0.0
202208061950,,0.0
202208061955,,0.0
202208062000,,0.0
202208062010,,0.0
202208062015,,0.0
202208062020,,0.0
202208062025,,0.0
202208062030,,0.0
202208062040,,0.0
202208062045,,0.0
202208062050,,0.0
202208062055,,0.0
202208062100,,0.0
202208062110,,0.0
202208062115,,0.0
202208062120,,0.0
202208062125,,0.0
202208062130,,0.0
202208062135,,0.0
202208062140,,0.0
202208062145,,0.0
202208062150,,0.0
202208062155,,0.0
202208062200,,0.0
202208062210,,0.0
202208062215,,0.0
202208062220,,0.0
202208062225,,0.0
202208062230,,0.0
202208062235,,0.0
202208062240,,0.0
202208062245,,0.0
202208062250,,0.0
202208062255,,0.0
202208062300,,0.0
202208062310,,0.0
202208062315,,0.0
202208062320,,0.0
202208062325,,0.0
202208062330,,0.0
202208062340,,0.0
202208062345,,0.0
202208062350,,0.0
202208062355,,0.0
202208070000,,0.0
202208070010,,0.0
202208070015,,0.0
202208070020,,0.0
202208070025,,0.0
202208070030,,0.0
202208070035,,0.0
202208070040,,0.0
202208070045,,0.0
202208070050,,0.0
202208070055,,0.0
202208070100,,0.0
202208070110,,0.0
202208070115,,0.0
202208070120,,0.0
202208070125,,0.0
202208070130,,0.0
202208070135,,0.0
202208070140,,0.0
202208070150,,0.0
202208070155,,0.0
202208070200,,0.0
202208070210,,0.0
202208070215,,0.0
202208070220,,0.0
202208070225,,0.0
202208070230,,0.0
202208070240,,0.0
202208070245,,0.0
202208070250,,0.0
202208070300,,0.0
202208070310,,0.0
202208070315,,0.0
202208070320,,0.0
202208070325,,0.0
202208070330,,0.0
202208070335,,0.0
202208070340,,0.0
202208070345,,0.0
202208070350,,0.0
202208070355,,0.0
202208070400,,0.0
202208070410,,0.0
202208070420,,0.0
202208070425,,0.0
202208070435,,0.0
202208070440,,0.0
202208070445,,0.0
202208070450,,0.0
202208070455,,0.0
202208070500,,0.0
202208070510,,0.0
202208070515,,0.0
202208070520,,0.0
202208070525,,0.0
202208070530,,0.0
202208070535,,0.0
202208070540,,0.0
202208070545,,0.0
202208070550,,0.0
202208070555,,0.0
202208070600,,0.0
202208070610,,0.0
202208070615,,0.0
202208070620,,0.0
202208070625,,0.0
202208070630,,0.0
202208070635,,0.0
202208070640,,0.0
202208070645,,0.0
202208070650,,0.0
202208070655,,0.0
202208070710,,0.0
202208070720,,0.0
202208070725,,0.0
202208070730,,0.0
202208070735,,0.0
202208070740,,0.0
202208070745,,0.0
202208070750,,0.0
202208070755,,0.0
202208070800,,0.0
202208070810,,0.0
202208070815,,0.0
202208070820,,0.0
202208070825,,0.0
202208070830,,0.0
202208070835,,0.0
202208070840,,0.0
202208070845,,0.0
202208070850,,0.0
202208070855,,0.0
202208070900,,0.0
202208070910,,0.0
202208070915,,0.0
202208070920,,0.0
202208070925,,0.0
202208070930,,0.0
202208070935,,0.0
202208070940,,0.0
202208070945,,0.0
202208070950,,0.0
202208070955,,0.0
202208071000,,0.0
202208071010,,0.0
202208071015,,0.0
202208071020,,0.0
202208071025,,0.0
202208071030,,0.0
202208071035,,0.0
202208071040,,0.0
202208071045,,0.0
202208071050,,0.0
202208071055,,0.0
202208071100,,0.0
202208071110,,0.0
202208071115,,0.0
202208071120,,0.0
202208071125,,0.0
202208071130,,0.0
202208071135,,0.0
202208071140,,0.0
202208071145,,0.0
202208071150,,0.0
202208071155,,0.0
202208071200,,0.0
202208071210,,0.0
202208071215,,0.0
202208071220,,0.0
202208071225,,0.0
202208071230,,0.0
202208071235,,0.0
202208071240,,0.0
202208071245,,0.0
202208071250,,0.0
202208071255,,0.0
202208071300,,0.0
202208071310,,0.0
202208071315,,0.0
202208071320,,0.0
202208071325,,0.0
202208071330,,0.0
202208071335,,0.0
202208071340,,0.0
202208071345,,0.0
202208071400,,0.0
202208071410,,0.0
202208071415,,0.0
202208071420,,0.0
202208071425,,0.0
202208071430,,0.0
202208071435,,0.0
202208071440,,0.0
202208071445,,0.0
202208071450,,0.0
202208071455,,0.0
202208071500,,0.0
202208071510,,0.0
202208071515,,0.0
202208071520,,0.0
202208071525,,0.0
202208071530,,0.0
202208071535,,0.0
202208071540,,0.0
202208071545,,0.0
202208071550,,0.0
202208071555,,0.0
202208071600,,0.0
202208071610,,0.0
202208071615,,0.0
202208071620,,0.0
202208071625,,0.0
202208071630,,0.0
202208071635,,0.0
202208071640,,0.0
202208071645,,0.0
202208071650,,0.0
202208071655,,0.0
202208071700,,0.0
202208071710,,0.0
202208071715,,0.0
202208071720,,0.0
202208071725,,0.0
202208071730,,0.0
202208071735,,0.0
202208071740,,0.0
202208071745,,0.0
202208071750,,0.0
202208071755,,0.0
202208071800,,0.0
202208071810,,0.0
202208071815,,0.0
202208071820,,0.0
202208071825,,0.0
202208071830,,0.0
202208071835,,0.0
202208071840,,0.0
202208071845,,0.0
202208071855,,0.0
202208071900,,0.0
202208071910,,0.0
202208071915,,0.0
202208071920,,0.0
202208071925,,0.0
202208071930,,0.0
202208071935,,0.0
202208071940,,0.0
202208071945,,0.0
202208071950,,0.0
202208071955,,0.0
202208072000,,0.0
202208072010,,0.0
202208072015,,0.0
202208072020,,0.0
202208072025,,0.0
202208072030,,0.0
202208072035,,0.0
202208072040,,0.0
202208072045,,0.0
202208072050,,0.0
202208072055,,0.0
202208072100,,0.0
202208072110,,0.0
202208072115,,0.0
202208072120,,0.0
202208072125,,0.0
202208072130,,0.0
202208072135,,0.0
202208072145,,0.0
202208072150,,0.0
202208072155,,0.0
202208072200,,0.0
202208072210,,0.0
202208072215,,0.0
202208072220,,0.0
202208072225,,0.0
202208072230,,0.0
202208072235,,0.0
202208072240,,0.0
202208072245,,0.0
202208072250,,0.0
202208072255,,0.0
202208072300,,0.0
202208072310,,0.0
202208072315,,0.0
202208072320,,0.0
202208072325,,0.0
202208072330,,0.0
202208072335,,0.0
202208072345,,0.0
202208072350,,0.0
202208072355,,0.0
202208080000,,0.0
202208080010,,0.0
202208080015,,0.0
202208080020,,0.0
202208080025,,0.0
202208080030,,0.0
202208080035,,0.0
202208080040,,0.0
202208080045,,0.0
202208080050,,0.0
202208080100,,0.0
202208080110,,0.0
202208080115,,0.0
202208080120,,0.0
202208080125,,0.0
202208080130,,0.0
202208080135,,0.0
202208080140,,0.0
202208080145,,0.0
202208080150,,0.0
202208080155,,0.0
202208080200,,0.0
202208080210,,0.0
202208080220,,0.0
202208080225,,0.0
202208080230,,0.0
202208080235,,0.0
202208080240,,0.0
202208080245,,0.0
202208080250,,0.0
202208080255,,0.0
202208080300,,0.0
202208080310,,0.0
202208080315,,0.0
202208080320,,0.0
202208080325,,0.0
202208080330,,0.0
202208080335,,0.0
202208080340,,0.0
202208080345,,0.0
202208080350,,0.0
202208080355,,0.0
202208080400,,0.0
202208080410,,0.0
202208080415,,0.0
202208080420,,0.0
202208080425,,0.0
202208080430,,0.0
202208080435,,0.0
202208080440,,0.0
202208080450,,0.0
202208080455,,0.0
202208080500,,0.0
202208080510,,0.0
202208080515,,0.0
202208080520,,0.0
202208080525,,0.0
202208080530,,0.0
202208080535,,0.0
202208080540,,0.0
202208080545,,0.0
202208080550,,0.0
202208080555,,0.0
202208080600,,0.0
202208080610,,0.0
202208080615,,0.0
202208080620,,0.0
202208080625,,0.0
202208080630,,0.0
202208080635,,0.0
202208080640,,0.0
202208080645,,0.0
202208080650,,0.0
202208080655,,0.0
202208080700,,0.0
202208080710,,0.0
202208080715,,0.0
202208080720,,0.0
202208080725,,0.0
202208080730,,0.0
202208080735,,0.0
202208080740,,0.0
202208080745,,0.0
202208080750,,0.0
202208080755,,0.0
202208080800,,0.0
202208080810,,0.0
202208080815,,0.0
202208080820,,0.0
202208080825,,0.0
202208080830,,0.0
202208080835,,0.0
202208080840,,0.0
202208080845,,0.0
202208080850,,0.0
202208080900,,0.0
202208080910,,0.0
202208080915,,0.0
202208080925,,0.0
202208080935,,0.0
202208080940,,0.0
202208080945,,0.0
202208080950,,0.0
202208080955,,0.0
202208081000,,0.0
202208081010,,0.0
202208081015,,0.0
202208081020,,0.0
202208081025,,0.0
202208081030,,0.0
202208081035,,0.0
202208081040,,0.0
202208081045,,0.0
202208081050,,0.0
202208081055,,0.0
202208081100,,0.0
202208081110,,0.0
202208081115,,0.0
202208081120,,0.0
202208081125,,0.0
202208081130,,0.0
202208081135,,0.0
202208081140,,0.0
202208081145,,0.0
202208081150,,0.0
202208081155,,0.0
202208081200,,0.0
202208081210,,0.0
202208081215,,0.0
202208081220,,0.0
202208081225,,0.0
202208081230,,0.0
202208081235,,0.0
202208081240,,0.0
202208081245,,0.0
202208081250,,0.0
202208081255,,0.0
202208081300,,0.0
202208081310,,0.0
202208081315,,0.0
202208081320,,0.0
202208081325,,0.0
202208081330,,0.0
202208081335,,0.0
202208081340,,0.0
202208081350,,0.0
202208081355,,0.0
202208081400,,0.0
202208081410,,0.0
202208081415,,0.0
202208081420,,0.0
202208081425,,0.0
202208081430,,0.0
202208081435,,0.0
202208081440,,0.0
202208081445,,0.0
202208081450,,0.0
202208081455,,0.0
202208081500,,0.0
202208081510,,0.0
202208081515,,0.0
202208081520,,0.0
202208081525,,0.0
202208081530,,0.0
202208081535,,0.0
202208081540,,0.0
202208081545,,0.0
202208081550,,0.0
202208081555,,0.0
202208081600,,0.0
202208081610,,0.0
202208081615,,0.0
202208081620,,0.0
202208081625,,0.0
202208081630,,0.0
202208081635,,0.0
202208081640,,0.0
202208081645,,0.0
202208081655,,0.0
202208081700,,0.0
202208081710,,0.0
202208081715,,0.0
202208081720,,0.0
202208081725,,0.0
202208081730,,0.0
202208081735,,0.0
202208081740,,0.0
202208081745,,0.0
202208081750,,0.0
202208081755,,0.0
202208081800,,0.0
202208081810,,0.0
202208081815,,0.0
202208081820,,0.0
202208081825,,0.0
202208081830,,0.0
202208081835,,0.0
202208081840,,0.0
202208081845,,0.0
202208081850,,0.0
202208081855,,0.0
202208081900,,0.0
202208081910,,0.0
202208081915,,0.0
202208081920,,0.0
202208081925,,0.0
202208081930,,0.0
202208081935,,0.0
202208081940,,0.0
202208081945,,0.0
202208081950,,0.0
202208081955,,0.0
202208082000,,0.0
202208082010,,0.0
202208082015,,0.0
202208082020,,0.0
202208082025,,0.0
202208082030,,0.0
202208082040,,0.0
202208082045,,0.0
202208082050,,0.0
202208082055,189.0,0.9
202208082100,180.0,0.9
202208082110,106.0,0.9
202208082115,58.0,0.9
202208082120,120.0,0.9
202208082125,176.0,0.9
202208082130,117.0,0.9
202208082135,189.0,0.9
202208082140,238.0,0.9
202208082145,,0.0
202208082150,,0.0
202208082155,,0.0
202208082200,,0.0
202208082210,,0.0
202208082215,,0.0
202208082220,,0.0
202208082225,,0.0
202208082230,,0.0
202208082235,,0.0
202208082240,,0.0
202208082245,,0.0
202208082250,,0.0
202208082255,,0.0
202208082310,,0.0
202208082315,,0.0
202208082320,,0.0
202208082325,,0.0
202208082330,,0.0
202208082335,,0.0
202208082340,,0.0
202208082345,,0.0
202208082350,,0.0
202208082355,,0.0
202208090000,,0.0
202208090010,,0.0
202208090015,,0.0
202208090020,,0.0
202208090025,,0.0
202208090030,,0.0
202208090035,,0.0
202208090040,,0.0
202208090050,,0.0
202208090055,,0.0
202208090100,,0.0
202208090110,,0.0
202208090115,,0.0
202208090120,,0.0
202208090125,,0.0
202208090130,,0.0
202208090135,,0.0
202208090140,,0.0
202208090145,,0.0
202208090150,,0.0
202208090155,,0.0
202208090200,,0.0
202208090210,,0.0
202208090215,,0.0
202208090220,,0.0
202208090225,,0.0
202208090230,,0.0
202208090235,,0.0
202208090240,,0.0
202208090245,,0.0
202208090250,,0.0
202208090255,,0.0
202208090300,,0.0
202208090310,,0.0
202208090315,,0.0
202208090320,,0.0
202208090325,,0.0
202208090330,,0.0
202208090335,,0.0
202208090340,,0.0
202208090345,,0.0
202208090350,,0.0
202208090355,,0.0
202208090400,,0.0
202208090415,,0.0
202208090420,,0.0
202208090425,195.0,0.9
202208090430,232.0,0.9
202208090435,180.0,0.4
202208090440,198.0,0.4
202208090445,172.0,0.4
202208090450,227.0,0.4
202208090455,,0.0
202208090500,,0.0
202208090510,,0.0
202208090515,,0.0
202208090520,,0.0
202208090525,,0.0
202208090530,,0.0
202208090535,,0.0
202208090540,,0.0
202208090545,199.0,0.9
202208090550,211.0,0.9
202208090555,232.0,0.9
202208090600,237.0,0.9
202208090610,,0.0
202208090615,,0.0
202208090620,,0.0
202208090625,,0.0
202208090630,,0.0
202208090635,,0.0
202208090640,,0.0
202208090645,,0.0
202208090650,,0.0
202208090655,,0.0
202208090700,,0.0
202208090710,,0.0
202208090715,,0.0
202208090720,,0.0
202208090725,,0.0
202208090730,,0.0
202208090735,,0.0
202208090740,,0.0
202208090745,,0.0
202208090750,,0.0
202208090755,,0.0
202208090800,,0.0
202208090810,,0.0
202208090815,,0.0
202208090820,,0.0
202208090825,,0.0
202208090830,,0.0
202208090835,,0.0
202208090840,,0.0
202208090845,,0.0
202208090850,,0.0
202208090855,,0.0
202208090900,,0.0
202208090915,,0.0
202208090920,,0.0
202208090925,,0.0
202208090930,,0.0
202208090935,,0.0
202208090940,,0.0
202208090945,,0.0
202208090950,,0.0
202208090955,,0.0
202208091000,,0.0
202208091010,,0.0
202208091015,,0.0
202208091020,,0.0
202208091025,,0.0
202208091030,,0.0
202208091040,,0.0
202208091045,,0.0
202208091055,,0.0
202208091100,,0.0
202208091110,,0.0
202208091115,,0.0
202208091125,,0.0
202208091130,,0.0
202208091135,,0.0
202208091140,,0.0
202208091145,,0.0
202208091150,,0.0
202208091155,,0.0
202208091200,,0.0
202208091210,,0.0
202208091215,,0.0
202208091220,,0.0
202208091225,,0.0
202208091230,,0.0
202208091235,,0.0
202208091240,,0.0
202208091245,,0.0
202208091250,,0.0
202208091255,,0.0
202208091300,,0.0
202208091310,126.0,0.4
202208091315,,0.0
202208091320,,0.0
202208091325,180.0,0.9
202208091330,164.0,0.9
202208091335,,0.0
202208091340,,0.0
202208091345,,0.0
202208091350,,0.0
202208091355,,0.0
202208091400,,0.0
202208091410,193.0,0.9
202208091415,224.0,0.4
202208091420,189.0,0.4
202208091425,197.0,0.4
202208091430,239.0,0.4
202208091440,166.0,0.4
202208091445,126.0,0.9
202208091450,205.0,0.9
202208091455,268.0,0.9
202208091500,221.0,0.9
202208091510,,0.0
202208091520,174.0,0.9
202208091525,209.0,0.9
202208091530,200.0,0.9
202208091535,183.0,0.9
202208091540,255.0,0.9
202208091545,204.0,0.4
202208091550,190.0,0.4
202208091555,174.0,0.9
202208091610,220.0,0.9
202208091615,225.0,0.9
202208091620,180.0,0.9
202208091650,313.0,0.9
202208091710,186.0,0.9
202208091715,226.0,1.3
202208091730,,0.0
202208091740,266.0,0.9
202208091745,218.0,0.9
202208091750,180.0,0.9
202208091755,247.0,2.2
202208091800,225.0,2.2
202208091810,155.0,0.9
202208091815,167.0,2.2
202208091820,191.0,2.2
202208091825,70.0,0.9
202208091830,186.0,0.9
202208091835,161.0,0.9
202208091840,120.0,0.9
202208091845,109.0,1.3
202208091850,315.0,1.3
202208091855,,0.0
202208091900,,0.0
202208091910,187.0,0.9
202208091915,230.0,1.3
202208091925,236.0,0.9
202208091930,239.0,0.9
202208091935,206.0,1.3
202208091945,229.0,1.3
202208091950,117.0,1.3
202208091955,229.0,0.9
202208092000,245.0,0.9
202208092010,224.0,0.9
202208092015,247.0,1.3
202208092020,152.0,1.3
202208092025,175.0,0.9
202208092030,204.0,0.9
202208092035,,0.0
202208092100,201.0,0.9
202208092110,305.0,1.3
202208092120,342.0,0.9
202208092125,323.0,0.4
202208092140,190.0,0.9
202208092145,258.0,0.9
202208092150,196.0,0.9
202208092200,259.0,0.9
202208092210,217.0,0.9
202208092215,167.0,1.3
202208092220,246.0,1.3
202208092225,208.0,0.9
202208092235,229.0,0.9
202208092240,198.0,0.9
202208092245,238.0,0.9
202208092250,259.0,0.9
202208092255,218.0,0.4
202208092310,329.0,0.9
202208092320,,0.0
202208092340,256.0,0.4
202208092345,,0.0
202208092350,,0.0
202208100025,,0.0
202208100030,,0.0
202208100040,,0.0
202208100045,,0.0
202208100050,,0.0
202208100125,,0.0
202208100145,,0.0
202208100150,,0.0
202208100155,,0.0
202208100245,205.0,0.9
202208100300,189.0,2.2
202208100320,202.0,3.1
202208100330,208.0,3.1
202208100350,207.0,2.2
202208100355,217.0,2.2
202208100420,238.0,0.9
202208100425,,0.0
202208100430,,0.0
202208100435,,0.0
202208100440,,0.0
202208100450,,0.0
202208100455,,0.0
202208100510,,0.0
202208100520,,0.0
202208100530,,0.0
202208100535,,0.0
202208100550,,0.0
202208100555,,0.0
202208100610,,0.0
202208100615,,0.0
202208100630,,0.0
202208100650,,0.0
202208100700,,0.0
202208100710,,0.0
202208100730,,0.0
202208100735,,0.0
202208100745,,0.0
202208100750,,0.0
202208100800,,0.0
202208100810,234.0,0.9
202208100815,186.0,0.9
202208100820,192.0,0.9
202208100825,212.0,0.9
202208100850,,0.0
202208100855,,0.0
202208100915,,0.0
202208100920,,0.0
202208100930,,0.0
202208100945,,0.0
202208100955,,0.0
202208101000,,0.0
202208101015,,0.0
202208101030,,0.0
202208101035,,0.0
202208101040,,0.0
202208101100,,0.0
202208101115,,0.0
202208101120,,0.0
202208101125,,0.0
202208101135,,0.0
202208101140,,0.0
202208101200,,0.0
202208101230,,0.0
202208101250,,0.0
202208101255,,0.0
202208101310,,0.0
202208101315,,0.0
202208101320,,0.0
202208101325,,0.0
202208101330,,0.0
202208101335,305.0,0.4
202208101340,216.0,0.4
202208101345,,0.0
202208101420,201.0,0.9
202208101425,196.0,0.9
202208101430,300.0,0.9
202208101455,203.0,0.9
202208101500,197.0,0.9
202208101515,219.0,0.9
202208101520,243.0,0.9
202208101530,193.0,0.9
202208101535,249.0,0.9
202208101540,208.0,0.9
202208101545,266.0,0.9
202208101550,258.0,0.9
202208101555,53.0,0.9
202208101625,202.0,0.9
202208101700,207.0,0.9
202208101710,104.0,2.2
202208101715,203.0,1.3
202208101720,150.0,1.3
202208101730,221.0,0.9
202208101735,139.0,1.3
202208101740,206.0,1.3
202208101800,265.0,0.9
202208101810,272.0,0.9
202208101815,193.0,1.3
202208101830,357.0,0.9
202208101835,230.0,0.9
202208101845,311.0,0.9
202208101850,329.0,0.9
202208101910,,0.0
202208101920,314.0,0.9
202208101925,208.0,0.9
202208101935,214.0,1.3
202208101945,172.0,1.3
202208101950,350.0,1.3
202208101955,209.0,0.9
202208102000,231.0,0.9
202208102020,198.0,0.4
202208102035,210.0,1.3
202208102045,119.0,0.9
202208102055,262.0,2.2
202208102120,165.0,0.4
202208102135,316.0,0.9
202208102140,3.0,0.9
202208102145,348.0,0.9
202208102150,342.0,0.9
202208102155,249.0,0.4
202208102200,319.0,0.4
202208102220,209.0,0.4
202208102230,205.0,0.9
202208102330,,0.0
202208102340,,0.0
202208102345,,0.0
202208102350,,0.0
202208110015,,0.0
202208110030,,0.0
202208110050,,0.0
202208110110,188.0,4.5
202208110130,227.0,3.1
202208110135,214.0,2.2
202208110140,234.0,2.2
202208110145,194.0,0.9
202208110225,225.0,0.4
202208110240,,0.0
202208110255,,0.0
202208110300,,0.0
202208110315,,0.0
202208110330,,0.0
202208110335,,0.0
202208110340,,0.0
202208110345,,0.0
202208110350,,0.0
202208110415,,0.0
202208110440,,0.0
202208110455,,0.0
202208110515,,0.0
202208110535,,0.0
202208110540,,0.0
202208110550,,0.0
202208110610,,0.0
202208110620,,0.0
202208110630,,0.0
202208110635,,0.0
202208110645,,0.0
202208110650,,0.0
202208110655,,0.0
202208110715,,0.0
202208110720,,0.0
202208110745,,0.0
202208110750,,0.0
202208110755,,0.0
202208110810,,0.0
202208110815,,0.0
202208110825,,0.0
202208110835,,0.0
202208110845,,0.0
202208110850,,0.0
202208110910,,0.0
202208110940,,0.0
202208110945,,0.0
202208110955,217.0,0.4
202208111025,226.0,0.9
202208111030,210.0,0.9
202208111050,225.0,0.9
202208111100,191.0,0.4
202208111120,,0.0
202208111125,,0.0
202208111135,,0.0
202208111140,,0.0
202208111230,,0.0
202208111235,,0.0
202208111255,,0.0
202208111320,244.0,0.9
202208111325,,0.0
202208111335,,0.0
202208111355,,0.0
202208111410,,0.0
202208111440,,0.0
202208111445,,0.0
202208111450,,0.0
202208111455,,0.0
202208111500,,0.0
202208111530,,0.0
202208111540,,0.0
202208111555,,0.0
202208111600,,0.0
202208111610,,0.0
202208111615,,0.0
202208111620,,0.0
202208111630,,0.0
202208111635,,0.0
202208111645,,0.0
202208111715,,0.0
202208111720,,0.0
202208111730,,0.0
202208111735,179.0,0.9
202208111740,329.0,0.9
202208111750,192.0,0.9
202208111755,,0.0
202208111800,,0.0
202208111820,293.0,1.3
202208111835,282.0,0.4
202208111845,236.0,0.4
202208111850,81.0,0.4
202208111855,187.0,0.4
202208111910,226.0,0.9
202208111915,194.0,0.9
202208111940,310.0,2.2
202208112015,180.0,2.2
202208112025,160.0,1.3
202208112045,204.0,2.7
202208112100,214.0,2.2
202208112115,199.0,1.3
202208112125,206.0,2.2
202208112130,204.0,2.2
202208112145,149.0,2.7
202208112150,222.0,2.7
202208112155,165.0,2.2
202208112200,134.0,2.2
202208112225,200.0,2.2
202208112230,192.0,2.2
202208112235,218.0,2.2
202208112255,180.0,0.4
202208112300,217.0,0.4
202208112310,217.0,1.3
202208112330,196.0,0.4
202208112350,81.0,0.4
202208120000,,0.0
202208120015,,0.0
202208120030,,0.0
202208120045,,0.0
202208120115,,0.0
202208120125,,0.0
202208120130,,0.0
202208120210,,0.0
202208120220,,0.0
202208120225,,0.0
202208120230,,0.0
202208120235,,0.0
202208120240,,0.0
202208120245,,0.0
202208120255,,0.0
202208120320,,0.0
202208120325,,0.0
202208120345,,0.0
202208120350,,0.0
202208120355,,0.0
202208120400,,0.0
202208120420,,0.0
202208120425,,0.0
202208120430,,0.0
202208120445,,0.0
202208120550,,0.0
202208120555,198.0,0.4
202208120600,221.0,0.4
202208120635,,0.0
202208120640,,0.0
202208120700,,0.0
202208120725,,0.0
202208120745,227.0,0.4
202208120755,,0.0
202208120815,,0.0
202208120820,,0.0
202208120830,174.0,0.9
202208120835,227.0,0.4
202208120840,237.0,0.4
202208120845,210.0,0.4
202208120900,,0.0
202208120910,,0.0
202208120915,,0.0
202208120930,,0.0
202208120955,198.0,0.9
202208121025,,0.0
202208121050,,0.0
202208121055,210.0,0.9
202208121125,221.0,0.9
202208121130,209.0,0.9
202208121140,,0.0
202208121150,188.0,0.4
202208121155,200.0,0.9
202208121200,187.0,0.9
202208121215,,0.0
202208121230,,0.0
202208121310,217.0,0.9
202208121325,,0.0
202208121335,255.0,0.9
202208121340,213.0,0.9
202208121430,338.0,0.4
202208121440,304.0,0.9
202208121450,203.0,0.9
202208121500,189.0,0.9
202208121510,278.0,0.4
202208121530,,0.0
202208121545,273.0,0.9
202208121550,341.0,0.9
202208121555,236.0,0.4
202208121600,233.0,0.4
202208121615,,0.0
202208121625,,0.0
202208121635,,0.0
202208121645,,0.0
202208121650,,0.0
202208121655,,0.0
202208121700,,0.0
202208121710,,0.0
202208121720,285.0,0.4
202208121725,269.0,0.4
202208121810,350.0,0.9
202208121815,,0.0
202208121835,174.0,0.9
202208121840,186.0,0.9
202208121845,193.0,0.9
202208121855,216.0,0.9
202208121900,256.0,0.9
202208121915,273.0,0.9
202208121925,,0.0
202208121945,,0.0
202208122000,336.0,0.4
202208122015,8.0,0.9
202208122040,,0.0
202208122055,,0.0
202208122120,,0.0
202208122125,,0.0
202208122130,,0.0
202208122135,,0.0
202208122150,,0.0
202208122155,,0.0
202208122200,,0.0
202208122210,,0.0
202208122225,,0.0
202208122230,,0.0
202208122245,,0.0
202208122255,,0.0
202208122300,,0.0
202208122325,,0.0
202208122330,,0.0
202208122335,,0.0
202208122350,,0.0
202208130010,,0.0
202208130015,,0.0
202208130020,,0.0
202208130045,,0.0
202208130050,,0.0
202208130110,,0.0
202208130120,,0.0
202208130135,,0.0
202208130145,,0.0
202208130150,,0.0
202208130215,,0.0
202208130230,,0.0
202208130235,,0.0
202208130245,,0.0
202208130250,,0.0
202208130310,,0.0
202208130320,,0.0
202208130325,,0.0
202208130335,,0.0
202208130400,,0.0
202208130420,,0.0
202208130425,,0.0
202208130430,,0.0
202208130435,,0.0
202208130445,,0.0
202208130450,,0.0
202208130455,,0.0
202208130545,,0.0
202208130550,,0.0
202208130555,,0.0
202208130610,,0.0
202208130620,,0.0
202208130645,,0.0
202208130650,,0.0
202208130655,,0.0
202208130700,,0.0
202208130720,,0.0
202208130725,,0.0
202208130735,,0.0
202208130745,,0.0
202208130750,,0.0
202208130755,,0.0
202208130820,,0.0
202208130825,,0.0
202208130830,,0.0
202208130840,,0.0
202208130845,,0.0
202208130855,,0.0
202208130900,,0.0
202208130920,,0.0
202208130940,,0.0
202208130945,,0.0
202208130950,,0.0
202208130955,,0.0
202208131000,,0.0
202208131015,,0.0
202208131020,,0.0
202208131030,,0.0
202208131035,,0.0
202208131040,,0.0
202208131045,,0.0
202208131110,,0.0
202208131115,,0.0
202208131120,,0.0
202208131135,,0.0
202208131145,,0.0
202208131200,,0.0
202208131225,,0.0
202208131230,,0.0
202208131240,,0.0
202208131300,,0.0
202208131310,,0.0
202208131345,,0.0
202208131400,,0.0
202208131415,,0.0
202208131420,,0.0
202208131435,,0.0
202208131440,,0.0
202208131445,,0.0
202208131455,,0.0
202208131500,,0.0
202208131515,122.0,0.4
202208131525,64.0,0.4
202208131535,,0.0
202208131540,,0.0
202208131545,127.0,0.9
202208131550,57.0,0.9
202208131555,,0.0
202208131620,44.0,0.4
202208131630,,0.0
202208131640,105.0,0.4
202208131645,,0.0
202208131650,,0.0
202208131655,28.0,0.4
202208131710,7.0,0.4
202208131730,,0.0
202208131745,,0.0
202208131755,339.0,0.4
202208131800,74.0,0.4
202208131835,314.0,0.9
202208131910,126.0,0.9
202208131920,,0.0
202208131930,,0.0
202208131935,,0.0
202208131940,,0.0
202208131945,,0.0
202208131950,,0.0
202208131955,,0.0
202208132000,,0.0
202208132010,305.0,0.4
202208132015,336.0,0.9
202208132035,,0.0
202208132050,,0.0
202208132055,,0.0
202208132100,,0.0
202208132115,64.0,0.9
202208132130,,0.0
202208132145,,0.0
202208132150,,0.0
202208132210,41.0,0.4
202208132215,,0.0
202208132220,,0.0
202208132225,86.0,0.4
202208132235,,0.0
202208132300,,0.0
202208132310,,0.0
202208132320,,0.0
202208132340,,0.0
202208140000,,0.0
202208140025,,0.0
202208140040,,0.0
202208140100,,0.0
202208140110,,0.0
202208140120,,0.0
202208140145,,0.0
202208140155,,0.0
202208140200,,0.0
202208140215,,0.0
202208140220,,0.0
202208140240,,0.0
202208140245,,0.0
202208140255,,0.0
202208140300,,0.0
202208140310,,0.0
202208140330,,0.0
202208140335,,0.0
202208140350,,0.0
202208140355,,0.0
202208140415,,0.0
202208140420,,0.0
202208140430,,0.0
202208140445,,0.0
202208140500,,0.0
202208140530,,0.0
202208140545,,0.0
202208140555,,0.0
202208140600,,0.0
202208140615,,0.0
202208140625,,0.0
202208140630,,0.0
202208140650,,0.0
202208140655,,0.0
202208140710,,0.0
202208140715,,0.0
202208140725,,0.0
202208140730,,0.0
202208140735,,0.0
202208140740,,0.0
202208140750,,0.0
202208140755,,0.0
202208140810,,0.0
202208140815,,0.0
202208140830,,0.0
202208140840,,0.0
202208140845,,0.0
202208140850,,0.0
202208140855,,0.0
202208140900,,0.0
202208140915,,0.0
202208140940,,0.0
202208140950,,0.0
202208140955,,0.0
202208141000,,0.0
202208141010,,0.0
202208141015,,0.0
202208141020,,0.0
202208141025,,0.0
202208141030,,0.0
202208141035,,0.0
202208141050,,0.0
202208141130,,0.0
202208141135,,0.0
202208141140,,0.0
202208141145,,0.0
202208141150,,0.0
202208141155,,0.0
202208141200,,0.0
202208141215,,0.0
202208141225,,0.0
202208141230,,0.0
202208141235,,0.0
202208141240,,0.0
202208141310,,0.0
202208141315,,0.0
202208141345,,0.0
202208141400,,0.0
202208141410,,0.0
202208141415,,0.0
202208141420,,0.0
202208141425,,0.0
202208141430,,0.0
202208141440,,0.0
202208141445,,0.0
202208141450,,0.0
202208141455,,0.0
202208141500,,0.0
202208141515,132.0,0.9
202208141520,251.0,0.9
202208141525,,0.0
202208141545,,0.0
202208141600,,0.0
202208141610,,0.0
202208141615,,0.0
202208141625,9.0,0.4
202208141640,,0.0
202208141645,,0.0
202208141710,184.0,0.9
202208141720,234.0,0.9
202208141725,299.0,0.9
202208141730,312.0,0.9
202208141745,,0.0
202208141800,,0.0
202208141825,,0.0
202208141830,,0.0
202208141840,,0.0
202208141845,,0.0
202208141850,,0.0
202208141900,,0.0
202208141920,41.0,0.9
202208141930,358.0,0.4
202208141935,336.0,0.9
202208141940,337.0,0.9
202208141950,84.0,0.9
202208141955,120.0,0.9
202208142010,,0.0
202208142020,,0.0
202208142025,,0.0
202208142030,,0.0
202208142040,,0.0
202208142045,,0.0
202208142115,,0.0
202208142120,,0.0
202208142125,,0.0
202208142130,,0.0
202208142135,,0.0
202208142145,,0.0
202208142200,,0.0
202208142215,,0.0
202208142230,,0.0
202208142245,,0.0
202208142315,,0.0
202208142325,,0.0
202208142330,,0.0
202208142335,,0.0
202208142340,,0.0
202208142345,,0.0
202208142350,,0.0
202208150000,,0.0
202208150020,,0.0
202208150025,,0.0
202208150035,,0.0
202208150040,,0.0
202208150050,,0.0
202208150145,,0.0
202208150155,,0.0
202208150200,,0.0
202208150210,,0.0
202208150215,,0.0
202208150220,,0.0
202208150240,,0.0
202208150245,,0.0
202208150250,,0.0
202208150315,,0.0
202208150320,,0.0
202208150335,,0.0
202208150345,,0.0
202208150415,,0.0
202208150430,,0.0
202208150440,,0.0
202208150455,,0.0
202208150515,,0.0
202208150520,,0.0
202208150525,,0.0
202208150545,,0.0
202208150610,,0.0
202208150625,,0.0
202208150630,,0.0
202208150650,163.0,0.4
202208150700,179.0,0.4
202208150720,,0.0
202208150735,196.0,0.9
202208150800,188.0,0.9
202208150825,213.0,0.9
202208150840,205.0,1.3
202208150845,212.0,1.3
202208150855,209.0,2.2
202208150920,206.0,0.9
202208150925,211.0,0.9
202208150935,194.0,1.3
202208150940,189.0,1.3
202208150945,197.0,0.9
202208151000,234.0,0.9
202208151010,191.0,0.9
202208151025,220.0,0.9
202208151035,179.0,0.9
202208151110,,0.0
202208151115,,0.0
202208151125,,0.0
202208151135,,0.0
202208151220,184.0,0.9
202208151225,162.0,1.3
202208151230,203.0,1.3
202208151235,202.0,1.3
202208151245,200.0,0.9
202208151250,176.0,0.9
202208151255,158.0,0.9
202208151300,210.0,0.9
202208151315,219.0,1.3
202208151330,207.0,2.2
202208151335,198.0,2.2
202208151340,208.0,2.2
202208151345,189.0,0.9
202208151350,180.0,0.9
202208151415,243.0,0.9
202208151425,228.0,0.9
202208151435,279.0,2.2
202208151445,171.0,0.9
202208151500,213.0,1.3
202208151515,231.0,2.2
202208151520,214.0,2.2
202208151535,205.0,2.2
202208151540,248.0,2.2
202208151555,186.0,0.9
202208151610,207.0,0.9
202208151615,199.0,1.3
202208151620,123.0,1.3
202208151630,182.0,1.3
202208151645,172.0,2.7
202208151700,208.0,0.9
202208151710,168.0,2.7
202208151715,243.0,1.3
202208151720,189.0,1.3
202208151725,194.0,2.2
202208151735,160.0,2.7
202208151745,203.0,1.3
202208151750,205.0,1.3
202208151755,192.0,2.2
202208151810,19.0,2.2
202208151815,211.0,1.3
202208151825,190.0,1.3
202208151840,209.0,2.7
202208151850,197.0,0.9
202208151855,350.0,2.2
202208151910,208.0,1.3
202208151915,217.0,2.2
202208151920,180.0,2.2
202208151925,248.0,2.2
202208151936,238.0,2.2
202208151940,6.0,2.2
202208151945,317.0,1.3
202208152000,109.0,1.3
202208152010,186.0,2.2
202208152015,254.0,2.2
202208152040,323.0,1.3
202208152045,239.0,1.3
202208152050,207.0,1.3
202208152100,202.0,2.2
202208152125,158.0,1.3
202208152130,192.0,1.3
202208152135,183.0,1.3
202208152155,165.0,2.2
202208152215,167.0,2.2
202208152225,193.0,1.3
202208152240,288.0,1.3
202208152250,287.0,0.9
202208152325,213.0,0.9
202208152330,193.0,0.9
202208152345,211.0,0.9
202208152350,203.0,0.9
202208160010,,0.0
202208160015,198.0,0.9
202208160020,198.0,0.9
202208160030,224.0,2.7
202208160035,206.0,0.9
202208160045,185.0,1.3
202208160100,,0.0
202208160110,,0.0
202208160120,,0.0
202208160135,,0.0
202208160140,,0.0
202208160145,,0.0
202208160150,,0.0
202208160200,,0.0
202208160225,,0.0
202208160235,,0.0
202208160240,,0.0
202208160250,,0.0
202208160310,,0.0
202208160320,,0.0
202208160325,,0.0
202208160335,203.0,0.4
202208160345,194.0,0.9
202208160350,208.0,0.9
202208160400,237.0,0.9
202208160415,,0.0
202208160435,,0.0
202208160445,,0.0
202208160455,,0.0
202208160500,,0.0
202208160515,,0.0
202208160525,,0.0
202208160535,,0.0
202208160540,,0.0
202208160545,,0.0
202208160550,,0.0
202208160555,,0.0
202208160635,,0.0
202208160640,,0.0
202208160655,,0.0
202208160700,,0.0
202208160710,,0.0
202208160720,,0.0
202208160740,,0.0
202208160745,,0.0
202208160755,,0.0
202208160800,,0.0
202208160810,,0.0
202208160820,,0.0
202208160840,,0.0
202208160900,,0.0
202208160915,,0.0
202208160925,,0.0
202208160930,,0.0
202208160935,,0.0
202208160945,,0.0
202208160955,,0.0
202208161010,,0.0
202208161025,,0.0
202208161045,,0.0
202208161050,,0.0
202208161110,,0.0
202208161125,,0.0
202208161130,,0.0
202208161135,,0.0
202208161200,,0.0
202208161220,,0.0
202208161235,,0.0
202208161240,,0.0
202208161250,,0.0
202208161255,,0.0
202208161315,,0.0
202208161320,,0.0
202208161325,,0.0
202208161345,,0.0
202208161350,,0.0
202208161400,,0.0
202208161410,,0.0
202208161415,,0.0
202208161435,,0.0
202208161440,,0.0
202208161455,,0.0
202208161520,,0.0
202208161530,,0.0
202208161535,,0.0
202208161555,,0.0
202208161600,,0.0
202208161610,,0.0
202208161615,,0.0
202208161625,,0.0
202208161630,,0.0
202208161635,,0.0
202208161645,,0.0
202208161650,,0.0
202208161655,,0.0
202208161700,,0.0
202208161715,1.0,0.4
202208161725,,0.0
202208161730,,0.0
202208161735,348.0,0.4
202208161745,,0.0
202208161800,,0.0
202208161810,340.0,0.9
202208161845,78.0,0.4
202208161850,309.0,0.4
202208161930,,0.0
202208161945,,0.0
202208161950,,0.0
202208161955,,0.0
202208162015,,0.0
202208162030,,0.0
202208162035,124.0,0.4
202208162040,324.0,0.4
202208162045,333.0,0.4
202208162100,,0.0
202208162115,,0.0
202208162130,,0.0
202208162135,,0.0
202208162150,,0.0
202208162155,,0.0
202208162200,,0.0
202208162215,,0.0
202208162225,,0.0
202208162230,,0.0
202208162255,,0.0
202208162310,,0.0
202208162315,,0.0
202208162330,,0.0
202208162335,,0.0
202208162350,,0.0
202208162355,,0.0
202208170000,,0.0
202208170015,,0.0
202208170020,,0.0
202208170025,,0.0
202208170035,,0.0
202208170040,,0.0
202208170100,,0.0
202208170110,,0.0
202208170115,,0.0
202208170120,,0.0
202208170130,,0.0
202208170140,,0.0
202208170215,,0.0
202208170220,,0.0
202208170225,,0.0
202208170235,,0.0
202208170240,,0.0
202208170245,,0.0
202208170255,,0.0
202208170320,,0.0
202208170325,,0.0
202208170335,,0.0
202208170415,,0.0
202208170425,,0.0
202208170430,,0.0
202208170435,,0.0
202208170450,,0.0
202208170455,,0.0
202208170500,,0.0
202208170515,,0.0
202208170525,,0.0
202208170530,,0.0
202208170535,,0.0
202208170600,,0.0
202208170610,,0.0
202208170615,,0.0
202208170640,,0.0
202208170645,,0.0
202208170650,,0.0
202208170655,,0.0
202208170700,,0.0
202208170715,,0.0
202208170725,,0.0
202208170730,,0.0
202208170745,,0.0
202208170810,,0.0
202208170815,,0.0
202208170830,,0.0
202208170840,,0.0
202208170845,,0.0
202208170910,,0.0
202208170925,,0.0
202208170935,,0.0
202208170940,,0.0
202208170955,,0.0
202208171020,,0.0
202208171110,,0.0
202208171125,,0.0
202208171130,,0.0
202208171135,,0.0
202208171150,,0.0
202208171210,,0.0
202208171220,,0.0
202208171225,,0.0
202208171230,,0.0
202208171245,,0.0
202208171250,,0.0
202208171255,,0.0
202208171320,,0.0
202208171325,,0.0
202208171330,,0.0
202208171350,,0.0
202208171355,,0.0
202208171400,,0.0
202208171415,,0.0
202208171425,,0.0
202208171430,,0.0
202208171440,,0.0
202208171445,,0.0
202208171450,,0.0
202208171510,,0.0
202208171520,,0.0
202208171535,,0.0
202208171555,,0.0
202208171615,,0.0
202208171620,,0.0
202208171625,,0.0
202208171630,,0.0
202208171635,,0.0
202208171640,,0.0
202208171650,,0.0
202208171710,,0.0
202208171715,,0.0
202208171735,,0.0
202208171740,,0.0
202208171745,330.0,0.4
202208171800,,0.0
202208171815,,0.0
202208171830,,0.0
202208171835,,0.0
202208171840,,0.0
202208171845,319.0,0.4
202208171850,16.0,0.4
202208171910,,0.0
202208171925,,0.0
202208171930,,0.0
202208171940,,0.0
202208172000,,0.0
202208172015,,0.0
202208172025,,0.0
202208172035,,0.0
202208172040,,0.0
202208172045,,0.0
202208172050,,0.0
202208172100,,0.0
202208172110,,0.0
202208172125,,0.0
202208172130,,0.0
202208172145,,0.0
202208172150,,0.0
202208172200,,0.0
202208172220,,0.0
202208172225,,0.0
202208172235,,0.0
202208172240,,0.0
202208172255,,0.0
202208172315,,0.0
202208172325,,0.0
202208180015,,0.0
202208180040,,0.0
202208180055,,0.0
202208180110,,0.0
202208180115,,0.0
202208180120,,0.0
202208180135,,0.0
202208180145,,0.0
202208180150,,0.0
202208180210,,0.0
202208180215,,0.0
202208180220,,0.0
202208180230,,0.0
202208180235,,0.0
202208180240,,0.0
202208180245,,0.0
202208180250,,0.0
202208180310,,0.0
202208180320,,0.0
202208180325,,0.0
202208180330,,0.0
202208180345,,0.0
202208180350,,0.0
202208180400,,0.0
202208180415,,0.0
202208180430,,0.0
202208180440,,0.0
202208180445,,0.0
202208180455,,0.0
202208180500,,0.0
202208180530,,0.0
202208180535,,0.0
202208180545,,0.0
202208180555,,0.0
202208180600,,0.0
202208180610,,0.0
202208180615,,0.0
202208180620,,0.0
202208180625,,0.0
202208180635,,0.0
202208180640,,0.0
202208180650,,0.0
202208180700,,0.0
202208180710,,0.0
202208180715,,0.0
202208180720,,0.0
202208180725,,0.0
202208180740,,0.0
202208180750,,0.0
202208180755,,0.0
202208180810,,0.0
202208180815,,0.0
202208180820,,0.0
202208180835,,0.0
202208180845,,0.0
202208180850,,0.0
202208180920,,0.0
202208180935,,0.0
202208180940,,0.0
202208180945,,0.0
202208180950,,0.0
202208180955,,0.0
202208181000,,0.0
202208181015,,0.0
202208181020,,0.0
202208181025,,0.0
202208181030,,0.0
202208181050,,0.0
202208181055,,0.0
202208181100,,0.0
202208181115,,0.0
202208181140,,0.0
202208181150,,0.0
202208181215,,0.0
202208181230,,0.0
202208181235,,0.0
202208181240,,0.0
202208181250,,0.0
202208181345,,0.0
202208181400,,0.0
202208181410,,0.0
202208181415,,0.0
202208181425,,0.0
202208181435,,0.0
202208181450,,0.0
202208181455,,0.0
202208181500,,0.0
202208181510,,0.0
202208181515,,0.0
202208181520,,0.0
202208181525,,0.0
202208181530,,0.0
202208181535,,0.0
202208181545,,0.0
202208181555,,0.0
202208181610,,0.0
202208181615,,0.0
202208181625,,0.0
202208181630,,0.0
202208181635,,0.0
202208181645,,0.0
202208181700,,0.0
202208181720,,0.0
202208181725,,0.0
202208181735,,0.0
202208181740,,0.0
202208181750,,0.0
202208181815,,0.0
202208181820,,0.0
202208181825,,0.0
202208181835,,0.0
202208181845,,0.0
202208181900,,0.0
202208181915,,0.0
202208181920,,0.0
202208181925,,0.0
202208181950,,0.0
202208182010,,0.0
202208182015,,0.0
202208182020,,0.0
202208182025,,0.0
202208182050,,0.0
202208182110,,0.0
202208182120,,0.0
202208182125,,0.0
202208182130,,0.0
202208182150,,0.0
202208182155,,0.0
202208182200,,0.0
202208182210,,0.0
202208182215,,0.0
202208182225,,0.0
202208182310,,0.0
202208182320,,0.0
202208182325,,0.0
202208182330,,0.0
202208182350,,0.0
202208182355,,0.0
202208190000,,0.0
202208190010,,0.0
202208190040,,0.0
202208190050,,0.0
202208190130,,0.0
202208190135,,0.0
202208190140,,0.0
202208190145,,0.0
202208190210,,0.0
202208190220,,0.0
202208190235,,0.0
202208190240,,0.0
202208190245,,0.0
202208190255,,0.0
202208190300,,0.0
202208190310,,0.0
202208190315,,0.0
202208190325,,0.0
202208190330,,0.0
202208190335,,0.0
202208190345,,0.0
202208190355,,0.0
202208190400,,0.0
202208190410,,0.0
202208190415,,0.0
202208190420,,0.0
202208190430,,0.0
202208190435,,0.0
202208190440,,0.0
202208190445,,0.0
202208190455,,0.0
202208190500,,0.0
202208190520,,0.0
202208190525,,0.0
202208190540,,0.0
202208190545,,0.0
202208190550,,0.0
202208190555,,0.0
202208190600,,0.0
202208190610,,0.0
202208190615,,0.0
202208190630,,0.0
202208190635,,0.0
202208190655,,0.0
202208190710,,0.0
202208190720,,0.0
202208190725,,0.0
202208190740,,0.0
202208190810,,0.0
202208190820,,0.0
202208190835,,0.0
202208190915,,0.0
202208190920,,0.0
202208190930,,0.0
202208190940,,0.0
202208190945,,0.0
202208190955,,0.0
202208191030,,0.0
202208191035,,0.0
202208191045,,0.0
202208191055,,0.0
202208191100,,0.0
202208191125,,0.0
202208191130,,0.0
202208191135,,0.0
202208191150,,0.0
202208191155,,0.0
202208191215,,0.0
202208191220,,0.0
202208191230,,0.0
202208191255,,0.0
202208191310,,0.0
202208191315,,0.0
202208191345,,0.0
202208191350,,0.0
202208191400,,0.0
202208191425,,0.0
202208191430,,0.0
202208191445,,0.0
202208191450,,0.0
202208191455,,0.0
202208191500,,0.0
202208191520,,0.0
202208191545,,0.0
202208191555,,0.0
202208191620,,0.0
202208191625,,0.0
202208191630,,0.0
202208191640,,0.0
202208191655,,0.0
202208191700,,0.0
202208191710,,0.0
202208191730,,0.0
202208191735,,0.0
202208191740,,0.0
202208191750,,0.0
202208191815,,0.0
202208191840,,0.0
202208191850,,0.0
202208191900,,0.0
202208191910,,0.0
202208191920,342.0,0.4
202208191930,,0.0
202208191935,,0.0
202208191955,,0.0
202208192010,,0.0
202208192015,,0.0
202208192035,,0.0
202208192040,,0.0
202208192050,,0.0
202208192110,,0.0
202208192130,,0.0
202208192150,,0.0
202208192155,,0.0
202208192200,,0.0
202208192210,,0.0
202208192220,,0.0
202208192245,,0.0
202208192310,,0.0
202208192335,,0.0
202208192340,,0.0
202208192345,,0.0
202208192355,,0.0
202208200020,,0.0
202208200025,,0.0
202208200035,,0.0
202208200040,,0.0
202208200050,,0.0
202208200055,,0.0
202208200100,,0.0
202208200115,,0.0
202208200120,,0.0
202208200130,,0.0
202208200140,,0.0
202208200210,,0.0
202208200220,,0.0
202208200255,,0.0
202208200300,,0.0
202208200310,,0.0
202208200340,,0.0
202208200345,,0.0
202208200415,,0.0
202208200425,,0.0
202208200430,,0.0
202208200440,,0.0
202208200450,,0.0
202208200500,,0.0
202208200510,,0.0
202208200520,,0.0
202208200525,,0.0
202208200535,,0.0
202208200545,,0.0
202208200555,,0.0
202208200610,,0.0
202208200620,,0.0
202208200625,,0.0
202208200640,,0.0
202208200645,,0.0
202208200650,,0.0
202208200655,,0.0
202208200700,,0.0
202208200720,,0.0
202208200730,,0.0
202208200735,,0.0
202208200740,,0.0
202208200810,,0.0
202208200825,,0.0
202208200830,,0.0
202208200845,,0.0
202208200850,,0.0
202208200855,,0.0
202208200900,,0.0
202208200925,,0.0
202208200930,,0.0
202208200940,,0.0
202208201015,,0.0
202208201040,,0.0
202208201045,,0.0
202208201050,,0.0
202208201055,,0.0
202208201110,,0.0
202208201115,,0.0
202208201125,,0.0
202208201130,,0.0
202208201140,,0.0
202208201145,,0.0
202208201210,,0.0
202208201220,,0.0
202208201225,,0.0
202208201255,,0.0
202208201315,,0.0
202208201325,,0.0
202208201330,,0.0
202208201340,,0.0
202208201345,,0.0
202208201350,,0.0
202208201400,,0.0
202208201410,,0.0
202208201420,,0.0
202208201450,,0.0
202208201455,,0.0
202208201510,,0.0
202208201515,,0.0
202208201525,,0.0
202208201535,,0.0
202208201630,,0.0
202208201640,,0.0
202208201645,,0.0
202208201655,,0.0
202208201700,,0.0
202208201715,,0.0
202208201720,,0.0
202208201745,,0.0
202208201750,,0.0
202208201800,,0.0
202208201815,,0.0
202208201825,224.0,0.9
202208201850,289.0,0.9
202208201855,14.0,0.9
202208201900,312.0,0.9
202208201910,148.0,0.4
202208201930,234.0,0.9
202208201945,118.0,0.9
202208201950,184.0,0.9
202208201955,,0.0
202208202000,,0.0
202208202010,207.0,0.9
202208202015,179.0,1.3
202208202035,217.0,0.4
202208202040,168.0,0.4
202208202050,207.0,0.9
202208202110,206.0,0.4
202208202120,150.0,0.9
202208202130,233.0,0.9
202208202140,313.0,0.9
202208202150,336.0,0.4
202208202155,262.0,0.9
202208202200,188.0,0.9
202208202210,116.0,0.9
202208202320,,0.0
202208202330,,0.0
202208202335,,0.0
202208202340,,0.0
202208202345,,0.0
202208202350,,0.0
202208202355,,0.0
202208210000,,0.0
202208210010,,0.0
202208210025,,0.0
202208210030,,0.0
202208210035,,0.0
202208210050,,0.0
202208210100,,0.0
202208210115,,0.0
202208210120,,0.0
202208210130,,0.0
202208210135,,0.0
202208210140,,0.0
202208210150,,0.0
202208210155,,0.0
202208210200,,0.0
202208210215,,0.0
202208210225,,0.0
202208210230,,0.0
202208210240,,0.0
202208210245,,0.0
202208210250,,0.0
202208210300,,0.0
202208210335,,0.0
202208210340,,0.0
202208210410,,0.0
202208210420,,0.0
202208210435,,0.0
202208210440,,0.0
202208210450,,0.0
202208210500,174.0,0.4
202208210520,188.0,0.9
202208210550,206.0,2.2
202208210555,205.0,2.2
202208210600,197.0,2.2
202208210645,195.0,2.7
202208210650,219.0,2.7
202208210655,296.0,1.3
202208210700,332.0,1.3
202208210715,166.0,0.9
202208210725,193.0,0.9
202208210745,203.0,0.4
202208210815,,0.0
202208210840,,0.0
202208210845,,0.0
202208210855,,0.0
202208210915,,0.0
202208210920,,0.0
202208210955,,0.0
202208211015,,0.0
202208211025,,0.0
202208211035,,0.0
202208211040,,0.0
202208211055,,0.0
202208211100,,0.0
202208211135,,0.0
202208211140,,0.0
202208211200,,0.0
202208211230,,0.0
202208211235,,0.0
202208211240,,0.0
202208211310,,0.0
202208211335,,0.0
202208211340,,0.0
202208211350,,0.0
202208211355,,0.0
202208211400,,0.0
202208211410,,0.0
202208211420,,0.0
202208211425,,0.0
202208211430,,0.0
202208211440,,0.0
202208211445,,0.0
202208211515,,0.0
202208211525,,0.0
202208211530,,0.0
202208211535,,0.0
202208211540,,0.0
202208211545,,0.0
202208211550,,0.0
202208211555,,0.0
202208211600,,0.0
202208211635,,0.0
202208211700,,0.0
202208211710,,0.0
202208211725,,0.0
202208211735,,0.0
202208211740,,0.0
202208211750,,0.0
202208211755,,0.0
202208211810,,0.0
202208211815,,0.0
202208211820,,0.0
202208211825,,0.0
202208211830,,0.0
202208211835,121.0,0.4
202208211840,326.0,0.4
202208211845,,0.0
202208211850,,0.0
202208211900,311.0,0.4
202208211910,,0.0
202208211935,325.0,0.9
202208211950,,0.0
202208211955,,0.0
202208212000,,0.0
202208212015,,0.0
202208212025,227.0,0.4
202208212035,,0.0
202208212045,,0.0
202208212055,,0.0
202208212115,141.0,0.9
202208212120,143.0,0.9
202208212145,186.0,0.4
202208212225,187.0,0.9
202208212230,220.0,0.9
202208212240,164.0,0.4
202208212315,212.0,0.9
202208212320,181.0,0.9
202208212325,125.0,0.9
202208212330,131.0,0.9
202208212340,,0.0
202208212345,,0.0
202208212355,,0.0
202208220000,,0.0
202208220030,,0.0
202208220040,,0.0
202208220045,,0.0
202208220135,210.0,0.9
202208220140,216.0,0.9
202208220200,,0.0
202208220210,,0.0
202208220220,,0.0
202208220235,,0.0
202208220240,,0.0
202208220250,,0.0
202208220320,,0.0
202208220325,,0.0
202208220330,,0.0
202208220335,,0.0
202208220340,,0.0
202208220345,,0.0
202208220410,,0.0
202208220430,,0.0
202208220440,,0.0
202208220445,217.0,0.4
202208220500,,0.0
202208220510,182.0,0.9
202208220515,,0.0
202208220525,,0.0
202208220530,,0.0
202208220600,,0.0
202208220610,,0.0
202208220615,,0.0
202208220625,,0.0
202208220635,,0.0
202208220645,,0.0
202208220650,,0.0
202208220745,190.0,0.4
202208220750,188.0,0.4
202208220815,,0.0
202208220820,,0.0
202208220825,231.0,0.9
202208220835,235.0,0.9
202208220850,,0.0
202208220915,,0.0
202208220920,,0.0
202208220925,182.0,0.4
202208220930,184.0,0.4
202208220935,246.0,0.4
202208220940,212.0,0.4
202208220950,208.0,0.4
202208221020,208.0,0.4
202208221025,225.0,0.4
202208221030,220.0,0.4
202208221035,,0.0
202208221045,,0.0
202208221050,,0.0
202208221055,,0.0
202208221100,,0.0
202208221110,,0.0
202208221120,,0.0
202208221130,,0.0
202208221135,,0.0
202208221200,,0.0
202208221210,,0.0
202208221220,,0.0
202208221225,,0.0
202208221240,,0.0
202208221310,233.0,0.4
202208221315,,0.0
202208221325,,0.0
202208221330,,0.0
202208221355,196.0,0.4
202208221415,,0.0
202208221420,,0.0
202208221425,,0.0
202208221455,,0.0
202208221535,,0.0
202208221555,16.0,0.4
202208221625,195.0,0.9
202208221630,238.0,0.9
202208221650,179.0,1.3
202208221710,212.0,0.9
202208221715,211.0,1.3
202208221720,200.0,1.3
202208221725,226.0,0.9
202208221735,183.0,2.2
202208221750,217.0,0.9
202208221755,212.0,1.3
202208221825,196.0,0.9
202208221830,193.0,0.9
202208221835,223.0,0.9
202208221840,218.0,0.9
202208221850,190.0,0.9
202208221900,253.0,1.3
202208221930,224.0,2.2
202208221945,,0.0
202208221950,,0.0
202208221955,,0.0
202208222000,,0.0
202208222010,,0.0
202208222015,204.0,0.9
202208222035,213.0,1.3
202208222040,191.0,1.3
202208222045,265.0,0.9
202208222055,192.0,0.9
202208222100,176.0,0.9
202208222115,55.0,0.9
202208222130,313.0,1.3
202208222135,212.0,0.9
202208222140,201.0,0.9
202208222210,203.0,0.9
202208222215,177.0,0.9
202208222225,199.0,0.9
202208222230,204.0,0.9
202208222240,197.0,0.9
202208222250,180.0,0.9
202208222315,205.0,0.4
202208222340,,0.0
202208222345,,0.0
202208230000,,0.0
202208230010,220.0,0.9
202208230015,230.0,0.9
202208230020,211.0,0.9
202208230025,203.0,0.4
202208230050,223.0,0.9
202208230055,227.0,0.9
202208230100,207.0,0.9
202208230110,217.0,0.9
202208230120,218.0,0.4
202208230125,,0.0
202208230135,216.0,0.4
202208230140,214.0,0.4
202208230150,208.0,0.4
202208230155,203.0,0.4
202208230240,,0.0
202208230245,,0.0
202208230250,,0.0
202208230300,,0.0
202208230320,,0.0
202208230345,,0.0
202208230350,,0.0
202208230415,,0.0
202208230430,,0.0
202208230445,,0.0
202208230510,,0.0
202208230525,,0.0
202208230535,,0.0
202208230540,,0.0
202208230550,,0.0
202208230600,,0.0
202208230610,,0.0
202208230625,,0.0
202208230720,,0.0
202208230730,,0.0
202208230735,,0.0
202208230755,,0.0
202208230815,,0.0
202208230820,,0.0
202208230825,,0.0
202208230915,,0.0
202208230920,,0.0
202208231000,,0.0
202208231015,,0.0
202208231045,,0.0
202208231100,,0.0
202208231110,,0.0
202208231120,,0.0
202208231130,,0.0
202208231145,,0.0
202208231200,,0.0
202208231210,,0.0
202208231215,,0.0
202208231220,,0.0
202208231225,,0.0
202208231240,,0.0
202208231245,,0.0
202208231250,,0.0
202208231255,,0.0
202208231300,,0.0
202208231320,,0.0
202208231355,,0.0
202208231415,,0.0
202208231420,,0.0
202208231425,,0.0
202208231430,,0.0
202208231435,,0.0
202208231440,,0.0
202208231445,,0.0
202208231455,,0.0
202208231520,,0.0
202208231525,,0.0
202208231530,,0.0
202208231545,,0.0
202208231550,,0.0
202208231555,,0.0
202208231615,,0.0
202208231620,,0.0
202208231625,,0.0
202208231640,,0.0
202208231645,,0.0
202208231650,,0.0
202208231700,,0.0
202208231720,,0.0
202208231725,,0.0
202208231730,,0.0
202208231745,314.0,0.4
202208231810,,0.0
202208231815,,0.0
202208231840,,0.0
202208231855,,0.0
202208231915,,0.0
202208231940,194.0,0.9
202208231945,188.0,0.4
202208231955,311.0,0.9
202208232000,6.0,0.9
202208232010,,0.0
202208232020,16.0,0.4
202208232025,,0.0
202208232030,,0.0
202208232040,,0.0
202208232100,,0.0
202208232115,,0.0
202208232130,3.0,0.4
202208232140,,0.0
202208232145,,0.0
202208232150,,0.0
202208232155,,0.0
202208232215,4.0,0.4
202208232220,328.0,0.4
202208232230,,0.0
202208232250,,0.0
202208232315,,0.0
202208232320,,0.0
202208232325,,0.0
202208232350,,0.0
202208240000,,0.0
202208240015,,0.0
202208240025,,0.0
202208240030,,0.0
202208240040,,0.0
202208240100,,0.0
202208240120,,0.0
202208240135,,0.0
202208240140,,0.0
202208240145,,0.0
202208240155,,0.0
202208240200,,0.0
202208240210,,0.0
202208240225,,0.0
202208240235,,0.0
202208240315,,0.0
202208240335,,0.0
202208240340,,0.0
202208240345,,0.0
202208240355,,0.0
202208240410,,0.0
202208240425,,0.0
202208240450,,0.0
202208240455,,0.0
202208240515,,0.0
202208240520,,0.0
202208240525,,0.0
202208240535,,0.0
202208240615,,0.0
202208240620,,0.0
202208240625,,0.0
202208240630,,0.0
202208240635,,0.0
202208240645,,0.0
202208240700,,0.0
202208240715,,0.0
202208240720,,0.0
202208240730,,0.0
202208240735,,0.0
202208240745,,0.0
202208240800,,0.0
202208240820,,0.0
202208240825,,0.0
202208240840,,0.0
202208240845,,0.0
202208240855,,0.0
202208240935,,0.0
202208241000,,0.0
202208241010,,0.0
202208241030,,0.0
202208241035,,0.0
202208241040,,0.0
202208241045,,0.0
202208241050,,0.0
202208241055,,0.0
202208241135,,0.0
202208241145,,0.0
202208241150,,0.0
202208241210,,0.0
202208241215,,0.0
202208241220,,0.0
202208241225,,0.0
202208241235,,0.0
202208241240,,0.0
202208241300,,0.0
202208241330,,0.0
202208241340,,0.0
202208241345,,0.0
202208241355,,0.0
202208241415,,0.0
202208241420,,0.0
202208241425,,0.0
202208241455,,0.0
202208241515,332.0,0.4
202208241520,113.0,0.4
202208241530,,0.0
202208241540,,0.0
202208241545,,0.0
202208241555,,0.0
202208241600,,0.0
202208241615,257.0,0.9
202208241620,310.0,0.9
202208241625,,0.0
202208241630,,0.0
202208241640,217.0,0.4
202208241645,,0.0
202208241710,,0.0
202208241715,,0.0
202208241725,,0.0
202208241730,,0.0
202208241740,,0.0
202208241745,,0.0
202208241810,,0.0
202208241825,,0.0
202208241840,,0.0
202208241845,,0.0
202208241850,,0.0
202208241855,,0.0
202208241900,,0.0
202208241910,,0.0
202208241915,,0.0
202208241920,,0.0
202208241925,,0.0
202208241945,,0.0
202208241955,,0.0
202208242000,,0.0
202208242020,,0.0
202208242025,,0.0
202208242040,186.0,0.9
202208242100,213.0,0.9
202208242110,202.0,0.9
202208242125,,0.0
202208242140,,0.0
202208242150,,0.0
202208242210,,0.0
202208242220,,0.0
202208242225,,0.0
202208242230,,0.0
202208242240,,0.0
202208242300,,0.0
202208242310,,0.0
202208242325,,0.0
202208242335,,0.0
202208242355,,0.0
202208250025,,0.0
202208250030,,0.0
202208250055,,0.0
202208250100,,0.0
202208250110,,0.0
202208250125,,0.0
202208250130,,0.0
202208250135,,0.0
202208250140,,0.0
202208250145,,0.0
202208250150,,0.0
202208250215,,0.0
202208250220,,0.0
202208250230,,0.0
202208250235,,0.0
202208250300,,0.0
202208250310,,0.0
202208250340,,0.0
202208250355,,0.0
202208250400,,0.0
202208250410,,0.0
202208250415,,0.0
202208250420,,0.0
202208250430,,0.0
202208250445,,0.0
202208250455,162.0,0.4
202208250515,235.0,2.7
202208250520,208.0,2.7
202208250535,,0.0
202208250540,,0.0
202208250545,,0.0
202208250550,,0.0
202208250610,,0.0
202208250625,,0.0
202208250640,,0.0
202208250715,,0.0
202208250810,,0.0
202208250820,,0.0
202208250840,,0.0
202208250850,,0.0
202208250900,,0.0
202208250910,,0.0
202208250930,,0.0
202208250945,,0.0
202208251010,,0.0
202208251100,,0.0
202208251110,,0.0
202208251115,,0.0
202208251120,,0.0
202208251125,,0.0
202208251150,,0.0
202208251155,,0.0
202208251200,,0.0
202208251210,,0.0
202208251220,,0.0
202208251225,,0.0
202208251235,,0.0
202208251245,,0.0
202208251250,,0.0
202208251310,,0.0
202208251330,,0.0
202208251335,,0.0
202208251340,,0.0
202208251355,,0.0
202208251400,,0.0
202208251425,,0.0
202208251435,,0.0
202208251440,,0.0
202208251445,,0.0
202208251450,,0.0
202208251500,,0.0
202208251510,,0.0
202208251530,,0.0
202208251535,,0.0
202208251550,,0.0
202208251555,,0.0
202208251600,,0.0
202208251610,,0.0
202208251620,,0.0
202208251625,,0.0
202208251630,,0.0
202208251635,,0.0
202208251640,,0.0
202208251655,,0.0
202208251700,,0.0
202208251710,,0.0
202208251735,,0.0
202208251755,,0.0
202208251810,,0.0
202208251825,,0.0
202208251830,,0.0
202208251840,,0.0
202208251920,,0.0
202208251925,,0.0
202208251935,,0.0
202208251950,,0.0
202208252010,,0.0
202208252015,,0.0
202208252020,,0.0
202208252025,,0.0
202208252030,,0.0
202208252045,,0.0
202208252050,,0.0
202208252110,,0.0
202208252115,,0.0
202208252120,,0.0
202208252155,,0.0
202208252215,,0.0
202208252225,,0.0
202208252230,,0.0
202208252235,,0.0
202208252240,,0.0
202208252245,,0.0
202208252320,,0.0
202208252325,,0.0
202208252335,,0.0
202208252355,,0.0
202208260000,,0.0
202208260025,,0.0
202208260035,,0.0
202208260040,,0.0
202208260100,,0.0
202208260115,,0.0
202208260150,,0.0
202208260155,,0.0
202208260215,,0.0
202208260235,,0.0
202208260245,,0.0
202208260250,,0.0
202208260310,,0.0
202208260315,,0.0
202208260330,,0.0
202208260340,,0.0
202208260345,,0.0
202208260410,,0.0
202208260415,,0.0
202208260425,,0.0
202208260430,,0.0
202208260445,,0.0
202208260455,,0.0
202208260500,,0.0
202208260520,,0.0
202208260530,,0.0
202208260555,,0.0
202208260610,,0.0
202208260615,,0.0
202208260620,,0.0
202208260625,,0.0
202208260635,,0.0
202208260640,,0.0
202208260650,,0.0
202208260720,,0.0
202208260735,,0.0
202208260740,,0.0
202208260745,,0.0
202208260750,,0.0
202208260800,,0.0
202208260810,,0.0
202208260815,,0.0
202208260825,,0.0
202208260835,,0.0
202208260900,,0.0
202208260920,,0.0
202208260940,,0.0
202208260945,,0.0
202208261015,,0.0
202208261020,,0.0
202208261025,,0.0
202208261050,,0.0
202208261115,,0.0
202208261120,,0.0
202208261135,,0.0
202208261215,,0.0
202208261220,,0.0
202208261225,,0.0
202208261230,,0.0
202208261250,,0.0
202208261255,,0.0
202208261315,,0.0
202208261320,,0.0
202208261325,,0.0
202208261335,,0.0
202208261350,,0.0
202208261355,,0.0
202208261400,,0.0
202208261415,,0.0
202208261420,,0.0
202208261425,,0.0
202208261435,,0.0
202208261440,,0.0
202208261445,,0.0
202208261455,,0.0
202208261500,,0.0
202208261530,,0.0
202208261535,,0.0
202208261545,,0.0
202208261600,,0.0
202208261615,,0.0
202208261630,,0.0
202208261640,,0.0
202208261655,,0.0
202208261710,,0.0
202208261730,,0.0
202208261740,,0.0
202208261825,,0.0
202208261840,,0.0
202208261845,,0.0
202208261850,,0.0
202208261950,,0.0
202208261955,,0.0
202208262010,311.0,0.4
202208262035,173.0,0.4
202208262040,166.0,0.4
202208262100,,0.0
202208262120,,0.0
202208262125,,0.0
202208262145,,0.0
202208262155,,0.0
202208262200,,0.0
202208262225,,0.0
202208262235,,0.0
202208262250,,0.0
202208262255,,0.0
202208262310,,0.0
202208262320,,0.0
202208262330,,0.0
202208262355,,0.0
202208270025,,0.0
202208270030,,0.0
202208270040,,0.0
202208270045,,0.0
202208270050,,0.0
202208270100,,0.0
202208270115,,0.0
202208270120,,0.0
202208270135,,0.0
202208270150,,0.0
202208270200,,0.0
202208270210,,0.0
202208270215,,0.0
202208270220,,0.0
202208270225,,0.0
202208270230,,0.0
202208270235,,0.0
202208270250,,0.0
202208270300,,0.0
202208270310,,0.0
202208270320,,0.0
202208270325,,0.0
202208270330,,0.0
202208270400,,0.0
202208270420,,0.0
202208270425,,0.0
202208270435,,0.0
202208270440,,0.0
202208270445,,0.0
202208270450,,0.0
202208270455,,0.0
202208270515,,0.0
202208270520,,0.0
202208270525,,0.0
202208270550,,0.0
202208270610,,0.0
202208270615,,0.0
202208270640,,0.0
202208270645,,0.0
202208270650,,0.0
202208270710,,0.0
202208270725,,0.0
202208270735,,0.0
202208270740,,0.0
202208270755,,0.0
202208270825,,0.0
202208270830,,0.0
202208270850,,0.0
202208270855,,0.0
202208270900,,0.0
202208270915,,0.0
202208270920,,0.0
202208270940,,0.0
202208270950,,0.0
202208270955,,0.0
202208271000,,0.0
202208271025,,0.0
202208271030,,0.0
202208271050,,0.0
202208271055,,0.0
202208271125,,0.0
202208271140,,0.0
202208271145,,0.0
202208271150,,0.0
202208271220,,0.0
202208271225,,0.0
202208271230,,0.0
202208271235,,0.0
202208271240,,0.0
202208271245,,0.0
202208271255,,0.0
202208271310,,0.0
202208271315,,0.0
202208271320,,0.0
202208271325,,0.0
202208271335,,0.0
202208271340,,0.0
202208271440,,0.0
202208271455,,0.0
202208271525,,0.0
202208271530,,0.0
202208271545,,0.0
202208271550,,0.0
202208271620,,0.0
202208271635,,0.0
202208271640,,0.0
202208271645,,0.0
202208271710,,0.0
202208271715,,0.0
202208271720,,0.0
202208271735,,0.0
202208271745,,0.0
202208271755,,0.0
202208271810,,0.0
202208271825,,0.0
202208271830,,0.0
202208271835,,0.0
202208271840,,0.0
202208271915,,0.0
202208271920,,0.0
202208271930,,0.0
202208271935,,0.0
202208271940,,0.0
202208271950,,0.0
202208272000,,0.0
202208272025,,0.0
202208272030,,0.0
202208272040,,0.0
202208272100,,0.0
202208272125,,0.0
202208272145,,0.0
202208272200,,0.0
202208272220,,0.0
202208272245,,0.0
202208272250,,0.0
202208272300,,0.0
202208272310,,0.0
202208272320,,0.0
202208272335,,0.0
202208272345,,0.0
202208272355,,0.0
202208280010,,0.0
202208280025,,0.0
202208280035,,0.0
202208280050,,0.0
202208280055,,0.0
202208280110,,0.0
202208280115,,0.0
202208280120,,0.0
202208280140,,0.0
202208280145,,0.0
202208280150,,0.0
202208280200,,0.0
202208280215,,0.0
202208280225,,0.0
202208280230,,0.0
202208280240,,0.0
202208280245,,0.0
202208280300,,0.0
202208280310,,0.0
202208280315,,0.0
202208280325,,0.0
202208280330,,0.0
202208280345,,0.0
202208280355,,0.0
202208280400,,0.0
202208280410,,0.0
202208280425,,0.0
202208280435,,0.0
202208280440,,0.0
202208280445,,0.0
202208280510,,0.0
202208280550,,0.0
202208280620,,0.0
202208280630,,0.0
202208280635,,0.0
202208280640,,0.0
202208280645,,0.0
202208280650,,0.0
202208280710,,0.0
202208280715,,0.0
202208280720,,0.0
202208280740,,0.0
202208280800,,0.0
202208280810,,0.0
202208280825,,0.0
202208280850,,0.0
202208280900,,0.0
202208280930,,0.0
202208280940,,0.0
202208280945,,0.0
202208280950,,0.0
202208281015,,0.0
202208281025,,0.0
202208281035,,0.0
202208281055,,0.0
202208281110,,0.0
202208281125,,0.0
202208281140,,0.0
202208281145,,0.0
202208281210,,0.0
202208281220,,0.0
202208281230,,0.0
202208281245,,0.0
202208281250,,0.0
202208281300,,0.0
202208281315,,0.0
202208281325,,0.0
202208281345,,0.0
202208281355,,0.0
202208281400,,0.0
202208281415,,0.0
202208281500,,0.0
202208281510,,0.0
202208281520,,0.0
202208281540,,0.0
202208281550,,0.0
202208281600,,0.0
202208281610,,0.0
202208281625,,0.0
202208281635,,0.0
202208281655,,0.0
202208281700,,0.0
202208281725,,0.0
202208281730,,0.0
202208281745,,0.0
202208281750,,0.0
202208281800,,0.0
202208281815,,0.0
202208281820,,0.0
202208281835,,0.0
202208281900,,0.0
202208281915,,0.0
202208281920,,0.0
202208281940,,0.0
202208281945,,0.0
202208281955,,0.0
202208282015,,0.0
202208282020,,0.0
202208282025,,0.0
202208282035,,0.0
202208282045,,0.0
202208282050,,0.0
202208282055,,0.0
202208282100,,0.0
202208282110,,0.0
202208282135,,0.0
202208282140,,0.0
202208282145,,0.0
202208282155,,0.0
202208282210,,0.0
202208282215,,0.0
202208282230,,0.0
202208282235,,0.0
202208282240,,0.0
202208282255,,0.0
202208282315,,0.0
202208282320,,0.0
202208282325,,0.0
202208282335,,0.0
202208282345,,0.0
202208282355,,0.0
202208290000,,0.0
202208290010,,0.0
202208290025,,0.0
202208290050,,0.0
202208290055,,0.0
202208290120,,0.0
202208290130,,0.0
202208290135,,0.0
202208290140,,0.0
202208290145,,0.0
202208290155,,0.0
202208290215,,0.0
202208290235,,0.0
202208290250,,0.0
202208290300,,0.0
202208290315,,0.0
202208290325,,0.0
202208290330,,0.0
202208290340,,0.0
202208290345,,0.0
202208290350,,0.0
202208290400,,0.0
202208290410,,0.0
202208290430,,0.0
202208290500,,0.0
202208290510,,0.0
202208290520,,0.0
202208290525,,0.0
202208290535,,0.0
202208290545,,0.0
202208290555,,0.0
202208290600,,0.0
202208290615,,0.0
202208290640,,0.0
202208290700,,0.0
202208290715,,0.0
202208290725,,0.0
202208290730,,0.0
202208290735,,0.0
202208290750,,0.0
202208290815,,0.0
202208290820,,0.0
202208290840,,0.0
202208290845,,0.0
202208290855,,0.0
202208290900,,0.0
202208290915,,0.0
202208290920,,0.0
202208290925,,0.0
202208290930,,0.0
202208290940,,0.0
202208290950,,0.0
202208290955,,0.0
202208291010,,0.0
202208291020,,0.0
202208291025,,0.0
202208291045,,0.0
202208291050,,0.0
202208291055,,0.0
202208291100,,0.0
202208291110,,0.0
202208291115,,0.0
202208291120,,0.0
202208291130,,0.0
202208291150,,0.0
202208291155,,0.0
202208291200,,0.0
202208291215,,0.0
202208291235,,0.0
202208291255,,0.0
202208291315,,0.0
202208291330,,0.0
202208291335,,0.0
202208291340,,0.0
202208291400,,0.0
202208291420,,0.0
202208291425,,0.0
202208291430,,0.0
202208291440,,0.0
202208291500,,0.0
202208291515,,0.0
202208291525,,0.0
202208291550,,0.0
202208291615,,0.0
202208291625,,0.0
202208291640,,0.0
202208291645,,0.0
202208291715,,0.0
202208291735,,0.0
202208291745,,0.0
202208291750,,0.0
202208291755,,0.0
202208291800,,0.0
202208291810,,0.0
202208291825,,0.0
202208291835,,0.0
202208291840,,0.0
202208291845,,0.0
202208291850,,0.0
202208291900,,0.0
202208291910,,0.0
202208291920,,0.0
202208291930,,0.0
202208291935,,0.0
202208291950,,0.0
202208291955,,0.0
202208292025,,0.0
202208292040,,0.0
202208292055,,0.0
202208292100,,0.0
202208292110,,0.0
202208292125,,0.0
202208292130,,0.0
202208292140,,0.0
202208292145,,0.0
202208292210,,0.0
202208292220,,0.0
202208292225,,0.0
202208292235,,0.0
202208292245,,0.0
202208292250,,0.0
202208292315,,0.0
202208292320,,0.0
202208292325,,0.0
202208292335,,0.0
202208292340,,0.0
202208292355,,0.0
202208300030,,0.0
202208300035,,0.0
202208300040,,0.0
202208300045,,0.0
202208300110,,0.0
202208300125,,0.0
202208300150,,0.0
202208300215,,0.0
202208300230,,0.0
202208300240,,0.0
202208300245,,0.0
202208300250,,0.0
202208300255,,0.0
202208300315,,0.0
202208300335,,0.0
202208300355,,0.0
202208300400,,0.0
202208300410,,0.0
202208300420,,0.0
202208300425,,0.0
202208300435,,0.0
202208300440,,0.0
202208300450,,0.0
202208300455,,0.0
202208300520,,0.0
202208300530,,0.0
202208300540,,0.0
202208300550,,0.0
202208300620,,0.0
202208300625,,0.0
202208300640,,0.0
202208300645,,0.0
202208300655,,0.0
202208300715,,0.0
202208300735,,0.0
202208300740,,0.0
202208300800,,0.0
202208300820,,0.0
202208300845,,0.0
202208300855,,0.0
202208300920,,0.0
202208300925,,0.0
202208300945,,0.0
202208300950,,0.0
202208300955,,0.0
202208301000,,0.0
202208301025,,0.0
202208301035,,0.0
202208301040,,0.0
202208301055,,0.0
202208301100,,0.0
202208301110,,0.0
202208301120,,0.0
202208301135,,0.0
202208301145,,0.0
202208301150,,0.0
202208301200,,0.0
202208301215,,0.0
202208301245,,0.0
202208301300,,0.0
202208301310,,0.0
202208301330,,0.0
202208301350,,0.0
202208301355,,0.0
202208301410,,0.0
202208301415,,0.0
202208301430,,0.0
202208301440,,0.0
202208301450,,0.0
202208301510,,0.0
202208301520,,0.0
202208301530,,0.0
202208301535,,0.0
202208301540,,0.0
202208301555,,0.0
202208301620,,0.0
202208301625,,0.0
202208301655,,0.0
202208301710,,0.0
202208301720,,0.0
202208301745,,0.0
202208301750,,0.0
202208301810,,0.0
202208301830,,0.0
202208301835,,0.0
202208301840,,0.0
202208301845,,0.0
202208301855,,0.0
202208301910,,0.0
202208301925,,0.0
202208301940,,0.0
202208301955,,0.0
202208302025,,0.0
202208302030,,0.0
202208302045,,0.0
202208302050,,0.0
202208302055,,0.0
202208302120,,0.0
202208302130,,0.0
202208302135,,0.0
202208302145,,0.0
202208302200,,0.0
202208302220,,0.0
202208302245,,0.0
202208302250,,0.0
202208302255,,0.0
202208302335,,0.0
202208302340,,0.0
202208302350,,0.0
202208302355,,0.0
202208310010,,0.0
202208310020,,0.0
202208310040,,0.0
202208310045,,0.0
202208310055,,0.0
202208310100,,0.0
202208310115,,0.0
202208310120,,0.0
202208310130,,0.0
202208310150,,0.0
202208310210,,0.0
202208310220,,0.0
202208310230,,0.0
202208310245,,0.0
202208310250,,0.0
202208310310,,0.0
202208310315,,0.0
202208310320,,0.0
202208310330,,0.0
202208310335,,0.0
202208310340,,0.0
202208310345,,0.0
202208310350,,0.0
202208310355,,0.0
202208310400,,0.0
202208310420,,0.0
202208310440,,0.0
202208310450,,0.0
202208310455,,0.0
202208310510,,0.0
202208310520,,0.0
202208310525,,0.0
202208310530,,0.0
202208310535,,0.0
202208310545,,0.0
202208310555,,0.0
202208310615,,0.0
202208310620,,0.0
202208310635,,0.0
202208310640,,0.0
202208310700,,0.0
202208310715,,0.0
202208310720,,0.0
202208310740,,0.0
202208310755,,0.0
202208310810,,0.0
202208310815,,0.0
202208310825,,0.0
202208310830,,0.0
202208310845,,0.0
202208310900,,0.0
202208310910,,0.0
202208310925,,0.0
202208310930,,0.0
202208310945,,0.0
202208310955,,0.0
202208311000,,0.0
202208311010,,0.0
202208311020,,0.0
202208311045,,0.0
202208311050,,0.0
202208311120,,0.0
202208311140,,0.0
202208311225,,0.0
202208311235,,0.0
202208311240,,0.0
202208311250,,0.0
202208311255,,0.0
202208311310,,0.0
202208311315,,0.0
202208311320,,0.0
202208311325,,0.0
202208311330,,0.0
202208311340,,0.0
202208311400,,0.0
202208311410,,0.0
202208311415,,0.0
202208311435,,0.0
202208311450,,0.0
202208311500,,0.0
202208311510,,0.0
202208311515,,0.0
202208311520,,0.0
202208311525,,0.0
202208311530,,0.0
202208311600,,0.0
202208311610,,0.0
202208311615,,0.0
202208311620,,0.0
202208311635,,0.0
202208311640,,0.0
202208311645,,0.0
202208311655,,0.0
202208311700,,0.0
202208311710,,0.0
202208311730,,0.0
202208311735,,0.0
202208311745,,0.0
202208311755,,0.0
202208311820,,0.0
202208311825,,0.0
202208311845,,0.0
202208311855,,0.0
202208311900,,0.0
202208311920,,0.0
202208311930,,0.0
202208311935,,0.0
202208311940,,0.0
202208311945,,0.0
202208311950,,0.0
202208312010,,0.0
202208312015,,0.0
202208312035,,0.0
202208312040,,0.0
202208312045,,0.0
202208312110,,0.0
202208312115,,0.0
202208312150,,0.0
202208312155,,0.0
202208312215,,0.0
202208312220,,0.0
202208312225,,0.0
202208312235,,0.0
202208312245,,0.0
202208312255,,0.0
202208312310,,0.0
202208312315,,0.0
202208312320,,0.0
202208312330,,0.0
202208312335,,0.0
202208312340,,0.0
202208312350,,0.0
202209010000,,0.0
202209010020,,0.0
202209010030,,0.0
202209010040,,0.0
202209010045,,0.0
202209010055,,0.0
202209010100,,0.0
202209010115,,0.0
202209010135,,0.0
202209010150,,0.0
202209010210,,0.0
202209010230,,0.0
202209010240,,0.0
202209010250,,0.0
202209010300,,0.0
202209010320,,0.0
202209010325,,0.0
202209010355,,0.0
202209010400,,0.0
202209010410,,0.0
202209010415,,0.0
202209010420,,0.0
202209010425,,0.0
202209010430,,0.0
202209010450,,0.0
202209010510,,0.0
202209010520,,0.0
202209010530,,0.0
202209010540,,0.0
202209010545,,0.0
202209010555,,0.0
202209010600,,0.0
202209010610,,0.0
202209010615,,0.0
202209010625,,0.0
202209010635,,0.0
202209010645,,0.0
202209010650,,0.0
202209010700,,0.0
202209010710,,0.0
202209010720,,0.0
202209010730,,0.0
202209010735,,0.0
202209010745,,0.0
202209010755,,0.0
202209010810,,0.0
202209010815,,0.0
202209010830,,0.0
202209010845,,0.0
202209010900,,0.0
202209010910,,0.0
202209010920,,0.0
202209010935,,0.0
202209010955,,0.0
202209011000,,0.0
202209011010,,0.0
202209011025,,0.0
202209011035,,0.0
202209011045,,0.0
202209011110,,0.0
202209011115,,0.0
202209011125,,0.0
202209011130,,0.0
202209011145,,0.0
202209011150,,0.0
202209011155,,0.0
202209011200,,0.0
202209011215,,0.0
202209011235,,0.0
202209011315,,0.0
202209011335,,0.0
202209011340,,0.0
202209011345,,0.0
202209011400,,0.0
202209011410,,0.0
202209011415,,0.0
202209011425,,0.0
202209011430,,0.0
202209011435,,0.0
202209011440,,0.0
202209011450,,0.0
202209011500,,0.0
202209011520,,0.0
202209011525,,0.0
202209011530,,0.0
202209011535,,0.0
202209011545,,0.0
202209011555,,0.0
202209011600,,0.0
202209011610,,0.0
202209011620,,0.0
202209011630,,0.0
202209011640,,0.0
202209011650,,0.0
202209011710,,0.0
202209011715,,0.0
202209011720,,0.0
202209011725,,0.0
202209011735,,0.0
202209011740,,0.0
202209011745,,0.0
202209011750,,0.0
202209011810,,0.0
202209011830,,0.0
202209011835,,0.0
202209011840,,0.0
202209011845,,0.0
202209011850,,0.0
202209011855,,0.0
202209011915,,0.0
202209011940,,0.0
202209011955,,0.0
202209012010,,0.0
202209012030,,0.0
202209012040,,0.0
202209012045,,0.0
202209012055,,0.0
202209012100,,0.0
202209012110,,0.0
202209012115,119.0,0.4
202209012130,134.0,0.9
202209012145,,0.0
202209012200,,0.0
202209012220,,0.0
202209012235,,0.0
202209012245,,0.0
202209012250,,0.0
202209012255,,0.0
202209012315,,0.0
202209012335,,0.0
202209012340,,0.0
202209012345,,0.0
202209012350,,0.0
202209012355,,0.0
202209020015,,0.0
202209020030,,0.0
202209020035,,0.0
202209020040,,0.0
202209020045,,0.0
202209020130,,0.0
202209020150,,0.0
202209020155,,0.0
202209020210,,0.0
202209020215,,0.0
202209020220,,0.0
202209020245,,0.0
202209020255,,0.0
202209020300,,0.0
202209020310,,0.0
202209020325,,0.0
202209020330,,0.0
202209020335,,0.0
202209020345,,0.0
202209020415,,0.0
202209020430,,0.0
202209020435,,0.0
202209020500,,0.0
202209020510,,0.0
202209020515,,0.0
202209020520,,0.0
202209020530,,0.0
202209020545,,0.0
202209020550,,0.0
202209020555,,0.0
202209020620,,0.0
202209020630,,0.0
202209020635,,0.0
202209020640,,0.0
202209020650,,0.0
202209020710,,0.0
202209020715,,0.0
202209020720,,0.0
202209020725,,0.0
202209020730,,0.0
202209020740,,0.0
202209020750,,0.0
202209020755,,0.0
202209020815,,0.0
202209020830,,0.0
202209020835,,0.0
202209020840,,0.0
202209020850,,0.0
202209020855,,0.0
202209020925,,0.0
202209020930,,0.0
202209020935,,0.0
202209020955,,0.0
202209021010,,0.0
202209021015,,0.0
202209021020,,0.0
202209021025,,0.0
202209021030,,0.0
202209021040,,0.0
202209021100,,0.0
202209021110,,0.0
202209021125,,0.0
202209021135,,0.0
202209021155,,0.0
202209021200,,0.0
202209021215,,0.0
202209021225,,0.0
202209021235,,0.0
202209021240,,0.0
202209021245,,0.0
202209021300,,0.0
202209021310,,0.0
202209021330,,0.0
202209021335,,0.0
202209021340,,0.0
202209021345,,0.0
202209021355,,0.0
202209021415,,0.0
202209021425,,0.0
202209021430,,0.0
202209021435,,0.0
202209021440,,0.0
202209021445,,0.0
202209021450,,0.0
202209021455,,0.0
202209021510,,0.0
202209021515,,0.0
202209021520,,0.0
202209021525,,0.0
202209021530,,0.0
202209021550,,0.0
202209021620,,0.0
202209021630,87.0,0.4
202209021635,325.0,0.4
202209021650,,0.0
202209021715,,0.0
202209021720,,0.0
202209021725,,0.0
202209021735,,0.0
202209021740,,0.0
202209021745,129.0,0.4
202209021800,97.0,0.4
202209021810,,0.0
202209021835,,0.0
202209021900,290.0,0.4
202209021945,,0.0
202209021950,,0.0
202209022000,,0.0
202209022020,,0.0
202209022035,,0.0
202209022040,,0.0
202209022045,,0.0
202209022055,,0.0
202209022100,,0.0
202209022115,,0.0
202209022130,,0.0
202209022135,,0.0
202209022140,,0.0
202209022145,,0.0
202209022150,,0.0
202209022155,,0.0
202209022200,,0.0
202209022220,,0.0
202209022245,,0.0
202209022300,,0.0
202209022310,,0.0
202209022320,,0.0
202209022340,,0.0
202209022345,,0.0
202209022350,,0.0
202209022355,,0.0
202209030015,,0.0
202209030020,,0.0
202209030025,,0.0
202209030030,,0.0
202209030035,,0.0
202209030040,,0.0
202209030050,,0.0
202209030110,,0.0
202209030115,,0.0
202209030120,,0.0
202209030125,,0.0
202209030135,,0.0
202209030140,,0.0
202209030145,,0.0
202209030150,,0.0
202209030200,,0.0
202209030220,,0.0
202209030230,,0.0
202209030250,,0.0
202209030315,,0.0
202209030320,,0.0
202209030335,,0.0
202209030340,,0.0
202209030350,,0.0
202209030355,,0.0
202209030400,,0.0
202209030410,,0.0
202209030430,,0.0
202209030500,,0.0
202209030510,,0.0
202209030515,,0.0
202209030535,,0.0
202209030540,,0.0
202209030615,,0.0
202209030620,,0.0
202209030630,,0.0
202209030635,,0.0
202209030645,,0.0
202209030710,,0.0
202209030715,,0.0
202209030730,,0.0
202209030740,,0.0
202209030810,,0.0
202209030815,,0.0
202209030835,,0.0
202209030845,,0.0
202209030910,,0.0
202209030915,,0.0
202209030945,,0.0
202209031000,,0.0
202209031035,,0.0
202209031040,,0.0
202209031045,,0.0
202209031055,,0.0
202209031100,,0.0
202209031130,,0.0
202209031155,,0.0
202209031215,,0.0
202209031225,,0.0
202209031230,,0.0
202209031245,,0.0
202209031310,,0.0
202209031325,,0.0
202209031330,,0.0
202209031345,,0.0
202209031355,,0.0
202209031400,,0.0
202209031420,,0.0
202209031425,,0.0
202209031440,,0.0
202209031450,,0.0
202209031455,,0.0
202209031500,,0.0
202209031515,,0.0
202209031520,,0.0
202209031530,,0.0
202209031535,,0.0
202209031540,,0.0
202209031545,,0.0
202209031555,,0.0
202209031600,,0.0
202209031610,,0.0
202209031615,,0.0
202209031620,,0.0
202209031630,,0.0
202209031700,,0.0
202209031720,,0.0
202209031730,,0.0
202209031745,,0.0
202209031800,74.0,0.9
202209031810,,0.0
202209031815,,0.0
202209031825,,0.0
202209031830,,0.0
202209031835,332.0,0.4
202209031845,356.0,0.9
202209031850,352.0,0.9
202209031855,329.0,0.9
202209031920,328.0,0.4
202209031945,,0.0
202209031950,,0.0
202209031955,,0.0
202209032000,,0.0
202209032010,358.0,0.4
202209032030,123.0,0.4
202209032040,110.0,0.9
202209032050,294.0,0.9
202209032055,,0.0
202209032135,,0.0
202209032155,,0.0
202209032220,,0.0
202209032225,,0.0
202209032300,,0.0
202209032310,,0.0
202209032315,,0.0
202209032325,,0.0
202209032330,,0.0
202209032335,,0.0
202209032340,,0.0
202209032345,,0.0
202209032355,,0.0
202209040000,,0.0
202209040035,,0.0
202209040040,,0.0
202209040045,,0.0
202209040050,,0.0
202209040055,,0.0
202209040100,,0.0
202209040110,,0.0
202209040135,,0.0
202209040140,,0.0
202209040150,,0.0
202209040200,,0.0
202209040215,,0.0
202209040220,,0.0
202209040230,,0.0
202209040235,,0.0
202209040250,,0.0
202209040255,,0.0
202209040325,,0.0
202209040335,,0.0
202209040355,,0.0
202209040425,,0.0
202209040435,,0.0
202209040440,,0.0
202209040445,,0.0
202209040450,,0.0
202209040515,,0.0
202209040545,,0.0
202209040620,,0.0
202209040625,,0.0
202209040635,,0.0
202209040650,,0.0
202209040655,,0.0
202209040700,,0.0
202209040710,,0.0
202209040720,,0.0
202209040730,,0.0
202209040735,,0.0
202209040750,,0.0
202209040800,,0.0
202209040810,,0.0
202209040815,,0.0
202209040830,,0.0
202209040835,,0.0
202209040910,,0.0
202209040930,,0.0
202209040940,,0.0
202209041010,,0.0
202209041030,,0.0
202209041035,,0.0
202209041040,,0.0
202209041055,,0.0
202209041110,,0.0
202209041115,,0.0
202209041125,,0.0
202209041130,,0.0
202209041145,,0.0
202209041150,,0.0
202209041155,,0.0
202209041200,,0.0
202209041210,,0.0
202209041215,,0.0
202209041225,,0.0
202209041235,,0.0
202209041245,,0.0
202209041250,,0.0
202209041325,,0.0
202209041335,,0.0
202209041350,,0.0
202209041355,,0.0
202209041400,,0.0
202209041410,,0.0
202209041415,,0.0
202209041440,,0.0
202209041500,,0.0
202209041510,,0.0
202209041515,,0.0
202209041520,,0.0
202209041525,,0.0
202209041535,,0.0
202209041540,,0.0
202209041545,,0.0
202209041550,,0.0
202209041555,,0.0
202209041600,,0.0
202209041615,,0.0
202209041620,,0.0
202209041640,,0.0
202209041655,,0.0
202209041700,,0.0
202209041715,,0.0
202209041720,,0.0
202209041725,,0.0
202209041735,,0.0
202209041740,,0.0
202209041745,,0.0
202209041750,,0.0
202209041755,,0.0
202209041810,,0.0
202209041820,,0.0
202209041825,,0.0
202209041835,,0.0
202209041840,,0.0
202209041845,,0.0
202209041850,,0.0
202209041855,,0.0
202209041900,,0.0
202209041910,107.0,0.4
202209041935,,0.0
202209041940,,0.0
202209041945,114.0,0.4
202209042000,229.0,0.4
202209042010,104.0,0.9
202209042015,,0.0
202209042040,,0.0
202209042050,,0.0
202209042055,,0.0
202209042125,,0.0
202209042135,,0.0
202209042140,,0.0
202209042145,,0.0
202209042150,,0.0
202209042155,,0.0
202209042215,116.0,0.4
202209042230,135.0,0.4
202209042235,,0.0
202209042245,,0.0
202209042300,,0.0
202209042310,,0.0
202209042315,,0.0
202209042325,,0.0
202209042340,,0.0
202209042345,,0.0
202209042350,,0.0
202209050030,,0.0
202209050045,,0.0
202209050055,,0.0
202209050100,,0.0
202209050125,,0.0
202209050130,,0.0
202209050150,,0.0
202209050200,,0.0
202209050220,,0.0
202209050225,,0.0
202209050230,,0.0
202209050300,,0.0
202209050310,,0.0
202209050315,,0.0
202209050320,,0.0
202209050330,,0.0
202209050335,,0.0
202209050340,,0.0
202209050345,,0.0
202209050355,,0.0
202209050400,,0.0
202209050415,,0.0
202209050425,,0.0
202209050440,,0.0
202209050445,,0.0
202209050455,,0.0
202209050500,,0.0
202209050530,,0.0
202209050535,,0.0
202209050555,,0.0
202209050600,,0.0
202209050610,,0.0
202209050615,,0.0
202209050620,,0.0
202209050625,,0.0
202209050630,,0.0
202209050635,,0.0
202209050640,,0.0
202209050720,,0.0
202209050725,,0.0
202209050730,,0.0
202209050735,,0.0
202209050750,,0.0
202209050755,,0.0
202209050810,,0.0
202209050830,,0.0
202209050835,,0.0
202209050900,,0.0
202209050920,,0.0
202209050925,,0.0
202209050930,,0.0
202209050955,,0.0
202209051015,,0.0
202209051020,,0.0
202209051025,,0.0
202209051030,,0.0
202209051040,,0.0
202209051115,,0.0
202209051145,,0.0
202209051155,,0.0
202209051210,,0.0
202209051215,,0.0
202209051230,,0.0
202209051235,,0.0
202209051240,,0.0
202209051245,,0.0
202209051250,,0.0
202209051255,,0.0
202209051300,,0.0
202209051310,,0.0
202209051345,,0.0
202209051400,,0.0
202209051410,144.0,0.4
202209051415,180.0,0.4
202209051425,98.0,0.4
202209051455,,0.0
202209051500,,0.0
202209051510,,0.0
202209051520,229.0,0.4
202209051530,,0.0
202209051540,163.0,0.4
202209051545,193.0,0.9
202209051555,194.0,0.9
202209051635,269.0,2.2
202209051645,185.0,1.3
202209051715,107.0,0.9
202209051730,294.0,0.9
202209051735,307.0,0.9
202209051740,205.0,0.9
202209051745,290.0,0.9
202209051750,143.0,0.9
202209051755,252.0,1.3
202209051800,211.0,1.3
202209051810,204.0,1.3
202209051825,122.0,0.9
202209051830,212.0,0.9
202209051835,216.0,0.9
202209051840,233.0,0.9
202209051845,195.0,0.9
202209051855,223.0,1.3
202209051915,233.0,0.9
202209051920,207.0,0.9
202209051930,316.0,0.9
202209051940,219.0,0.9
202209051950,159.0,0.9
202209051955,204.0,0.9
202209052000,229.0,0.9
202209052010,257.0,0.9
202209052015,333.0,0.9
202209052030,301.0,0.4
202209052045,301.0,0.4
202209052050,313.0,0.4
202209052120,280.0,0.9
202209052125,216.0,0.9
202209052135,169.0,0.9
202209052140,242.0,0.9
202209052145,188.0,0.9
202209052155,194.0,0.9
202209052200,193.0,0.9
202209052220,,0.0
202209052250,,0.0
202209052300,210.0,0.9
202209052310,200.0,0.9
202209052315,229.0,0.4
202209052330,,0.0
202209052335,,0.0
202209052340,,0.0
202209052345,,0.0
202209052355,,0.0
202209060015,,0.0
202209060035,,0.0
202209060040,,0.0
202209060045,,0.0
202209060055,,0.0
202209060110,,0.0
202209060120,,0.0
202209060140,,0.0
202209060150,,0.0
202209060200,,0.0
202209060210,,0.0
202209060215,,0.0
202209060225,,0.0
202209060230,,0.0
202209060240,,0.0
202209060250,,0.0
202209060300,,0.0
202209060310,,0.0
202209060315,,0.0
202209060325,,0.0
202209060330,,0.0
202209060400,,0.0
202209060410,196.0,0.9
202209060430,228.0,0.9
202209060435,209.0,1.3
202209060440,214.0,1.3
202209060450,132.0,0.9
202209060510,189.0,0.4
202209060515,,0.0
202209060520,,0.0
202209060525,,0.0
202209060530,,0.0
202209060540,,0.0
202209060550,,0.0
202209060610,,0.0
202209060615,,0.0
202209060625,,0.0
202209060635,,0.0
202209060655,,0.0
202209060710,,0.0
202209060715,,0.0
202209060735,,0.0
202209060740,,0.0
202209060750,,0.0
202209060800,,0.0
202209060810,,0.0
202209060815,,0.0
202209060820,,0.0
202209060825,,0.0
202209060850,,0.0
202209060915,,0.0
202209060920,,0.0
202209060930,,0.0
202209060940,,0.0
202209060950,,0.0
202209061010,,0.0
202209061020,,0.0
202209061025,,0.0
202209061030,,0.0
202209061040,,0.0
202209061045,,0.0
202209061050,,0.0
202209061110,,0.0
202209061130,147.0,0.4
202209061140,196.0,0.4
202209061145,187.0,0.4
202209061155,217.0,0.9
202209061210,201.0,0.9
202209061220,185.0,0.9
202209061225,189.0,0.9
202209061230,191.0,0.9
202209061235,198.0,0.9
202209061255,193.0,0.9
202209061300,253.0,0.9
202209061310,293.0,0.9
202209061320,201.0,0.9
202209061340,312.0,0.9
202209061350,183.0,0.9
202209061400,204.0,0.9
202209061410,214.0,0.9
202209061415,341.0,0.9
202209061425,86.0,0.9
202209061430,291.0,0.9
202209061440,219.0,0.9
202209061455,353.0,0.9
202209061500,352.0,0.9
202209061510,331.0,0.9
202209061515,314.0,1.3
202209061520,58.0,1.3
202209061525,344.0,0.9
202209061545,231.0,0.9
202209061555,196.0,0.9
202209061600,201.0,0.9
202209061625,213.0,0.9
202209061640,193.0,0.9
202209061655,202.0,1.3
202209061720,35.0,0.9
202209061725,239.0,1.3
202209061745,233.0,0.9
202209061815,9.0,0.9
202209061820,209.0,0.9
202209061835,319.0,1.3
202209061840,189.0,1.3
202209061845,227.0,0.9
202209061900,208.0,2.2
202209061925,212.0,1.3
202209061935,244.0,0.9
202209061940,330.0,0.9
202209061945,201.0,2.2
202209061950,211.0,2.2
202209061955,341.0,2.2
202209062010,336.0,1.3
202209062025,169.0,1.3
202209062055,317.0,0.9
202209062110,345.0,1.3
202209062115,348.0,0.9
202209062135,12.0,0.9
202209062200,353.0,1.3
202209062210,355.0,0.9
202209062220,326.0,0.9
202209062225,285.0,0.9
202209062230,285.0,0.9
202209062240,,0.0
202209062245,,0.0
202209062250,,0.0
202209062255,,0.0
202209062300,,0.0
202209062310,,0.0
202209062335,,0.0
202209062340,,0.0
202209062345,,0.0
202209070000,,0.0
202209070020,,0.0
202209070025,,0.0
202209070050,,0.0
202209070110,,0.0
202209070120,226.0,0.9
202209070140,,0.0
202209070145,194.0,0.9
202209070210,198.0,0.4
202209070225,205.0,0.9
202209070245,190.0,0.9
202209070255,212.0,0.9
202209070310,223.0,0.9
202209070320,198.0,0.9
202209070325,185.0,0.4
202209070330,194.0,0.4
202209070335,226.0,0.4
202209070345,225.0,0.4
202209070355,202.0,0.4
202209070400,207.0,0.4
202209070425,174.0,0.4
202209070430,203.0,0.4
202209070435,226.0,0.4
202209070440,220.0,0.4
202209070510,182.0,0.9
202209070525,190.0,0.4
202209070540,191.0,0.4
202209070600,201.0,0.9
202209070615,223.0,0.4
202209070620,205.0,0.4
202209070640,,0.0
202209070650,,0.0
202209070700,,0.0
202209070720,,0.0
202209070740,,0.0
202209070750,,0.0
202209070755,,0.0
202209070810,,0.0
202209070820,,0.0
202209070825,,0.0
202209070855,,0.0
202209070900,,0.0
202209070915,,0.0
202209070920,,0.0
202209070930,,0.0
202209070945,,0.0
202209070950,,0.0
202209071000,,0.0
202209071015,,0.0
202209071020,,0.0
202209071025,,0.0
202209071030,,0.0
202209071035,,0.0
202209071045,,0.0
202209071110,,0.0
202209071120,,0.0
202209071125,,0.0
202209071210,227.0,0.4
202209071235,,0.0
202209071250,,0.0
202209071255,,0.0
202209071300,,0.0
202209071325,,0.0
202209071335,359.0,0.4
202209071345,324.0,0.4
202209071410,51.0,0.4
202209071425,332.0,0.9
202209071430,338.0,0.9
202209071445,336.0,0.9
202209071450,348.0,0.9
202209071540,335.0,0.9
202209071545,21.0,0.9
202209071615,11.0,0.9
202209071640,323.0,0.9
202209071645,337.0,0.4
202209071700,263.0,0.9
202209071710,15.0,0.9
202209071715,333.0,0.4
202209071725,206.0,0.9
202209071730,349.0,0.9
202209071745,308.0,0.9
202209071800,254.0,0.9
202209071810,346.0,0.9
202209071815,313.0,0.9
202209071820,329.0,0.9
202209071830,323.0,0.9
202209071840,327.0,0.9
202209071925,326.0,0.9
202209071935,334.0,0.9
202209071940,188.0,0.9
202209071945,311.0,0.4
202209071950,350.0,0.4
202209072025,338.0,0.4
202209072030,224.0,0.4
202209072045,348.0,1.3
202209072055,328.0,0.9
202209072100,176.0,0.9
202209072120,59.0,0.9
202209072130,208.0,0.4
202209072140,329.0,0.9
202209072155,306.0,2.2
202209072200,213.0,2.2
202209072220,217.0,0.9
202209072230,202.0,0.9
202209072235,198.0,0.9
202209072240,283.0,0.9
202209072245,215.0,0.9
202209072255,188.0,0.9
202209072310,223.0,0.4
202209072315,,0.0
202209072340,,0.0
202209072345,,0.0
202209072350,,0.0
202209072355,340.0,0.4
202209080000,339.0,0.4
202209080015,8.0,1.3
202209080025,354.0,0.9
202209080030,339.0,0.9
202209080035,354.0,0.9
202209080040,350.0,0.9
202209080045,356.0,0.9
202209080100,331.0,0.9
202209080110,303.0,0.9
202209080115,303.0,0.4
202209080120,320.0,0.4
202209080125,,0.0
202209080130,,0.0
202209080135,,0.0
202209080150,319.0,0.4
202209080200,352.0,0.4
202209080210,322.0,0.9
202209080225,,0.0
202209080230,,0.0
202209080245,,0.0
202209080250,,0.0
202209080255,,0.0
202209080300,,0.0
202209080310,,0.0
202209080325,,0.0
202209080410,,0.0
202209080450,,0.0
202209080515,,0.0
202209080530,,0.0
202209080540,,0.0
202209080545,,0.0
202209080600,,0.0
202209080615,,0.0
202209080620,,0.0
202209080625,,0.0
202209080630,,0.0
202209080640,,0.0
202209080645,,0.0
202209080700,,0.0
202209080710,,0.0
202209080715,,0.0
202209080720,,0.0
202209080730,,0.0
202209080800,,0.0
202209080810,,0.0
202209080845,,0.0
202209080850,,0.0
202209080900,,0.0
202209080910,,0.0
202209080920,,0.0
202209080925,,0.0
202209080945,,0.0
202209081010,,0.0
202209081015,,0.0
202209081030,,0.0
202209081035,,0.0
202209081040,,0.0
202209081045,,0.0
202209081050,,0.0
202209081055,,0.0
202209081110,,0.0
202209081115,,0.0
202209081120,,0.0
202209081130,,0.0
202209081140,,0.0
202209081145,,0.0
202209081210,,0.0
202209081235,,0.0
202209081240,,0.0
202209081250,,0.0
202209081255,,0.0
202209081300,,0.0
202209081310,,0.0
202209081315,,0.0
202209081325,,0.0
202209081335,,0.0
202209081345,,0.0
202209081400,,0.0
202209081410,,0.0
202209081435,,0.0
202209081515,,0.0
202209081520,,0.0
202209081525,,0.0
202209081535,,0.0
202209081540,,0.0
202209081550,288.0,0.4
202209081555,14.0,0.4
202209081625,,0.0
202209081630,,0.0
202209081650,,0.0
202209081655,310.0,0.4
202209081710,326.0,0.4
202209081725,,0.0
202209081740,,0.0
202209081745,,0.0
202209081755,,0.0
202209081815,,0.0
202209081830,,0.0
202209081840,315.0,0.4
202209081845,,0.0
202209081850,,0.0
202209081855,,0.0
202209081915,2.0,0.4
202209081925,334.0,0.9
202209081930,343.0,0.9
202209081940,295.0,0.4
202209081950,80.0,0.4
202209082000,318.0,0.4
202209082035,,0.0
202209082040,,0.0
202209082045,348.0,0.4
202209082050,297.0,0.4
202209082055,308.0,0.4
202209082115,,0.0
202209082125,,0.0
202209082140,25.0,0.9
202209082200,,0.0
202209082215,,0.0
202209082220,,0.0
202209082225,,0.0
202209082230,,0.0
202209082235,,0.0
202209082245,,0.0
202209082250,,0.0
202209082255,,0.0
202209082300,,0.0
202209082315,,0.0
202209082320,,0.0
202209082325,,0.0
202209082330,,0.0
202209082335,,0.0
202209082340,,0.0
202209082345,,0.0
202209082350,,0.0
202209082355,,0.0
202209090020,,0.0
202209090025,,0.0
202209090055,,0.0
202209090100,,0.0
202209090115,,0.0
202209090120,,0.0
202209090125,,0.0
202209090130,,0.0
202209090135,,0.0
202209090145,,0.0
202209090150,,0.0
202209090225,,0.0
202209090235,,0.0
202209090255,,0.0
202209090300,,0.0
202209090310,,0.0
202209090325,,0.0
202209090335,,0.0
202209090340,,0.0
202209090355,,0.0
202209090400,,0.0
202209090410,,0.0
202209090430,,0.0
202209090440,,0.0
202209090500,,0.0
202209090510,,0.0
202209090515,,0.0
202209090540,,0.0
202209090545,,0.0
202209090600,,0.0
202209090615,,0.0
202209090630,,0.0
202209090640,,0.0
202209090650,,0.0
202209090710,,0.0
202209090715,,0.0
202209090725,,0.0
202209090730,,0.0
202209090735,,0.0
202209090740,,0.0
202209090745,,0.0
202209090800,,0.0
202209090810,,0.0
202209090820,,0.0
202209090835,,0.0
202209090840,,0.0
202209090850,,0.0
202209090855,,0.0
202209090900,,0.0
202209090930,,0.0
202209090935,,0.0
202209090945,,0.0
202209090950,,0.0
202209090955,,0.0
202209091000,,0.0
202209091015,,0.0
202209091035,,0.0
202209091045,,0.0
202209091050,,0.0
202209091115,,0.0
202209091125,,0.0
202209091130,,0.0
202209091145,,0.0
202209091200,,0.0
202209091215,,0.0
202209091225,,0.0
202209091230,,0.0
202209091240,,0.0
202209091250,,0.0
202209091255,,0.0
202209091310,,0.0
202209091315,,0.0
202209091325,,0.0
202209091335,,0.0
202209091340,,0.0
202209091350,,0.0
202209091410,8.0,0.4
202209091420,,0.0
202209091425,,0.0
202209091430,,0.0
202209091435,,0.0
202209091440,,0.0
202209091455,,0.0
202209091500,,0.0
202209091515,,0.0
202209091525,325.0,0.4
202209091530,354.0,0.4
202209091550,,0.0
202209091555,36.0,0.4
202209091600,0.0,0.4
202209091610,63.0,0.4
202209091615,9.0,0.9
202209091625,3.0,0.4
202209091630,328.0,0.4
202209091635,89.0,0.9
202209091645,44.0,0.4
202209091650,20.0,0.4
202209091655,340.0,0.9
202209091700,19.0,0.9
202209091715,200.0,0.9
202209091720,347.0,0.9
202209091725,121.0,0.4
202209091750,356.0,0.4
202209091755,42.0,0.4
202209091800,303.0,0.4
202209091815,350.0,0.4
202209091825,317.0,0.9
202209091830,20.0,0.9
202209091835,20.0,0.9
202209091845,345.0,0.4
202209091850,324.0,0.4
202209091900,,0.0
202209091910,,0.0
202209091920,29.0,0.4
202209091925,,0.0
202209091940,,0.0
202209091950,,0.0
202209092000,,0.0
202209092015,60.0,0.4
202209092020,60.0,0.4
202209092040,,0.0
202209092045,57.0,0.4
202209092100,,0.0
202209092115,,0.0
202209092120,,0.0
202209092130,,0.0
202209092135,,0.0
202209092140,,0.0
202209092145,,0.0
202209092155,,0.0
202209092215,,0.0
202209092220,,0.0
202209092225,,0.0
202209092235,,0.0
202209092250,,0.0
202209092255,,0.0
202209092300,,0.0
202209092310,,0.0
202209092320,,0.0
202209092325,,0.0
202209092340,,0.0
202209092345,,0.0
202209092350,,0.0
202209092355,,0.0
202209100000,,0.0
202209100020,,0.0
202209100030,,0.0
202209100035,,0.0
202209100045,,0.0
202209100055,,0.0
202209100100,,0.0
202209100110,,0.0
202209100115,,0.0
202209100120,,0.0
202209100125,,0.0
202209100130,,0.0
202209100135,,0.0
202209100140,,0.0
202209100150,,0.0
202209100155,,0.0
202209100200,,0.0
202209100215,,0.0
202209100220,,0.0
202209100230,,0.0
202209100240,,0.0
202209100250,,0.0
202209100255,,0.0
202209100310,,0.0
202209100330,,0.0
202209100335,,0.0
202209100345,,0.0
202209100350,,0.0
202209100355,,0.0
202209100410,,0.0
202209100420,,0.0
202209100430,,0.0
202209100435,,0.0
202209100440,,0.0
202209100445,,0.0
202209100450,,0.0
202209100500,,0.0
202209100510,,0.0
202209100520,,0.0
202209100525,,0.0
202209100530,,0.0
202209100540,,0.0
202209100555,,0.0
202209100620,,0.0
202209100625,,0.0
202209100635,,0.0
202209100715,,0.0
202209100720,,0.0
202209100725,,0.0
202209100730,,0.0
202209100735,,0.0
202209100745,,0.0
202209100750,,0.0
202209100800,,0.0
202209100815,,0.0
202209100820,,0.0
202209100825,,0.0
202209100900,,0.0
202209100910,,0.0
202209100920,,0.0
202209100925,,0.0
202209100930,,0.0
202209100935,,0.0
202209100940,,0.0
202209100945,,0.0
202209100950,,0.0
202209101000,,0.0
202209101010,,0.0
202209101020,,0.0
202209101030,,0.0
202209101100,,0.0
202209101110,,0.0
202209101115,,0.0
202209101120,,0.0
202209101130,,0.0
202209101145,,0.0
202209101150,,0.0
202209101155,,0.0
202209101215,,0.0
202209101225,,0.0
202209101230,,0.0
202209101240,,0.0
202209101255,,0.0
202209101330,,0.0
202209101335,,0.0
202209101340,,0.0
202209101345,,0.0
202209101350,,0.0
202209101355,,0.0
202209101400,,0.0
202209101410,,0.0
202209101415,,0.0
202209101420,,0.0
202209101430,,0.0
202209101435,,0.0
202209101440,,0.0
202209101445,,0.0
202209101450,,0.0
202209101455,,0.0
202209101500,,0.0
202209101510,,0.0
202209101515,,0.0
202209101520,,0.0
202209101525,,0.0
202209101540,,0.0
202209101545,,0.0
202209101550,,0.0
202209101610,,0.0
202209101615,,0.0
202209101620,,0.0
202209101630,,0.0
202209101640,116.0,0.4
202209101650,,0.0
202209101700,,0.0
202209101710,,0.0
202209101730,,0.0
202209101750,,0.0
202209101800,151.0,0.4
202209101810,,0.0
202209101820,,0.0
202209101835,,0.0
202209101840,,0.0
202209101855,,0.0
202209101910,,0.0
202209101915,,0.0
202209101925,156.0,0.9
202209101930,160.0,0.9
202209101945,,0.0
202209101950,,0.0
202209101955,,0.0
202209102000,,0.0
202209102010,,0.0
202209102015,,0.0
202209102020,,0.0
202209102030,,0.0
202209102050,,0.0
202209102115,,0.0
202209102150,,0.0
202209102210,,0.0
202209102220,,0.0
202209102230,,0.0
202209102245,,0.0
202209102250,,0.0
202209102255,,0.0
202209102300,,0.0
202209102315,,0.0
202209102325,,0.0
202209102330,,0.0
202209102335,,0.0
202209102350,,0.0
202209102355,,0.0
202209110000,,0.0
202209110010,,0.0
202209110035,,0.0
202209110045,,0.0
202209110050,,0.0
202209110055,,0.0
202209110100,,0.0
202209110110,,0.0
202209110115,,0.0
202209110130,,0.0
202209110150,,0.0
202209110155,,0.0
202209110215,,0.0
202209110245,,0.0
202209110250,,0.0
202209110310,,0.0
202209110320,,0.0
202209110335,,0.0
202209110345,,0.0
202209110350,,0.0
202209110355,,0.0
202209110400,,0.0
202209110410,,0.0
202209110415,,0.0
202209110420,,0.0
202209110430,,0.0
202209110440,,0.0
202209110450,,0.0
202209110455,,0.0
202209110500,,0.0
202209110515,,0.0
202209110520,,0.0
202209110525,,0.0
202209110530,,0.0
202209110535,,0.0
202209110540,,0.0
202209110545,,0.0
202209110550,,0.0
202209110555,,0.0
202209110600,,0.0
202209110615,,0.0
202209110620,,0.0
202209110625,,0.0
202209110635,,0.0
202209110640,,0.0
202209110650,,0.0
202209110700,,0.0
202209110720,,0.0
202209110725,,0.0
202209110735,,0.0
202209110740,,0.0
202209110745,,0.0
202209110750,,0.0
202209110755,,0.0
202209110800,,0.0
202209110810,,0.0
202209110820,,0.0
202209110830,,0.0
202209110835,,0.0
202209110840,,0.0
202209110845,,0.0
202209110850,,0.0
202209110855,,0.0
202209110910,,0.0
202209110920,,0.0
202209110930,,0.0
202209110945,,0.0
202209110950,,0.0
202209111000,,0.0
202209111010,,0.0
202209111015,,0.0
202209111040,,0.0
202209111045,,0.0
202209111100,,0.0
202209111110,,0.0
202209111115,,0.0
202209111125,,0.0
202209111130,,0.0
202209111140,,0.0
202209111150,,0.0
202209111155,,0.0
202209111200,,0.0
202209111215,,0.0
202209111220,,0.0
202209111230,,0.0
202209111235,,0.0
202209111240,,0.0
202209111245,,0.0
202209111255,,0.0
202209111315,,0.0
202209111325,,0.0
202209111330,,0.0
202209111335,,0.0
202209111350,,0.0
202209111355,,0.0
202209111410,,0.0
202209111415,,0.0
202209111420,,0.0
202209111425,,0.0
202209111435,,0.0
202209111440,,0.0
202209111445,,0.0
202209111450,,0.0
202209111500,,0.0
202209111525,,0.0
202209111530,,0.0
202209111545,,0.0
202209111550,,0.0
202209111600,,0.0
202209111615,,0.0
202209111620,,0.0
202209111625,,0.0
202209111635,,0.0
202209111710,,0.0
202209111715,,0.0
202209111720,,0.0
202209111725,,0.0
202209111740,,0.0
202209111745,,0.0
202209111800,,0.0
202209111810,,0.0
202209111815,,0.0
202209111820,,0.0
202209111830,,0.0
202209111845,,0.0
202209111850,,0.0
202209111855,,0.0
202209111900,,0.0
202209111910,,0.0
202209111920,,0.0
202209111925,,0.0
202209111930,,0.0
202209111940,,0.0
202209111945,,0.0
202209112000,,0.0
202209112020,,0.0
202209112050,,0.0
202209112100,,0.0
202209112110,250.0,0.4
202209112120,,0.0
202209112125,,0.0
202209112130,,0.0
202209112135,,0.0
202209112140,,0.0
202209112145,,0.0
202209112150,,0.0
202209112155,,0.0
202209112200,,0.0
202209112210,,0.0
202209112215,,0.0
202209112220,,0.0
202209112225,,0.0
202209112235,,0.0
202209112240,,0.0
202209112245,,0.0
202209112250,,0.0
202209112255,,0.0
202209112300,,0.0
202209112310,,0.0
202209112315,,0.0
202209112320,,0.0
202209112325,,0.0
202209112330,,0.0
202209112335,,0.0
202209112340,,0.0
202209112345,,0.0
202209112350,,0.0
202209120000,,0.0
202209120010,,0.0
202209120015,,0.0
202209120020,,0.0
202209120025,,0.0
202209120030,,0.0
202209120035,,0.0
202209120040,,0.0
202209120045,,0.0
202209120050,,0.0
202209120100,,0.0
202209120110,,0.0
202209120115,,0.0
202209120120,,0.0
202209120135,,0.0
202209120140,,0.0
202209120150,,0.0
202209120210,,0.0
202209120220,,0.0
202209120230,,0.0
202209120240,,0.0
202209120245,,0.0
202209120250,,0.0
202209120255,,0.0
202209120300,,0.0
202209120310,,0.0
202209120315,,0.0
202209120320,,0.0
202209120325,,0.0
202209120330,,0.0
202209120335,,0.0
202209120340,,0.0
202209120350,,0.0
202209120400,,0.0
202209120425,,0.0
202209120430,,0.0
202209120445,,0.0
202209120500,,0.0
202209120520,,0.0
202209120540,,0.0
202209120545,,0.0
202209120555,,0.0
202209120610,,0.0
202209120615,,0.0
202209120625,,0.0
202209120630,,0.0
202209120635,,0.0
202209120640,,0.0
202209120650,,0.0
202209120655,,0.0
202209120700,,0.0
202209120710,,0.0
202209120715,,0.0
202209120720,,0.0
202209120730,,0.0
202209120735,,0.0
202209120740,,0.0
202209120745,,0.0
202209120800,,0.0
202209120810,,0.0
202209120815,,0.0
202209120820,,0.0
202209120825,,0.0
202209120840,,0.0
202209120845,,0.0
202209120855,,0.0
202209120915,,0.0
202209120935,,0.0
202209120940,,0.0
202209120950,,0.0
202209121000,,0.0
202209121015,,0.0
202209121020,,0.0
202209121025,,0.0
202209121030,,0.0
202209121035,,0.0
202209121055,,0.0
202209121100,,0.0
202209121110,,0.0
202209121125,,0.0
202209121130,,0.0
202209121140,,0.0
202209121150,,0.0
202209121155,,0.0
202209121200,,0.0
202209121210,,0.0
202209121215,,0.0
202209121225,,0.0
202209121230,,0.0
202209121235,,0.0
202209121240,,0.0
202209121245,,0.0
202209121255,,0.0
202209121300,,0.0
202209121315,,0.0
202209121320,,0.0
202209121335,,0.0
202209121350,,0.0
202209121410,,0.0
202209121415,,0.0
202209121420,,0.0
202209121430,,0.0
202209121435,,0.0
202209121445,,0.0
202209121450,,0.0
202209121510,,0.0
202209121515,,0.0
202209121520,,0.0
202209121530,,0.0
202209121545,,0.0
202209121550,,0.0
202209121555,,0.0
202209121600,,0.0
202209121610,,0.0
202209121620,,0.0
202209121625,,0.0
202209121630,,0.0
202209121635,,0.0
202209121655,,0.0
202209121700,,0.0
202209121725,,0.0
202209121735,,0.0
202209121745,,0.0
202209121755,,0.0
202209121815,,0.0
202209121820,,0.0
202209121825,,0.0
202209121830,,0.0
202209121840,,0.0
202209121850,,0.0
202209121910,,0.0
202209121945,,0.0
202209122000,,0.0
202209122010,,0.0
202209122020,,0.0
202209122025,,0.0
202209122030,,0.0
202209122035,,0.0
202209122040,,0.0
202209122045,,0.0
202209122050,,0.0
202209122100,,0.0
202209122110,,0.0
202209122120,,0.0
202209122125,,0.0
202209122130,,0.0
202209122135,,0.0
202209122140,,0.0
202209122145,,0.0
202209122155,,0.0
202209122200,,0.0
202209122210,,0.0
202209122220,,0.0
202209122225,,0.0
202209122230,,0.0
202209122235,,0.0
202209122245,,0.0
202209122250,,0.0
202209122255,,0.0
202209122310,,0.0
202209122330,,0.0
202209122340,,0.0
202209122345,,0.0
202209122355,,0.0
202209130000,,0.0
202209130010,,0.0
202209130015,,0.0
202209130025,,0.0
202209130035,,0.0
202209130040,,0.0
202209130045,,0.0
202209130050,,0.0
202209130055,,0.0
202209130100,,0.0
202209130115,,0.0
202209130120,,0.0
202209130125,,0.0
202209130135,,0.0
202209130140,,0.0
202209130145,,0.0
202209130155,,0.0
202209130200,,0.0
202209130210,,0.0
202209130215,,0.0
202209130225,,0.0
202209130230,,0.0
202209130235,,0.0
202209130240,,0.0
202209130250,,0.0
202209130255,,0.0
202209130300,,0.0
202209130310,,0.0
202209130315,,0.0
202209130320,,0.0
202209130325,,0.0
202209130335,,0.0
202209130345,,0.0
202209130350,,0.0
202209130355,,0.0
202209130400,,0.0
202209130410,,0.0
202209130420,,0.0
202209130430,,0.0
202209130455,,0.0
202209130500,,0.0
202209130510,,0.0
202209130515,,0.0
202209130520,,0.0
202209130530,,0.0
202209130535,,0.0
202209130540,,0.0
202209130600,,0.0
202209130610,,0.0
202209130615,,0.0
202209130620,,0.0
202209130625,,0.0
202209130635,,0.0
202209130640,,0.0
202209130645,,0.0
202209130650,,0.0
202209130655,,0.0
202209130715,,0.0
202209130720,,0.0
202209130725,,0.0
202209130730,,0.0
202209130735,,0.0
202209130740,,0.0
202209130745,,0.0
202209130755,,0.0
202209130800,,0.0
202209130815,,0.0
202209130820,,0.0
202209130825,,0.0
202209130835,,0.0
202209130845,,0.0
202209130855,,0.0
202209130935,,0.0
202209130940,,0.0
202209131000,,0.0
202209131010,,0.0
202209131015,,0.0
202209131020,,0.0
202209131030,,0.0
202209131035,,0.0
202209131040,,0.0
202209131045,,0.0
202209131055,,0.0
202209131115,,0.0
202209131120,,0.0
202209131135,,0.0
202209131140,,0.0
202209131155,,0.0
202209131220,,0.0
202209131230,,0.0
202209131235,,0.0
202209131240,,0.0
202209131245,,0.0
202209131255,,0.0
202209131315,,0.0
202209131320,,0.0
202209131325,,0.0
202209131335,,0.0
202209131345,,0.0
202209131350,,0.0
202209131355,,0.0
202209131410,,0.0
202209131420,,0.0
202209131430,,0.0
202209131435,,0.0
202209131440,,0.0
202209131445,,0.0
202209131450,,0.0
202209131525,,0.0
202209131530,,0.0
202209131550,,0.0
202209131555,,0.0
202209131600,,0.0
202209131625,,0.0
202209131630,,0.0
202209131650,,0.0
202209131655,,0.0
202209131710,,0.0
202209131720,,0.0
202209131730,,0.0
202209131735,,0.0
202209131740,,0.0
202209131745,,0.0
202209131755,,0.0
202209131800,,0.0
202209131810,,0.0
202209131820,,0.0
202209131825,,0.0
202209131830,,0.0
202209131840,,0.0
202209131845,,0.0
202209131850,,0.0
202209131910,,0.0
202209131915,,0.0
202209131920,,0.0
202209131925,,0.0
202209131930,,0.0
202209131935,,0.0
202209131945,,0.0
202209131955,,0.0
202209132000,,0.0
202209132010,,0.0
202209132015,,0.0
202209132020,,0.0
202209132030,,0.0
202209132035,,0.0
202209132050,,0.0
202209132055,,0.0
202209132120,,0.0
202209132125,,0.0
202209132130,,0.0
202209132140,,0.0
202209132230,,0.0
202209132240,,0.0
202209132245,,0.0
202209132250,,0.0
202209132255,,0.0
202209132300,,0.0
202209132310,,0.0
202209132315,,0.0
202209132320,,0.0
202209132325,,0.0
202209132330,,0.0
202209132335,,0.0
202209132340,,0.0
202209132350,,0.0
202209132355,,0.0
202209140000,,0.0
202209140015,,0.0
202209140020,,0.0
202209140025,,0.0
202209140040,,0.0
202209140050,,0.0
202209140055,,0.0
202209140100,,0.0
202209140115,,0.0
202209140120,,0.0
202209140140,,0.0
202209140150,,0.0
202209140155,,0.0
202209140220,,0.0
202209140240,,0.0
202209140245,,0.0
202209140255,,0.0
202209140315,,0.0
202209140325,,0.0
202209140335,,0.0
202209140350,,0.0
202209140355,,0.0
202209140410,,0.0
202209140415,,0.0
202209140425,,0.0
202209140445,,0.0
202209140450,,0.0
202209140455,,0.0
202209140500,,0.0
202209140510,,0.0
202209140525,,0.0
202209140530,,0.0
202209140535,,0.0
202209140540,,0.0
202209140545,,0.0
202209140550,,0.0
202209140555,,0.0
202209140600,,0.0
202209140610,,0.0
202209140620,,0.0
202209140625,,0.0
202209140630,,0.0
202209140635,,0.0
202209140640,,0.0
202209140650,,0.0
202209140655,,0.0
202209140700,,0.0
202209140710,,0.0
202209140720,,0.0
202209140730,,0.0
202209140735,,0.0
202209140740,,0.0
202209140745,,0.0
202209140750,,0.0
202209140755,,0.0
202209140800,,0.0
202209140815,,0.0
202209140820,,0.0
202209140825,,0.0
202209140830,,0.0
202209140845,,0.0
202209140850,,0.0
202209140855,,0.0
202209140900,,0.0
202209140910,,0.0
202209140915,,0.0
202209140920,,0.0
202209140930,,0.0
202209140935,,0.0
202209140940,,0.0
202209140945,,0.0
202209140955,,0.0
202209141000,,0.0
202209141010,,0.0
202209141015,,0.0
202209141020,,0.0
202209141030,,0.0
202209141035,,0.0
202209141045,,0.0
202209141050,,0.0
202209141055,,0.0
202209141125,,0.0
202209141130,,0.0
202209141135,,0.0
202209141210,,0.0
202209141215,,0.0
202209141220,,0.0
202209141225,,0.0
202209141230,,0.0
202209141240,,0.0
202209141245,,0.0
202209141250,,0.0
202209141255,,0.0
202209141310,,0.0
202209141315,,0.0
202209141335,,0.0
202209141340,,0.0
202209141350,,0.0
202209141355,,0.0
202209141400,,0.0
202209141415,,0.0
202209141425,,0.0
202209141440,,0.0
202209141450,,0.0
202209141455,,0.0
202209141500,,0.0
202209141515,,0.0
202209141530,,0.0
202209141535,,0.0
202209141540,,0.0
202209141545,,0.0
202209141555,,0.0
202209141610,,0.0
202209141615,,0.0
202209141620,,0.0
202209141625,,0.0
202209141630,,0.0
202209141640,,0.0
202209141655,,0.0
202209141700,,0.0
202209141710,,0.0
202209141715,,0.0
202209141725,,0.0
202209141730,,0.0
202209141740,,0.0
202209141750,,0.0
202209141800,,0.0
202209141810,,0.0
202209141815,,0.0
202209141820,,0.0
202209141825,,0.0
202209141830,,0.0
202209141835,,0.0
202209141915,,0.0
202209141940,,0.0
202209141945,,0.0
202209141950,,0.0
202209142010,,0.0
202209142015,,0.0
202209142020,,0.0
202209142025,,0.0
202209142030,,0.0
202209142050,,0.0
202209142100,,0.0
202209142110,,0.0
202209142125,,0.0
202209142130,,0.0
202209142135,,0.0
202209142145,,0.0
202209142200,,0.0
202209142210,,0.0
202209142235,,0.0
202209142240,,0.0
202209142245,,0.0
202209142250,,0.0
202209142300,,0.0
202209142310,,0.0
202209142315,,0.0
202209142320,,0.0
202209142330,,0.0
202209142335,,0.0
202209142340,,0.0
202209142345,,0.0
202209142350,,0.0
202209150010,,0.0
202209150020,,0.0
202209150025,,0.0
202209150030,,0.0
202209150035,,0.0
202209150040,,0.0
202209150045,,0.0
202209150050,,0.0
202209150100,,0.0
202209150110,,0.0
202209150115,,0.0
202209150120,,0.0
202209150130,,0.0
202209150135,,0.0
202209150140,,0.0
202209150145,,0.0
202209150155,,0.0
202209150200,,0.0
202209150215,,0.0
202209150220,,0.0
202209150225,,0.0
202209150235,,0.0
202209150240,,0.0
202209150310,,0.0
202209150315,,0.0
202209150320,,0.0
202209150325,,0.0
202209150330,,0.0
202209150335,,0.0
202209150345,,0.0
202209150350,,0.0
202209150355,,0.0
202209150400,,0.0
202209150415,,0.0
202209150420,,0.0
202209150425,,0.0
202209150430,,0.0
202209150440,,0.0
202209150445,,0.0
202209150450,,0.0
202209150510,,0.0
202209150515,,0.0
202209150525,,0.0
202209150530,,0.0
202209150535,,0.0
202209150540,,0.0
202209150545,,0.0
202209150550,,0.0
202209150555,,0.0
202209150600,,0.0
202209150620,,0.0
202209150625,,0.0
202209150635,,0.0
202209150640,,0.0
202209150650,,0.0
202209150700,,0.0
202209150735,,0.0
202209150750,,0.0
202209150755,,0.0
202209150810,,0.0
202209150820,,0.0
202209150830,,0.0
202209150840,,0.0
202209150845,,0.0
202209150855,,0.0
202209150900,,0.0
202209150920,,0.0
202209150930,,0.0
202209150950,,0.0
202209150955,,0.0
202209151000,,0.0
202209151010,,0.0
202209151020,,0.0
202209151030,,0.0
202209151035,,0.0
202209151040,,0.0
202209151045,,0.0
202209151100,,0.0
202209151110,,0.0
202209151115,,0.0
202209151120,,0.0
202209151130,,0.0
202209151140,,0.0
202209151150,,0.0
202209151215,,0.0
202209151220,,0.0
202209151225,,0.0
202209151235,,0.0
202209151240,,0.0
202209151245,,0.0
202209151250,,0.0
202209151300,,0.0
202209151315,,0.0
202209151325,,0.0
202209151330,,0.0
202209151340,,0.0
202209151350,,0.0
202209151400,,0.0
202209151410,,0.0
202209151415,,0.0
202209151420,,0.0
202209151430,,0.0
202209151435,,0.0
202209151440,,0.0
202209151445,,0.0
202209151455,,0.0
202209151500,,0.0
202209151520,,0.0
202209151525,,0.0
202209151530,,0.0
202209151540,,0.0
202209151550,,0.0
202209151555,,0.0
202209151610,,0.0
202209151615,,0.0
202209151625,,0.0
202209151630,,0.0
202209151635,,0.0
202209151640,,0.0
202209151650,,0.0
202209151655,,0.0
202209151715,,0.0
202209151720,,0.0
202209151725,,0.0
202209151730,,0.0
202209151735,,0.0
202209151750,,0.0
202209151800,,0.0
202209151820,,0.0
202209151825,,0.0
202209151830,,0.0
202209151835,,0.0
202209151910,,0.0
202209151915,,0.0
202209151920,,0.0
202209151925,,0.0
202209151930,,0.0
202209151935,,0.0
202209151940,,0.0
202209151945,,0.0
202209151950,,0.0
202209151955,,0.0
202209152000,,0.0
202209152010,,0.0
202209152020,,0.0
202209152040,,0.0
202209152045,,0.0
202209152055,,0.0
202209152100,,0.0
202209152110,,0.0
202209152115,,0.0
202209152120,,0.0
202209152130,,0.0
202209152135,,0.0
202209152140,,0.0
202209152145,,0.0
202209152155,,0.0
202209152210,,0.0
202209152215,,0.0
202209152245,,0.0
202209152250,,0.0
202209152300,,0.0
202209152315,,0.0
202209152320,,0.0
202209152325,,0.0
202209152335,,0.0
202209152345,,0.0
202209160000,,0.0
202209160010,,0.0
202209160025,,0.0
202209160040,,0.0
202209160045,,0.0
202209160100,,0.0
202209160110,,0.0
202209160115,,0.0
202209160120,,0.0
202209160125,,0.0
202209160130,,0.0
202209160135,,0.0
202209160140,,0.0
202209160150,,0.0
202209160155,,0.0
202209160200,,0.0
202209160215,,0.0
202209160220,,0.0
202209160230,,0.0
202209160235,,0.0
202209160240,,0.0
202209160245,,0.0
202209160250,,0.0
202209160255,,0.0
202209160315,,0.0
202209160320,,0.0
202209160330,,0.0
202209160340,,0.0
202209160350,,0.0
202209160400,,0.0
202209160410,,0.0
202209160420,,0.0
202209160425,,0.0
202209160440,,0.0
202209160445,,0.0
202209160500,,0.0
202209160515,,0.0
202209160520,,0.0
202209160525,,0.0
202209160530,,0.0
202209160545,,0.0
202209160550,,0.0
202209160600,,0.0
202209160610,,0.0
202209160620,,0.0
202209160635,,0.0
202209160645,,0.0
202209160725,,0.0
202209160735,,0.0
202209160740,,0.0
202209160745,,0.0
202209160815,,0.0
202209160820,,0.0
202209160825,,0.0
202209160840,,0.0
202209160845,,0.0
202209160850,,0.0
202209160855,,0.0
202209160900,,0.0
202209160910,,0.0
202209160915,,0.0
202209160935,,0.0
202209160945,,0.0
202209160955,,0.0
202209161010,,0.0
202209161020,,0.0
202209161025,,0.0
202209161030,,0.0
202209161035,,0.0
202209161040,,0.0
202209161050,,0.0
202209161055,,0.0
202209161100,,0.0
202209161115,,0.0
202209161125,,0.0
202209161130,,0.0
202209161135,,0.0
202209161140,,0.0
202209161145,,0.0
202209161150,,0.0
202209161155,,0.0
202209161200,,0.0
202209161210,,0.0
202209161215,,0.0
202209161220,,0.0
202209161235,,0.0
202209161240,,0.0
202209161245,,0.0
202209161250,,0.0
202209161255,,0.0
202209161310,,0.0
202209161320,,0.0
202209161335,,0.0
202209161340,,0.0
202209161345,,0.0
202209161355,,0.0
202209161420,,0.0
202209161425,,0.0
202209161435,,0.0
202209161440,,0.0
202209161445,,0.0
202209161450,,0.0
202209161455,,0.0
202209161510,,0.0
202209161515,,0.0
202209161520,,0.0
202209161525,,0.0
202209161535,,0.0
202209161545,,0.0
202209161555,,0.0
202209161600,,0.0
202209161610,,0.0
202209161615,,0.0
202209161625,,0.0
202209161630,,0.0
202209161640,,0.0
202209161645,,0.0
202209161650,,0.0
202209161700,,0.0
202209161710,,0.0
202209161715,,0.0
202209161725,,0.0
202209161735,,0.0
202209161750,,0.0
202209161800,,0.0
202209161810,,0.0
202209161815,,0.0
202209161820,,0.0
202209161825,,0.0
202209161830,,0.0
202209161840,,0.0
202209161845,,0.0
202209161855,,0.0
202209161915,,0.0
202209161920,,0.0
202209161925,,0.0
202209161930,,0.0
202209161940,,0.0
202209161945,,0.0
202209161950,,0.0
202209161955,,0.0
202209162015,,0.0
202209162025,,0.0
202209162030,,0.0
202209162035,,0.0
202209162040,,0.0
202209162100,,0.0
202209162110,,0.0
202209162115,,0.0
202209162120,,0.0
202209162130,,0.0
202209162135,,0.0
202209162140,,0.0
202209162150,,0.0
202209162155,,0.0
202209162200,,0.0
202209162210,,0.0
202209162225,,0.0
202209162230,,0.0
202209162245,,0.0
202209162250,,0.0
202209162310,,0.0
202209162315,,0.0
202209162320,,0.0
202209162325,,0.0
202209162335,,0.0
202209162340,,0.0
202209162345,,0.0
202209162350,,0.0
202209162355,,0.0
202209170000,,0.0
202209170010,,0.0
202209170015,,0.0
202209170030,,0.0
202209170035,,0.0
202209170040,,0.0
202209170045,,0.0
202209170050,,0.0
202209170055,,0.0
202209170110,,0.0
202209170120,,0.0
202209170130,,0.0
202209170150,,0.0
202209170200,,0.0
202209170215,,0.0
202209170235,,0.0
202209170250,,0.0
202209170255,,0.0
202209170300,,0.0
202209170315,,0.0
202209170320,,0.0
202209170340,,0.0
202209170350,,0.0
202209170355,,0.0
202209170400,,0.0
202209170410,,0.0
202209170415,,0.0
202209170420,,0.0
202209170425,,0.0
202209170445,,0.0
202209170450,,0.0
202209170515,,0.0
202209170530,,0.0
202209170540,,0.0
202209170545,,0.0
202209170555,,0.0
202209170600,,0.0
202209170610,,0.0
202209170615,,0.0
202209170620,,0.0
202209170635,,0.0
202209170650,,0.0
202209170655,,0.0
202209170700,,0.0
202209170710,,0.0
202209170715,,0.0
202209170720,,0.0
202209170725,,0.0
202209170730,,0.0
202209170735,,0.0
202209170740,,0.0
202209170745,,0.0
202209170800,,0.0
202209170840,,0.0
202209170845,,0.0
202209170850,,0.0
202209170855,,0.0
202209170900,,0.0
202209170910,,0.0
202209170915,,0.0
202209170925,,0.0
202209170935,,0.0
202209170940,,0.0
202209170945,,0.0
202209171010,,0.0
202209171015,,0.0
202209171020,,0.0
202209171025,,0.0
202209171030,,0.0
202209171035,,0.0
202209171040,,0.0
202209171045,,0.0
202209171100,,0.0
202209171115,,0.0
202209171120,,0.0
202209171135,,0.0
202209171145,,0.0
202209171150,,0.0
202209171155,,0.0
202209171200,,0.0
202209171215,,0.0
202209171220,,0.0
202209171230,,0.0
202209171235,,0.0
202209171240,,0.0
202209171250,,0.0
202209171255,,0.0
202209171310,,0.0
202209171315,,0.0
202209171320,,0.0
202209171325,,0.0
202209171345,,0.0
202209171350,,0.0
202209171355,,0.0
202209171400,,0.0
202209171410,,0.0
202209171415,,0.0
202209171420,,0.0
202209171425,,0.0
202209171435,,0.0
202209171440,,0.0
202209171445,,0.0
202209171455,,0.0
202209171500,,0.0
202209171515,,0.0
202209171520,,0.0
202209171525,,0.0
202209171530,,0.0
202209171540,,0.0
202209171545,,0.0
202209171550,,0.0
202209171620,,0.0
202209171630,,0.0
202209171635,,0.0
202209171725,,0.0
202209171730,,0.0
202209171735,,0.0
202209171740,,0.0
202209171745,,0.0
202209171810,,0.0
202209171825,,0.0
202209171830,,0.0
202209171835,,0.0
202209171840,,0.0
202209171850,,0.0
202209171910,,0.0
202209171915,,0.0
202209171920,,0.0
202209171930,,0.0
202209171940,,0.0
202209171945,,0.0
202209171950,,0.0
202209172015,,0.0
202209172020,,0.0
202209172025,,0.0
202209172030,,0.0
202209172035,,0.0
202209172040,,0.0
202209172050,,0.0
202209172055,,0.0
202209172110,,0.0
202209172115,,0.0
202209172120,,0.0
202209172125,,0.0
202209172140,,0.0
202209172145,,0.0
202209172150,,0.0
202209172155,,0.0
202209172200,,0.0
202209172210,,0.0
202209172220,,0.0
202209172225,,0.0
202209172240,,0.0
202209172250,,0.0
202209172255,,0.0
202209172300,,0.0
202209172310,,0.0
202209172325,,0.0
202209172340,,0.0
202209172350,,0.0
202209172355,,0.0
202209180000,,0.0
202209180010,,0.0
202209180015,,0.0
202209180035,,0.0
202209180050,,0.0
202209180055,,0.0
202209180100,,0.0
202209180110,,0.0
202209180115,,0.0
202209180125,,0.0
202209180145,,0.0
202209180210,,0.0
202209180220,,0.0
202209180235,,0.0
202209180245,,0.0
202209180310,,0.0
202209180315,,0.0
202209180320,,0.0
202209180325,,0.0
202209180330,,0.0
202209180335,,0.0
202209180340,,0.0
202209180350,,0.0
202209180355,,0.0
202209180400,,0.0
202209180410,,0.0
202209180420,,0.0
202209180425,,0.0
202209180435,,0.0
202209180440,,0.0
202209180450,,0.0
202209180455,,0.0
202209180500,,0.0
202209180510,,0.0
202209180520,,0.0
202209180535,,0.0
202209180540,,0.0
202209180550,,0.0
202209180555,,0.0
202209180615,,0.0
202209180620,,0.0
202209180625,,0.0
202209180640,,0.0
202209180700,,0.0
202209180730,,0.0
202209180735,,0.0
202209180740,,0.0
202209180750,,0.0
202209180755,,0.0
202209180810,,0.0
202209180830,,0.0
202209180835,,0.0
202209180845,,0.0
202209180850,,0.0
202209180855,,0.0
202209180910,,0.0
202209180915,,0.0
202209180925,,0.0
202209180930,,0.0
202209180935,,0.0
202209180955,,0.0
202209181000,,0.0
202209181015,,0.0
202209181025,,0.0
202209181030,,0.0
202209181035,,0.0
202209181040,,0.0
202209181045,,0.0
202209181050,,0.0
202209181100,,0.0
202209181110,,0.0
202209181115,,0.0
202209181125,,0.0
202209181135,,0.0
202209181140,,0.0
202209181150,,0.0
202209181155,,0.0
202209181200,,0.0
202209181210,,0.0
202209181220,,0.0
202209181235,,0.0
202209181245,,0.0
202209181250,,0.0
202209181255,,0.0
202209181300,,0.0
202209181310,,0.0
202209181315,,0.0
202209181320,,0.0
202209181335,,0.0
202209181340,,0.0
202209181350,,0.0
202209181410,,0.0
202209181415,,0.0
202209181430,,0.0
202209181440,,0.0
202209181445,,0.0
202209181450,,0.0
202209181455,,0.0
202209181510,,0.0
202209181515,,0.0
202209181520,,0.0
202209181525,,0.0
202209181530,,0.0
202209181535,,0.0
202209181545,,0.0
202209181550,,0.0
202209181555,,0.0
202209181600,,0.0
202209181610,,0.0
202209181615,,0.0
202209181620,,0.0
202209181625,,0.0
202209181630,,0.0
202209181635,,0.0
202209181640,,0.0
202209181650,,0.0
202209181655,,0.0
202209181710,,0.0
202209181725,,0.0
202209181735,,0.0
202209181750,,0.0
202209181755,,0.0
202209181800,,0.0
202209181815,,0.0
202209181825,,0.0
202209181835,,0.0
202209181845,,0.0
202209181850,,0.0
202209181855,,0.0
202209181910,,0.0
202209181925,,0.0
202209181940,,0.0
202209181950,305.0,0.4
202209181955,,0.0
202209182000,,0.0
202209182010,326.0,0.4
202209182015,321.0,0.9
202209182020,357.0,0.9
202209182030,356.0,0.9
202209182035,8.0,0.9
202209182040,298.0,0.9
202209182100,353.0,0.9
202209182110,345.0,0.4
202209182120,289.0,0.9
202209182130,,0.0
202209182150,39.0,0.9
202209182210,,0.0
202209182220,340.0,0.9
202209182225,356.0,0.9
202209182230,309.0,0.9
202209182240,,0.0
202209182245,,0.0
202209182250,,0.0
202209182300,,0.0
202209182310,,0.0
202209182320,,0.0
202209182330,,0.0
202209182340,,0.0
202209182345,,0.0
202209182355,,0.0
202209190000,,0.0
202209190010,,0.0
202209190030,,0.0
202209190035,,0.0
202209190040,,0.0
202209190045,,0.0
202209190050,,0.0
202209190055,,0.0
202209190100,,0.0
202209190120,,0.0
202209190125,,0.0
202209190130,,0.0
202209190135,,0.0
202209190150,,0.0
202209190215,,0.0
202209190220,,0.0
202209190225,,0.0
202209190230,,0.0
202209190240,,0.0
202209190250,,0.0
202209190255,,0.0
202209190300,,0.0
202209190310,,0.0
202209190315,,0.0
202209190325,,0.0
202209190345,,0.0
202209190350,,0.0
202209190355,,0.0
202209190400,,0.0
202209190410,,0.0
202209190415,,0.0
202209190425,,0.0
202209190435,,0.0
202209190440,,0.0
202209190445,,0.0
202209190450,,0.0
202209190455,,0.0
202209190510,,0.0
202209190515,,0.0
202209190520,,0.0
202209190525,,0.0
202209190530,,0.0
202209190540,,0.0
202209190545,,0.0
202209190555,,0.0
202209190610,,0.0
202209190615,,0.0
202209190620,,0.0
202209190630,,0.0
202209190635,,0.0
202209190640,,0.0
202209190645,,0.0
202209190655,,0.0
202209190700,,0.0
202209190710,,0.0
202209190715,,0.0
202209190725,,0.0
202209190735,,0.0
202209190745,,0.0
202209190750,,0.0
202209190800,,0.0
202209190810,,0.0
202209190830,,0.0
202209190835,,0.0
202209190850,,0.0
202209190855,,0.0
202209190910,,0.0
202209190915,,0.0
202209190920,,0.0
202209190925,,0.0
202209190935,,0.0
202209190950,,0.0
202209190955,,0.0
202209191000,,0.0
202209191010,,0.0
202209191020,,0.0
202209191030,,0.0
202209191050,,0.0
202209191055,,0.0
202209191125,,0.0
202209191155,,0.0
202209191200,,0.0
202209191210,,0.0
202209191215,,0.0
202209191230,,0.0
202209191245,,0.0
202209191250,,0.0
202209191300,,0.0
202209191310,,0.0
202209191315,,0.0
202209191320,,0.0
202209191340,,0.0
202209191345,,0.0
202209191350,,0.0
202209191400,,0.0
202209191410,,0.0
202209191425,0.0,0.4
202209191430,309.0,0.4
202209191435,338.0,0.9
202209191455,323.0,0.9
202209191500,314.0,0.9
202209191520,,0.0
202209191525,,0.0
202209191530,,0.0
202209191535,,0.0
202209191540,,0.0
202209191550,312.0,0.4
202209191620,,0.0
202209191625,336.0,0.4
202209191630,158.0,0.4
202209191635,344.0,0.4
202209191640,332.0,0.4
202209191645,26.0,0.9
202209191650,328.0,0.9
202209191655,0.0,0.9
202209191710,322.0,0.9
202209191720,14.0,0.9
202209191730,,0.0
202209191735,347.0,0.9
202209191740,336.0,0.9
202209191800,9.0,0.4
202209191810,349.0,0.9
202209191820,344.0,1.3
202209191825,340.0,0.9
202209191835,7.0,0.9
202209191845,315.0,0.4
202209191850,36.0,0.4
202209191855,0.0,0.9
202209191935,339.0,0.9
202209191940,8.0,0.9
202209191945,328.0,0.9
202209191950,132.0,0.9
202209192000,,0.0
202209192010,344.0,0.4
202209192030,,0.0
202209192035,,0.0
202209192045,,0.0
202209192055,,0.0
202209192100,,0.0
202209192120,345.0,0.9
202209192125,,0.0
202209192145,,0.0
202209192150,,0.0
202209192200,,0.0
202209192210,,0.0
202209192215,,0.0
202209192220,,0.0
202209192230,,0.0
202209192235,,0.0
202209192245,,0.0
202209192250,,0.0
202209192255,,0.0
202209192300,,0.0
202209192310,,0.0
202209192315,,0.0
202209192320,,0.0
202209192330,,0.0
202209192335,,0.0
202209192340,,0.0
202209192345,,0.0
202209192350,,0.0
202209200000,,0.0
202209200015,,0.0
202209200020,,0.0
202209200030,,0.0
202209200035,,0.0
202209200040,,0.0
202209200045,,0.0
202209200050,,0.0
202209200055,,0.0
202209200100,,0.0
202209200110,,0.0
202209200115,,0.0
202209200120,,0.0
202209200125,,0.0
202209200130,,0.0
202209200135,,0.0
202209200140,,0.0
202209200150,,0.0
202209200155,,0.0
202209200200,,0.0
202209200215,,0.0
202209200220,,0.0
202209200230,,0.0
202209200235,,0.0
202209200240,,0.0
202209200245,,0.0
202209200255,,0.0
202209200310,,0.0
202209200315,,0.0
202209200340,,0.0
202209200345,,0.0
202209200350,,0.0
202209200355,,0.0
202209200410,,0.0
202209200425,,0.0
202209200430,,0.0
202209200440,,0.0
202209200445,,0.0
202209200450,,0.0
202209200455,,0.0
202209200500,,0.0
202209200515,,0.0
202209200520,,0.0
202209200530,,0.0
202209200535,,0.0
202209200545,,0.0
202209200550,,0.0
202209200555,,0.0
202209200600,,0.0
202209200610,,0.0
202209200615,,0.0
202209200625,,0.0
202209200645,,0.0
202209200655,,0.0
202209200700,,0.0
202209200725,,0.0
202209200735,,0.0
202209200740,,0.0
202209200745,,0.0
202209200750,,0.0
202209200755,,0.0
202209200800,,0.0
202209200810,,0.0
202209200815,,0.0
202209200820,,0.0
202209200830,,0.0
202209200835,,0.0
202209200840,,0.0
202209200855,,0.0
202209200900,,0.0
202209200910,,0.0
202209200915,,0.0
202209200925,,0.0
202209200930,,0.0
202209200935,,0.0
202209200945,,0.0
202209201010,,0.0
202209201015,,0.0
202209201025,,0.0
202209201030,,0.0
202209201035,,0.0
202209201040,,0.0
202209201045,,0.0
202209201050,,0.0
202209201055,,0.0
202209201100,,0.0
202209201115,,0.0
202209201125,,0.0
202209201140,,0.0
202209201155,,0.0
202209201200,,0.0
202209201210,,0.0
202209201220,,0.0
202209201225,,0.0
202209201230,,0.0
202209201250,,0.0
202209201255,,0.0
202209201300,,0.0
202209201320,,0.0
202209201330,,0.0
202209201355,,0.0
202209201400,,0.0
202209201410,,0.0
202209201420,,0.0
202209201425,,0.0
202209201430,,0.0
202209201435,,0.0
202209201440,,0.0
202209201445,,0.0
202209201450,,0.0
202209201455,,0.0
202209201510,,0.0
202209201525,,0.0
202209201530,,0.0
202209201535,,0.0
202209201540,,0.0
202209201550,336.0,0.9
202209201610,,0.0
202209201620,323.0,0.4
202209201625,325.0,0.9
202209201630,310.0,0.9
202209201635,,0.0
202209201640,,0.0
202209201645,294.0,0.9
202209201655,1.0,0.4
202209201700,313.0,0.4
202209201710,335.0,0.4
202209201715,,0.0
202209201720,,0.0
202209201725,342.0,0.4
202209201730,299.0,0.4
202209201740,,0.0
202209201745,0.0,0.4
202209201755,325.0,0.9
202209201800,19.0,0.9
202209201810,321.0,0.4
202209201815,0.0,0.9
202209201820,225.0,0.9
202209201830,188.0,0.4
202209201840,,0.0
202209201845,,0.0
202209201900,,0.0
202209201910,,0.0
202209201920,165.0,0.9
202209201930,284.0,0.9
202209201940,344.0,0.4
202209201945,306.0,0.9
202209201955,,0.0
202209202000,,0.0
202209202010,25.0,0.9
202209202015,,0.0
202209202020,,0.0
202209202025,302.0,0.9
202209202030,10.0,0.9
202209202035,,0.0
202209202040,,0.0
202209202050,350.0,0.9
202209202055,351.0,0.4
202209202100,29.0,0.4
202209202110,,0.0
202209202115,,0.0
202209202130,,0.0
202209202140,,0.0
202209202145,,0.0
202209202150,,0.0
202209202155,,0.0
202209202215,,0.0
202209202220,,0.0
202209202230,,0.0
202209202235,,0.0
202209202240,,0.0
202209202245,,0.0
202209202250,,0.0
202209202255,,0.0
202209202300,,0.0
202209202325,,0.0
202209202340,,0.0
202209202350,,0.0
202209202355,,0.0
202209210000,,0.0
202209210010,,0.0
202209210020,,0.0
202209210025,,0.0
202209210035,,0.0
202209210040,,0.0
202209210045,,0.0
202209210050,,0.0
202209210100,,0.0
202209210110,,0.0
202209210120,,0.0
202209210125,,0.0
202209210130,,0.0
202209210135,,0.0
202209210140,,0.0
202209210145,,0.0
202209210150,,0.0
202209210200,,0.0
202209210210,,0.0
202209210215,,0.0
202209210225,,0.0
202209210235,,0.0
202209210240,,0.0
202209210250,,0.0
202209210255,,0.0
202209210310,,0.0
202209210315,,0.0
202209210320,,0.0
202209210330,,0.0
202209210340,,0.0
202209210345,,0.0
202209210355,,0.0
202209210400,,0.0
202209210410,,0.0
202209210420,,0.0
202209210425,,0.0
202209210445,,0.0
202209210450,,0.0
202209210455,,0.0
202209210510,,0.0
202209210525,,0.0
202209210530,,0.0
202209210535,,0.0
202209210540,,0.0
202209210545,,0.0
202209210555,,0.0
202209210615,,0.0
202209210625,,0.0
202209210640,,0.0
202209210645,,0.0
202209210650,,0.0
202209210700,,0.0
202209210725,,0.0
202209210735,,0.0
202209210755,,0.0
202209210810,,0.0
202209210825,,0.0
202209210830,,0.0
202209210845,,0.0
202209210850,,0.0
202209210855,,0.0
202209210900,,0.0
202209210910,,0.0
202209210920,,0.0
202209210925,,0.0
202209210930,,0.0
202209210935,,0.0
202209210940,,0.0
202209210945,,0.0
202209210950,,0.0
202209210955,,0.0
202209211000,,0.0
202209211010,,0.0
202209211015,,0.0
202209211035,,0.0
202209211040,,0.0
202209211045,,0.0
202209211050,,0.0
202209211055,,0.0
202209211110,,0.0
202209211120,,0.0
202209211125,,0.0
202209211135,,0.0
202209211140,,0.0
202209211145,,0.0
202209211155,,0.0
202209211200,,0.0
202209211210,,0.0
202209211215,,0.0
202209211220,,0.0
202209211225,,0.0
202209211235,,0.0
202209211240,,0.0
202209211300,,0.0
202209211310,,0.0
202209211315,,0.0
202209211325,,0.0
202209211330,,0.0
202209211340,,0.0
202209211345,,0.0
202209211355,,0.0
202209211400,,0.0
202209211410,,0.0
202209211415,,0.0
202209211420,,0.0
202209211425,,0.0
202209211430,,0.0
202209211435,,0.0
202209211455,,0.0
202209211510,,0.0
202209211515,,0.0
202209211520,,0.0
202209211530,,0.0
202209211545,,0.0
202209211550,,0.0
202209211600,,0.0
202209211610,,0.0
202209211620,,0.0
202209211625,,0.0
202209211630,,0.0
202209211635,,0.0
202209211640,,0.0
202209211645,102.0,0.9
202209211655,,0.0
202209211700,,0.0
202209211710,,0.0
202209211715,124.0,0.4
202209211720,339.0,0.4
202209211730,308.0,0.9
202209211740,,0.0
202209211750,290.0,0.9
202209211755,,0.0
202209211830,,0.0
202209211835,,0.0
202209211840,,0.0
202209211850,,0.0
202209211855,,0.0
202209211900,,0.0
202209211910,,0.0
202209211925,,0.0
202209211930,,0.0
202209211935,,0.0
202209211940,,0.0
202209211945,12.0,0.9
202209211950,43.0,0.9
202209211955,,0.0
202209212000,,0.0
202209212010,,0.0
202209212015,348.0,0.4
202209212020,324.0,0.4
202209212025,302.0,0.9
202209212030,330.0,0.9
202209212040,333.0,0.4
202209212045,304.0,0.9
202209212050,340.0,0.9
202209212100,329.0,0.9
202209212110,68.0,0.4
202209212115,,0.0
202209212120,,0.0
202209212125,,0.0
202209212130,,0.0
202209212140,331.0,0.4
202209212155,324.0,0.4
202209212200,341.0,0.4
202209212210,,0.0
202209212220,,0.0
202209212235,,0.0
202209212240,,0.0
202209212250,,0.0
202209212255,,0.0
202209212315,,0.0
202209212320,,0.0
202209212325,,0.0
202209212340,,0.0
202209212355,,0.0
202209220000,,0.0
202209220015,,0.0
202209220020,,0.0
202209220025,,0.0
202209220030,,0.0
202209220035,,0.0
202209220040,,0.0
202209220055,,0.0
202209220100,,0.0
202209220110,,0.0
202209220115,,0.0
202209220120,,0.0
202209220125,,0.0
202209220135,,0.0
202209220150,,0.0
202209220155,,0.0
202209220200,,0.0
202209220210,,0.0
202209220215,,0.0
202209220220,,0.0
202209220225,,0.0
202209220240,,0.0
202209220250,,0.0
202209220300,,0.0
202209220310,,0.0
202209220325,,0.0
202209220330,,0.0
202209220335,,0.0
202209220340,,0.0
202209220355,,0.0
202209220400,,0.0
202209220415,,0.0
202209220430,,0.0
202209220440,,0.0
202209220445,,0.0
202209220450,,0.0
202209220455,,0.0
202209220500,,0.0
202209220515,,0.0
202209220520,,0.0
202209220535,,0.0
202209220540,,0.0
202209220545,,0.0
202209220555,,0.0
202209220610,,0.0
202209220620,154.0,0.9
202209220625,193.0,0.9
202209220630,187.0,0.9
202209220635,221.0,0.9
202209220640,221.0,0.9
202209220645,204.0,0.9
202209220655,204.0,0.9
202209220700,214.0,0.9
202209220710,197.0,0.9
202209220715,204.0,0.9
202209220730,157.0,0.9
202209220745,207.0,0.9
202209220810,,0.0
202209220815,184.0,0.4
202209220820,183.0,0.4
202209220830,,0.0
202209220845,,0.0
202209220850,,0.0
202209220900,205.0,0.9
202209220910,188.0,0.9
202209220915,199.0,0.9
202209220920,213.0,0.9
202209220925,194.0,0.9
202209220930,183.0,0.9
202209220935,188.0,0.9
202209220940,182.0,0.9
202209220945,207.0,0.9
202209221015,151.0,0.4
202209221020,151.0,0.4
202209221025,,0.0
202209221035,,0.0
202209221040,,0.0
202209221055,203.0,0.9
202209221100,187.0,0.9
202209221110,188.0,0.9
202209221115,182.0,0.9
202209221120,184.0,0.9
202209221125,,0.0
202209221130,,0.0
202209221140,,0.0
202209221150,,0.0
202209221155,,0.0
202209221200,,0.0
202209221215,,0.0
202209221225,218.0,0.4
202209221235,221.0,0.4
202209221245,225.0,0.9
202209221320,195.0,0.9
202209221325,172.0,1.3
202209221330,9.0,1.3
202209221340,217.0,0.9
202209221345,216.0,0.9
202209221350,339.0,0.9
202209221355,276.0,0.9
202209221400,190.0,0.9
202209221410,72.0,0.9
202209221415,248.0,0.9
202209221420,219.0,0.9
202209221425,262.0,0.4
202209221430,130.0,0.4
202209221435,261.0,0.9
202209221440,216.0,0.9
202209221445,299.0,0.9
202209221450,353.0,0.9
202209221500,356.0,0.9
202209221525,339.0,0.9
202209221530,4.0,0.9
202209221545,325.0,1.3
202209221600,99.0,1.3
202209221615,301.0,1.3
202209221620,265.0,1.3
202209221635,354.0,0.9
202209221640,339.0,0.9
202209221650,338.0,0.9
202209221655,321.0,1.3
202209221700,187.0,1.3
202209221710,243.0,1.3
202209221715,355.0,1.3
202209221755,30.0,0.9
202209221800,330.0,0.9
202209221810,68.0,0.9
202209221820,348.0,0.9
202209221835,298.0,1.3
202209221840,336.0,1.3
202209221850,202.0,1.3
202209221900,328.0,1.3
202209221910,352.0,0.9
202209221915,180.0,1.3
202209221920,173.0,1.3
202209221930,349.0,2.2
202209221940,313.0,2.2
202209221945,160.0,2.2
202209222000,285.0,2.2
202209222015,315.0,0.9
202209222020,292.0,0.9
202209222030,342.0,1.3
202209222035,289.0,2.2
202209222050,324.0,1.3
202209222055,345.0,0.9
202209222100,317.0,0.9
202209222110,327.0,0.9
202209222115,333.0,0.4
202209222120,341.0,0.4
202209222125,353.0,2.2
202209222135,192.0,1.3
202209222145,292.0,0.4
202209222155,,0.0
202209222200,,0.0
202209222210,,0.0
202209222220,,0.0
202209222230,,0.0
202209222235,,0.0
202209222240,,0.0
202209222245,,0.0
202209222300,,0.0
202209222315,,0.0
202209222320,,0.0
202209222325,,0.0
202209222330,,0.0
202209222350,,0.0
202209230000,,0.0
202209230020,325.0,0.4
202209230035,353.0,0.9
202209230050,329.0,0.9
202209230055,337.0,0.9
202209230100,326.0,0.9
202209230110,336.0,1.3
202209230115,339.0,0.9
202209230120,324.0,0.9
202209230125,328.0,0.9
202209230130,322.0,0.9
202209230140,,0.0
202209230150,,0.0
202209230155,,0.0
202209230200,,0.0
202209230220,,0.0
202209230225,,0.0
202209230230,,0.0
202209230235,,0.0
202209230245,344.0,0.4
202209230250,0.0,0.4
202209230255,341.0,0.9
202209230300,346.0,0.9
202209230310,2.0,0.9
202209230315,0.0,1.3
202209230320,1.0,1.3
202209230325,5.0,0.4
202209230330,351.0,0.4
202209230335,1.0,0.9
202209230340,7.0,0.9
202209230345,347.0,0.9
202209230350,355.0,0.9
202209230400,8.0,1.3
202209230410,342.0,0.9
202209230415,346.0,0.9
202209230420,347.0,0.9
202209230445,354.0,0.9
202209230455,,0.0
202209230510,,0.0
202209230520,,0.0
202209230525,,0.0
202209230540,353.0,0.9
202209230550,346.0,1.3
202209230555,355.0,0.9
202209230600,357.0,0.9
202209230615,355.0,0.9
202209230625,1.0,0.9
202209230630,349.0,0.9
202209230635,340.0,0.9
202209230650,2.0,0.4
202209230655,2.0,0.9
202209230700,349.0,0.9
202209230730,336.0,0.4
202209230745,307.0,0.4
202209230755,,0.0
202209230815,324.0,0.4
202209230820,352.0,0.4
202209230830,46.0,0.4
202209230835,345.0,0.4
202209230850,335.0,0.4
202209230900,,0.0
202209230910,,0.0
202209230915,,0.0
202209230925,,0.0
202209230930,,0.0
202209230935,,0.0
202209230940,,0.0
202209230945,,0.0
202209231000,348.0,0.4
202209231010,345.0,0.4
202209231020,,0.0
202209231025,,0.0
202209231035,,0.0
202209231045,,0.0
202209231050,,0.0
202209231055,,0.0
202209231100,,0.0
202209231110,,0.0
202209231115,,0.0
202209231120,,0.0
202209231125,,0.0
202209231130,,0.0
202209231135,,0.0
202209231145,,0.0
202209231150,,0.0
202209231155,,0.0
202209231210,,0.0
202209231220,,0.0
202209231225,,0.0
202209231235,,0.0
202209231240,,0.0
202209231245,,0.0
202209231255,,0.0
202209231300,,0.0
202209231310,330.0,0.9
202209231315,65.0,0.4
202209231325,311.0,0.4
202209231335,25.0,0.4
202209231340,23.0,0.4
202209231345,296.0,0.4
202209231410,163.0,0.9
202209231420,9.0,0.9
202209231425,335.0,0.9
202209231430,320.0,0.9
202209231440,3.0,0.9
202209231445,353.0,0.9
202209231450,333.0,0.9
202209231500,332.0,0.9
202209231510,338.0,0.9
202209231525,352.0,0.9
202209231530,356.0,0.9
202209231535,2.0,0.9
202209231540,352.0,0.9
202209231545,344.0,0.9
202209231550,350.0,0.9
202209231555,142.0,0.9
202209231610,345.0,0.9
202209231620,64.0,0.9
202209231630,357.0,0.9
202209231635,338.0,0.4
202209231640,299.0,0.4
202209231650,331.0,0.9
202209231700,248.0,0.4
202209231720,311.0,0.9
202209231725,53.0,0.4
202209231730,23.0,0.4
202209231735,263.0,0.4
202209231750,15.0,0.4
202209231755,176.0,0.9
202209231800,289.0,0.9
202209231820,,0.0
202209231830,293.0,0.9
202209231835,358.0,0.9
202209231845,327.0,0.9
202209231900,116.0,0.9
202209231910,142.0,0.4
202209231915,,0.0
202209231920,,0.0
202209231925,315.0,0.9
202209231935,25.0,0.4
202209231940,333.0,0.4
202209231945,344.0,0.9
202209231950,337.0,0.9
202209232010,269.0,0.4
202209232020,320.0,0.9
202209232025,322.0,0.9
202209232030,192.0,0.9
202209232040,260.0,0.4
202209232045,67.0,0.4
202209232050,98.0,0.4
202209232055,,0.0
202209232100,,0.0
202209232115,319.0,0.9
202209232120,352.0,0.9
202209232125,334.0,0.9
202209232130,287.0,0.9
202209232135,,0.0
202209232140,,0.0
202209232150,,0.0
202209232155,,0.0
202209232200,,0.0
202209232215,,0.0
202209232240,,0.0
202209232245,,0.0
202209232250,,0.0
202209232255,,0.0
202209232300,,0.0
202209232310,,0.0
202209232315,,0.0
202209232325,,0.0
202209232330,,0.0
202209232335,,0.0
202209232340,,0.0
202209232350,,0.0
202209232355,,0.0
202209240010,,0.0
202209240015,,0.0
202209240025,,0.0
202209240030,,0.0
202209240045,,0.0
202209240050,,0.0
202209240055,,0.0
202209240110,,0.0
202209240115,,0.0
202209240120,,0.0
202209240130,,0.0
202209240135,,0.0
202209240145,,0.0
202209240210,,0.0
202209240215,,0.0
202209240220,,0.0
202209240230,,0.0
202209240235,,0.0
202209240240,,0.0
202209240250,,0.0
202209240255,,0.0
202209240300,,0.0
202209240330,,0.0
202209240355,,0.0
202209240400,,0.0
202209240410,,0.0
202209240415,,0.0
202209240430,,0.0
202209240435,,0.0
202209240440,,0.0
202209240445,,0.0
202209240455,,0.0
202209240500,,0.0
202209240515,,0.0
202209240520,,0.0
202209240525,,0.0
202209240530,,0.0
202209240535,,0.0
202209240550,,0.0
202209240555,,0.0
202209240610,,0.0
202209240615,,0.0
202209240635,,0.0
202209240640,,0.0
202209240645,,0.0
202209240650,,0.0
202209240655,,0.0
202209240720,,0.0
202209240730,,0.0
202209240750,,0.0
202209240755,,0.0
202209240800,,0.0
202209240810,,0.0
202209240820,,0.0
202209240830,,0.0
202209240835,,0.0
202209240850,,0.0
202209240910,,0.0
202209240915,,0.0
202209240920,,0.0
202209240925,,0.0
202209240940,,0.0
202209240945,,0.0
202209240955,,0.0
202209241000,,0.0
202209241035,,0.0
202209241040,,0.0
202209241050,,0.0
202209241110,,0.0
202209241115,,0.0
202209241120,,0.0
202209241125,,0.0
202209241130,,0.0
202209241145,,0.0
202209241150,,0.0
202209241200,,0.0
202209241225,,0.0
202209241230,,0.0
202209241235,,0.0
202209241250,,0.0
202209241310,,0.0
202209241335,,0.0
202209241340,,0.0
202209241345,,0.0
202209241350,,0.0
202209241415,,0.0
202209241435,,0.0
202209241445,,0.0
202209241450,,0.0
202209241455,,0.0
202209241500,,0.0
202209241510,,0.0
202209241515,,0.0
202209241520,,0.0
202209241525,,0.0
202209241530,,0.0
202209241535,,0.0
202209241540,,0.0
202209241550,,0.0
202209241555,,0.0
202209241600,,0.0
202209241635,,0.0
202209241645,,0.0
202209241650,,0.0
202209241710,,0.0
202209241715,,0.0
202209241720,,0.0
202209241725,,0.0
202209241730,,0.0
202209241735,81.0,0.9
202209241740,161.0,0.9
202209241745,,0.0
202209241750,,0.0
202209241800,,0.0
202209241810,,0.0
202209241815,,0.0
202209241825,,0.0
202209241830,,0.0
202209241835,,0.0
202209241840,,0.0
202209241845,153.0,0.9
202209241850,199.0,0.9
202209241855,318.0,0.4
202209241900,168.0,0.4
202209241910,,0.0
202209241945,,0.0
202209242000,,0.0
202209242020,,0.0
202209242035,301.0,0.9
202209242040,316.0,0.9
202209242045,,0.0
202209242050,,0.0
202209242100,,0.0
202209242115,,0.0
202209242120,,0.0
202209242135,,0.0
202209242140,,0.0
202209242145,242.0,0.4
202209242150,244.0,0.4
202209242155,,0.0
202209242200,,0.0
202209242215,,0.0
202209242225,,0.0
202209242250,,0.0
202209242255,,0.0
202209242300,,0.0
202209242310,,0.0
202209242320,,0.0
202209242325,,0.0
202209242335,,0.0
202209242345,,0.0
202209242350,,0.0
202209250000,,0.0
202209250015,,0.0
202209250020,,0.0
202209250030,,0.0
202209250035,,0.0
202209250040,,0.0
202209250045,,0.0
202209250050,,0.0
202209250055,,0.0
202209250100,,0.0
202209250110,,0.0
202209250115,,0.0
202209250120,,0.0
202209250125,,0.0
202209250140,,0.0
202209250145,,0.0
202209250150,,0.0
202209250200,,0.0
202209250210,,0.0
202209250215,,0.0
202209250220,,0.0
202209250230,,0.0
202209250235,,0.0
202209250245,,0.0
202209250250,,0.0
202209250255,,0.0
202209250300,,0.0
202209250310,,0.0
202209250320,,0.0
202209250335,,0.0
202209250340,,0.0
202209250345,,0.0
202209250350,,0.0
202209250355,,0.0
202209250400,,0.0
202209250410,,0.0
202209250420,,0.0
202209250425,,0.0
202209250430,,0.0
202209250435,,0.0
202209250440,,0.0
202209250500,,0.0
202209250515,,0.0
202209250520,,0.0
202209250525,205.0,0.4
202209250545,,0.0
202209250600,195.0,0.4
202209250615,,0.0
202209250620,,0.0
202209250625,,0.0
202209250635,,0.0
202209250640,,0.0
202209250645,,0.0
202209250650,,0.0
202209250720,202.0,0.4
202209250725,,0.0
202209250740,,0.0
202209250745,,0.0
202209250755,,0.0
202209250820,,0.0
202209250835,,0.0
202209250845,,0.0
202209250850,,0.0
202209250900,178.0,0.4
202209250915,,0.0
202209250925,,0.0
202209250930,,0.0
202209250935,,0.0
202209250940,,0.0
202209250955,,0.0
202209251015,,0.0
202209251020,,0.0
202209251025,,0.0
202209251030,,0.0
202209251035,,0.0
202209251040,,0.0
202209251050,,0.0
202209251100,,0.0
202209251110,,0.0
202209251115,,0.0
202209251120,,0.0
202209251125,,0.0
202209251140,,0.0
202209251145,,0.0
202209251155,,0.0
202209251200,,0.0
202209251210,,0.0
202209251215,,0.0
202209251220,,0.0
202209251225,195.0,0.4
202209251230,190.0,0.4
202209251235,,0.0
202209251250,,0.0
202209251255,,0.0
202209251315,,0.0
202209251320,,0.0
202209251330,,0.0
202209251335,220.0,0.9
202209251345,215.0,0.9
202209251355,204.0,0.9
202209251400,230.0,0.9
202209251410,184.0,1.3
202209251420,207.0,1.3
202209251425,217.0,2.7
202209251430,173.0,2.7
202209251435,221.0,2.2
202209251445,202.0,1.3
202209251450,242.0,1.3
202209251510,201.0,1.3
202209251520,215.0,2.2
202209251530,215.0,2.2
202209251540,221.0,2.2
202209251545,254.0,1.3
202209251550,182.0,1.3
202209251555,248.0,1.3
202209251615,218.0,1.3
202209251625,137.0,0.9
202209251630,226.0,0.9
202209251635,175.0,0.9
202209251640,340.0,0.9
202209251645,164.0,0.9
202209251650,177.0,0.9
202209251720,71.0,0.9
202209251730,309.0,1.3
202209251735,216.0,1.3
202209251740,321.0,1.3
202209251745,199.0,0.9
202209251750,304.0,0.9
202209251755,299.0,2.2
202209251820,271.0,0.9
202209251825,198.0,0.9
202209251830,350.0,0.9
202209251835,0.0,0.9
202209251850,282.0,0.9
202209251855,254.0,1.3
202209251900,346.0,1.3
202209251910,357.0,0.9
202209251915,179.0,0.4
202209251920,346.0,0.4
202209251930,149.0,0.9
202209251940,208.0,0.4
202209251945,296.0,0.9
202209251950,357.0,0.9
202209252010,354.0,0.9
202209252015,281.0,0.9
202209252020,323.0,0.9
202209252025,183.0,0.9
202209252035,284.0,0.9
202209252045,321.0,0.4
202209252055,186.0,0.9
202209252100,341.0,0.9
202209252120,334.0,0.4
202209252130,329.0,0.4
202209252135,352.0,0.4
202209252140,355.0,0.4
202209252145,318.0,0.9
202209252150,315.0,0.9
202209252155,,0.0
202209252210,194.0,0.4
202209252220,,0.0
202209252230,,0.0
202209252235,,0.0
202209252240,,0.0
202209252245,,0.0
202209252250,,0.0
202209252255,,0.0
202209252300,,0.0
202209252320,,0.0
202209252330,,0.0
202209252335,133.0,0.4
202209260000,,0.0
202209260010,,0.0
202209260015,,0.0
202209260025,,0.0
202209260035,,0.0
202209260040,,0.0
202209260050,,0.0
202209260055,,0.0
202209260110,,0.0
202209260115,,0.0
202209260120,,0.0
202209260130,,0.0
202209260135,,0.0
202209260150,,0.0
202209260155,,0.0
202209260200,,0.0
202209260220,,0.0
202209260225,,0.0
202209260230,,0.0
202209260245,,0.0
202209260250,,0.0
202209260255,,0.0
202209260300,,0.0
202209260325,,0.0
202209260335,,0.0
202209260340,,0.0
202209260345,,0.0
202209260350,,0.0
202209260355,,0.0
202209260400,,0.0
202209260420,,0.0
202209260430,,0.0
202209260435,,0.0
202209260440,,0.0
202209260500,,0.0
202209260520,179.0,0.9
202209260530,,0.0
202209260535,,0.0
202209260540,,0.0
202209260545,,0.0
202209260550,,0.0
202209260555,,0.0
202209260600,,0.0
202209260620,,0.0
202209260625,,0.0
202209260630,,0.0
202209260635,,0.0
202209260645,,0.0
202209260650,,0.0
202209260715,,0.0
202209260735,,0.0
202209260740,,0.0
202209260750,,0.0
202209260810,,0.0
202209260820,,0.0
202209260840,,0.0
202209260845,,0.0
202209260850,,0.0
202209260855,,0.0
202209260900,,0.0
202209260910,,0.0
202209260915,,0.0
202209260930,,0.0
202209260945,,0.0
202209260955,,0.0
202209261000,,0.0
202209261010,,0.0
202209261015,,0.0
202209261020,,0.0
202209261025,,0.0
202209261030,,0.0
202209261035,,0.0
202209261045,,0.0
202209261050,,0.0
202209261055,,0.0
202209261100,,0.0
202209261115,,0.0
202209261125,,0.0
202209261130,,0.0
202209261135,,0.0
202209261155,,0.0
202209261200,,0.0
202209261215,,0.0
202209261220,,0.0
202209261230,,0.0
202209261235,,0.0
202209261240,,0.0
202209261245,,0.0
202209261255,0.0,0.9
202209261300,349.0,0.9
202209261310,349.0,0.4
202209261315,344.0,0.9
202209261325,354.0,0.9
202209261335,2.0,0.9
202209261340,348.0,0.9
202209261345,,0.0
202209261350,,0.0
202209261355,317.0,0.9
202209261410,319.0,0.9
202209261420,11.0,1.3
202209261425,342.0,0.9
202209261435,,0.0
202209261445,,0.0
202209261450,,0.0
202209261510,,0.0
202209261520,341.0,0.9
202209261530,326.0,0.9
202209261540,315.0,0.9
202209261555,,0.0
202209261600,,0.0
202209261610,306.0,0.9
202209261615,0.0,0.9
202209261620,149.0,0.9
202209261625,351.0,0.9
202209261630,336.0,0.9
202209261635,256.0,0.9
202209261650,345.0,0.9
202209261715,338.0,0.9
202209261725,235.0,1.3
202209261730,188.0,1.3
202209261735,144.0,0.9
202209261740,190.0,0.9
202209261745,190.0,0.9
202209261755,347.0,0.9
202209261800,266.0,0.9
202209261810,348.0,0.9
202209261820,232.0,0.9
202209261825,355.0,0.9
202209261830,338.0,0.9
202209261845,321.0,0.9
202209261850,9.0,0.9
202209261900,347.0,0.9
202209261910,307.0,2.2
202209261915,232.0,0.9
202209261920,345.0,0.9
202209261925,324.0,0.4
202209261930,203.0,0.4
202209261940,244.0,0.9
202209261955,252.0,0.9
202209262000,341.0,0.9
202209262010,326.0,0.9
202209262015,237.0,0.9
202209262030,312.0,0.9
202209262035,211.0,0.9
202209262040,315.0,0.9
202209262045,315.0,0.9
202209262050,322.0,0.9
202209262055,349.0,0.9
202209262115,10.0,0.9
202209262120,322.0,0.9
202209262130,274.0,1.3
202209262140,302.0,0.9
202209262145,347.0,0.9
202209262150,332.0,0.9
202209262155,348.0,0.9
202209262210,291.0,2.2
202209262225,336.0,0.4
202209262230,338.0,0.4
202209262240,343.0,0.9
202209262245,331.0,0.4
202209262250,311.0,0.4
202209262255,,0.0
202209262300,,0.0
202209262325,,0.0
202209262340,,0.0
202209262345,,0.0
202209262350,,0.0
202209262355,,0.0
202209270010,,0.0
202209270015,,0.0
202209270020,,0.0
202209270025,,0.0
202209270035,,0.0
202209270045,,0.0
202209270050,,0.0
202209270100,,0.0
202209270115,,0.0
202209270120,,0.0
202209270130,,0.0
202209270135,,0.0
202209270145,,0.0
202209270150,,0.0
202209270200,,0.0
202209270210,,0.0
202209270230,,0.0
202209270240,,0.0
202209270245,,0.0
202209270250,,0.0
202209270255,,0.0
202209270300,,0.0
202209270315,,0.0
202209270325,,0.0
202209270330,,0.0
202209270340,,0.0
202209270345,,0.0
202209270355,,0.0
202209270400,,0.0
202209270410,,0.0
202209270415,,0.0
202209270420,,0.0
202209270425,,0.0
202209270430,,0.0
202209270435,,0.0
202209270440,,0.0
202209270445,,0.0
202209270450,,0.0
202209270455,,0.0
202209270515,,0.0
202209270520,,0.0
202209270530,,0.0
202209270545,,0.0
202209270555,,0.0
202209270610,,0.0
202209270615,,0.0
202209270620,,0.0
202209270625,,0.0
202209270630,,0.0
202209270635,,0.0
202209270640,,0.0
202209270650,,0.0
202209270655,,0.0
202209270700,,0.0
202209270720,,0.0
202209270725,,0.0
202209270730,,0.0
202209270735,,0.0
202209270740,,0.0
202209270745,,0.0
202209270750,,0.0
202209270755,,0.0
202209270825,,0.0
202209270835,,0.0
202209270855,,0.0
202209270920,,0.0
202209270930,,0.0
202209270935,,0.0
202209270940,,0.0
202209270945,,0.0
202209271000,,0.0
202209271015,,0.0
202209271020,,0.0
202209271025,,0.0
202209271035,,0.0
202209271040,,0.0
202209271055,,0.0
202209271110,,0.0
202209271125,,0.0
202209271130,,0.0
202209271140,,0.0
202209271145,,0.0
202209271150,,0.0
202209271155,,0.0
202209271200,,0.0
202209271210,,0.0
202209271215,,0.0
202209271225,,0.0
202209271230,,0.0
202209271245,,0.0
202209271250,,0.0
202209271255,,0.0
202209271300,,0.0
202209271310,,0.0
202209271340,356.0,0.9
202209271345,,0.0
202209271400,340.0,0.9
202209271425,,0.0
202209271430,,0.0
202209271440,,0.0
202209271445,,0.0
202209271455,,0.0
202209271500,,0.0
202209271515,,0.0
202209271525,,0.0
202209271545,,0.0
202209271550,,0.0
202209271600,317.0,0.4
202209271610,,0.0
202209271640,,0.0
202209271645,,0.0
202209271700,229.0,0.9
202209271725,1.0,0.4
202209271730,235.0,0.4
202209271735,,0.0
202209271740,,0.0
202209271745,354.0,0.4
202209271750,12.0,0.4
202209271755,,0.0
202209271810,342.0,0.9
202209271815,291.0,0.9
202209271820,319.0,0.9
202209271825,,0.0
202209271830,,0.0
202209271835,334.0,0.4
202209271840,254.0,0.4
202209271845,219.0,0.4
202209271910,342.0,0.9
202209271925,275.0,0.4
202209271930,17.0,0.4
202209271935,,0.0
202209271940,,0.0
202209271950,3.0,0.9
202209271955,,0.0
202209272000,,0.0
202209272010,318.0,0.4
202209272015,327.0,0.4
202209272020,338.0,0.4
202209272030,,0.0
202209272035,,0.0
202209272040,,0.0
202209272045,,0.0
202209272050,,0.0
202209272100,,0.0
202209272110,,0.0
202209272115,3.0,0.4
202209272125,,0.0
202209272130,,0.0
202209272135,,0.0
202209272140,,0.0
202209272155,,0.0
202209272200,,0.0
202209272215,,0.0
202209272220,,0.0
202209272230,,0.0
202209272245,,0.0
202209272250,,0.0
202209272255,,0.0
202209272300,,0.0
202209272315,,0.0
202209272325,,0.0
202209272345,,0.0
202209272355,,0.0
202209280015,,0.0
202209280020,,0.0
202209280030,,0.0
202209280035,,0.0
202209280040,,0.0
202209280045,,0.0
202209280100,,0.0
202209280110,,0.0
202209280135,,0.0
202209280140,,0.0
202209280145,,0.0
202209280155,,0.0
202209280200,,0.0
202209280215,,0.0
202209280220,,0.0
202209280225,,0.0
202209280230,,0.0
202209280235,,0.0
202209280240,,0.0
202209280245,,0.0
202209280250,,0.0
202209280300,,0.0
202209280310,,0.0
202209280315,,0.0
202209280325,,0.0
202209280330,,0.0
202209280340,,0.0
202209280345,,0.0
202209280350,,0.0
202209280355,,0.0
202209280400,,0.0
202209280420,,0.0
202209280425,,0.0
202209280430,,0.0
202209280435,,0.0
202209280440,,0.0
202209280445,,0.0
202209280450,,0.0
202209280455,,0.0
202209280500,,0.0
202209280510,,0.0
202209280515,,0.0
202209280520,,0.0
202209280530,,0.0
202209280540,,0.0
202209280545,,0.0
202209280550,,0.0
202209280600,,0.0
202209280635,,0.0
202209280640,,0.0
202209280655,,0.0
202209280700,,0.0
202209280730,,0.0
202209280735,,0.0
202209280740,,0.0
202209280745,,0.0
202209280750,,0.0
202209280755,,0.0
202209280800,,0.0
202209280815,,0.0
202209280820,,0.0
202209280825,,0.0
202209280840,,0.0
202209280845,,0.0
202209280900,,0.0
202209280910,,0.0
202209280915,,0.0
202209280925,,0.0
202209280930,,0.0
202209280945,,0.0
202209280950,,0.0
202209280955,,0.0
202209281015,,0.0
202209281020,,0.0
202209281035,,0.0
202209281045,,0.0
202209281050,,0.0
202209281055,,0.0
202209281110,,0.0
202209281115,,0.0
202209281120,,0.0
202209281130,,0.0
202209281140,,0.0
202209281145,,0.0
202209281150,,0.0
202209281215,,0.0
202209281220,,0.0
202209281225,,0.0
202209281230,,0.0
202209281235,,0.0
202209281240,,0.0
202209281245,,0.0
202209281300,,0.0
202209281315,,0.0
202209281325,,0.0
202209281330,,0.0
202209281340,,0.0
202209281345,,0.0
202209281355,,0.0
202209281415,,0.0
202209281430,5.0,0.4
202209281435,340.0,0.9
202209281440,9.0,0.9
202209281445,345.0,0.9
202209281455,353.0,0.9
202209281500,330.0,0.9
202209281510,340.0,0.9
202209281535,281.0,0.4
202209281540,351.0,0.4
202209281555,337.0,0.4
202209281600,350.0,0.4
202209281610,64.0,0.4
202209281620,,0.0
202209281625,309.0,0.4
202209281630,3.0,0.4
202209281635,347.0,0.4
202209281640,355.0,0.4
202209281645,,0.0
202209281650,,0.0
202209281655,336.0,0.4
202209281700,324.0,0.4
202209281710,347.0,0.4
202209281720,349.0,0.4
202209281725,338.0,0.4
202209281730,15.0,0.4
202209281735,346.0,0.4
202209281740,348.0,0.4
202209281745,82.0,0.9
202209281750,309.0,0.9
202209281755,350.0,0.4
202209281810,,0.0
202209281815,336.0,0.9
202209281820,45.0,0.9
202209281835,,0.0
202209281845,331.0,0.4
202209281855,331.0,0.9
202209281900,20.0,0.9
202209281910,,0.0
202209281920,352.0,0.4
202209281930,,0.0
202209281940,,0.0
202209281945,354.0,0.9
202209281950,0.0,0.9
202209281955,357.0,0.9
202209282000,332.0,0.9
202209282010,336.0,0.4
202209282015,0.0,0.9
202209282025,342.0,0.4
202209282030,345.0,0.4
202209282035,318.0,0.9
202209282040,344.0,0.9
202209282045,,0.0
202209282050,,0.0
202209282100,,0.0
202209282110,,0.0
202209282115,341.0,0.4
202209282125,20.0,0.9
202209282130,327.0,0.9
202209282140,,0.0
202209282145,,0.0
202209282150,,0.0
202209282200,,0.0
202209282215,,0.0
202209282245,,0.0
202209282250,,0.0
202209282300,,0.0
202209282315,,0.0
202209282320,,0.0
202209282335,311.0,0.4
202209282340,343.0,0.4
202209282355,,0.0
202209290020,350.0,0.4
202209290025,,0.0
202209290030,,0.0
202209290040,,0.0
202209290110,,0.0
202209290115,,0.0
202209290120,,0.0
202209290125,,0.0
202209290130,,0.0
202209290135,,0.0
202209290145,,0.0
202209290150,,0.0
202209290155,,0.0
202209290210,,0.0
202209290230,,0.0
202209290235,,0.0
202209290245,,0.0
202209290255,,0.0
202209290300,,0.0
202209290310,,0.0
202209290325,,0.0
202209290340,,0.0
202209290350,,0.0
202209290355,,0.0
202209290400,,0.0
202209290415,,0.0
202209290425,,0.0
202209290430,,0.0
202209290435,,0.0
202209290440,,0.0
202209290450,,0.0
202209290500,,0.0
202209290510,,0.0
202209290515,,0.0
202209290530,,0.0
202209290535,,0.0
202209290545,,0.0
202209290600,346.0,0.4
202209290610,,0.0
202209290615,348.0,0.4
202209290625,354.0,0.4
202209290635,0.0,0.4
202209290640,348.0,0.4
202209290645,,0.0
202209290650,,0.0
202209290655,,0.0
202209290700,,0.0
202209290720,,0.0
202209290725,,0.0
202209290730,,0.0
202209290740,,0.0
202209290750,343.0,0.4
202209290800,,0.0
202209290820,,0.0
202209290840,18.0,0.4
202209290845,339.0,0.4
202209290850,351.0,0.4
202209290900,357.0,0.4
202209290915,348.0,0.9
202209290920,327.0,0.9
202209290925,344.0,0.9
202209290930,350.0,0.9
202209290940,347.0,0.9
202209290945,,0.0
202209290950,,0.0
202209290955,358.0,0.9
202209291000,343.0,0.9
202209291010,353.0,0.9
202209291015,350.0,0.9
202209291020,352.0,0.9
202209291025,355.0,0.9
202209291030,349.0,0.9
202209291035,357.0,0.4
202209291050,323.0,0.9
202209291115,,0.0
202209291120,,0.0
202209291125,354.0,0.9
202209291130,346.0,0.9
202209291135,350.0,0.9
202209291140,338.0,0.9
202209291150,338.0,0.9
202209291200,1.0,0.9
202209291210,354.0,0.9
202209291220,350.0,0.9
202209291225,338.0,0.9
202209291230,17.0,0.9
202209291235,340.0,0.9
202209291240,10.0,0.9
202209291245,357.0,0.9
202209291255,347.0,0.9
202209291300,352.0,0.9
202209291315,1.0,1.3
202209291325,340.0,1.3
202209291335,3.0,2.2
202209291340,346.0,2.2
202209291350,342.0,1.3
202209291355,11.0,1.3
202209291410,344.0,0.9
202209291425,338.0,0.9
202209291430,356.0,0.9
202209291435,344.0,0.9
202209291440,345.0,0.9
202209291450,355.0,0.9
202209291500,14.0,1.3
202209291520,6.0,0.9
202209291530,319.0,2.2
202209291535,8.0,1.3
202209291545,354.0,2.2
202209291550,328.0,2.2
202209291600,26.0,1.3
202209291610,23.0,0.9
202209291615,328.0,1.3
202209291630,342.0,2.2
202209291640,4.0,2.2
202209291645,322.0,2.2
202209291655,2.0,0.9
202209291710,353.0,0.9
202209291725,50.0,1.3
202209291730,344.0,1.3
202209291735,330.0,1.3
202209291740,347.0,1.3
202209291750,31.0,1.3
202209291800,357.0,1.3
202209291810,342.0,1.3
202209291815,53.0,0.9
202209291820,338.0,0.9
202209291825,355.0,0.9
202209291830,337.0,0.9
202209291845,350.0,0.9
202209291850,335.0,0.9
202209291855,350.0,1.3
202209291910,10.0,0.9
202209291915,33.0,0.9
202209291920,28.0,0.9
202209291930,34.0,0.9
202209291940,81.0,0.9
202209291945,19.0,0.9
202209291950,347.0,0.9
202209291955,318.0,0.9
202209292010,320.0,1.3
202209292015,4.0,1.3
202209292020,351.0,1.3
202209292025,343.0,1.3
202209292030,24.0,1.3
202209292045,351.0,0.9
202209292055,15.0,1.3
202209292100,13.0,1.3
202209292110,358.0,0.9
202209292115,347.0,0.9
202209292120,353.0,0.9
202209292125,354.0,0.9
202209292140,0.0,1.3
202209292150,9.0,0.9
202209292200,113.0,1.3
202209292215,356.0,1.3
202209292230,15.0,0.9
202209292235,346.0,1.3
202209292250,321.0,0.9
202209292255,351.0,0.9
202209292310,356.0,0.9
202209292315,346.0,2.2
202209292320,23.0,2.2
202209292325,8.0,0.9
202209292330,356.0,0.9
202209292335,7.0,0.4
202209292345,9.0,0.4
202209292350,30.0,0.4
202209292355,,0.0
202209300000,,0.0
202209300010,17.0,0.9
202209300015,11.0,0.9
202209300020,63.0,0.9
202209300025,10.0,0.9
202209300030,351.0,0.9
202209300035,337.0,0.9
202209300040,356.0,0.9
202209300045,355.0,0.9
202209300050,3.0,0.9
202209300055,16.0,0.9
202209300100,356.0,0.9
202209300110,356.0,0.9
202209300115,346.0,0.9
202209300125,335.0,0.9
202209300140,334.0,1.3
202209300200,7.0,1.3
202209300210,348.0,0.9
202209300220,353.0,0.9
202209300225,3.0,0.9
202209300230,342.0,0.9
202209300250,25.0,0.9
202209300255,331.0,2.2
202209300300,350.0,2.2
202209300310,41.0,0.9
202209300315,12.0,0.9
202209300320,58.0,0.9
202209300325,343.0,0.9
202209300330,9.0,0.9
202209300335,355.0,0.9
202209300345,352.0,1.3
202209300350,350.0,1.3
202209300355,7.0,1.3
202209300410,343.0,1.3
202209300420,7.0,2.2
202209300425,358.0,0.9
202209300430,333.0,0.9
202209300440,353.0,0.9
202209300445,8.0,1.3
202209300455,357.0,0.9
202209300500,357.0,0.9
202209300510,347.0,2.2
202209300515,351.0,0.9
202209300525,347.0,2.2
202209300530,347.0,2.2
202209300540,352.0,2.2
202209300545,341.0,2.2
202209300555,355.0,2.2
202209300610,351.0,2.2
202209300615,333.0,2.2
202209300630,351.0,1.3
202209300635,10.0,2.2
202209300640,357.0,2.2
202209300650,339.0,2.2
202209300745,358.0,1.3
202209300755,4.0,2.2
202209300800,349.0,2.2
202209300815,349.0,2.2
202209300830,356.0,2.2
202209300835,9.0,2.2
202209300840,346.0,2.2
202209300850,350.0,2.2
202209300915,351.0,2.2
202209300920,357.0,2.2
202209300925,357.0,2.7
202209300930,344.0,2.7
202209300935,5.0,2.7
202209300940,17.0,2.7
202209300945,342.0,2.2
202209300950,343.0,2.2
202209301000,348.0,2.2
202209301020,13.0,2.7
202209301040,348.0,2.2
202209301045,4.0,2.2
202209301100,345.0,2.7
202209301110,342.0,2.2
202209301115,7.0,2.2
202209301120,0.0,2.2
202209301130,24.0,2.7
202209301135,349.0,2.2
202209301140,354.0,2.2
202209301155,355.0,2.7
202209301200,353.0,2.7
202209301210,0.0,2.2
202209301215,354.0,2.7
202209301220,348.0,2.7
202209301225,350.0,2.7
202209301230,357.0,2.7
202209301235,356.0,2.7
202209301240,355.0,2.7
202209301255,346.0,3.1
202209301315,9.0,2.7
202209301320,359.0,2.7
202209301325,345.0,2.7
202209301345,348.0,2.7
202209301350,354.0,2.7
202209301355,346.0,2.7
202209301400,13.0,2.7
202209301430,354.0,3.1
202209301435,353.0,3.1
202209301450,1.0,3.6
202209301515,8.0,3.6
202209301520,2.0,3.6
202209301525,355.0,3.6
202209301530,350.0,3.6
202209301535,3.0,3.6
202209301540,347.0,3.6
202209301545,0.0,2.7
202209301550,357.0,2.7
202209301610,0.0,3.1
202209301615,344.0,3.1
202209301625,5.0,3.6
202209301635,339.0,3.1
202209301645,344.0,3.6
202209301655,337.0,3.6
202209301710,341.0,4.0
202209301720,344.0,3.6
202209301730,14.0,3.6
202209301735,345.0,2.7
202209301740,8.0,2.7
202209301755,14.0,3.1
202209301815,334.0,3.6
202209301820,331.0,3.6
202209301830,340.0,3.6
202209301835,327.0,2.7
202209301850,327.0,3.6
202209301855,334.0,4.0
202209301900,345.0,4.0
202209301925,324.0,2.7
202209301930,336.0,2.7
202209301940,341.0,2.7
202209301945,335.0,2.7
202209301950,1.0,2.7
202209301955,332.0,3.1
202209302000,329.0,3.1
202209302010,335.0,3.1
202209302015,342.0,3.1
202209302020,333.0,3.1
202209302025,339.0,3.6
202209302035,349.0,3.1
202209302040,340.0,3.1
202209302045,339.0,3.1
202209302050,346.0,3.1
202209302115,347.0,3.1
202209302125,338.0,3.1
202209302130,338.0,3.1
202209302135,345.0,3.1
202209302140,339.0,3.1
202209302145,331.0,3.6
202209302155,331.0,3.6
202209302210,351.0,3.6
202209302220,345.0,3.1
202209302225,344.0,2.7
202209302230,4.0,2.7
202209302235,350.0,3.6
202209302240,353.0,3.6
202209302250,353.0,3.6
202209302255,351.0,2.7
202209302300,349.0,2.7
202209302310,5.0,3.6
202209302315,346.0,3.1
202209302320,340.0,3.1
202209302325,354.0,3.6
202209302335,325.0,3.1
202209302340,344.0,3.1
202209302345,358.0,3.1
202209302350,315.0,3.1
202209302355,330.0,3.1
202210010010,347.0,1.3
202210010015,,0.0
202210010025,344.0,0.9
202210010035,336.0,2.7
202210010050,328.0,3.1
202210010100,340.0,3.6
202210010110,340.0,2.2
202210010120,335.0,1.3
202210010130,359.0,1.3
202210010140,332.0,1.3
202210010145,325.0,2.2
202210010150,1.0,2.2
202210010155,328.0,1.3
202210010200,346.0,1.3
202210010210,330.0,0.9
202210010220,334.0,0.9
202210010225,325.0,0.9
202210010230,323.0,0.9
202210010235,330.0,1.3
202210010240,337.0,1.3
202210010245,351.0,2.7
202210010255,331.0,2.2
202210010335,330.0,1.3
202210010340,341.0,1.3
202210010345,338.0,1.3
202210010350,348.0,1.3
202210010410,343.0,1.3
202210010415,350.0,0.9
202210010420,344.0,0.9
202210010430,5.0,0.4
202210010435,,0.0
202210010440,,0.0
202210010445,,0.0
202210010450,,0.0
202210010455,,0.0
202210010515,342.0,0.9
202210010525,334.0,0.9
202210010555,357.0,0.9
202210010615,332.0,0.9
202210010620,330.0,0.9
202210010625,337.0,0.9
202210010630,328.0,0.9
202210010640,335.0,0.9
202210010645,307.0,0.9
202210010650,198.0,0.9
202210010720,,0.0
202210010725,,0.0
202210010735,,0.0
202210010750,,0.0
202210010830,,0.0
202210010835,,0.0
202210010840,,0.0
202210010845,198.0,0.4
202210010850,218.0,0.4
202210010855,,0.0
202210010910,,0.0
202210010915,,0.0
202210010925,,0.0
202210010935,,0.0
202210010940,,0.0
202210010945,15.0,0.9
202210010950,328.0,0.9
202210010955,,0.0
202210011000,,0.0
202210011010,,0.0
202210011015,,0.0
202210011020,,0.0
202210011025,,0.0
202210011030,,0.0
202210011035,,0.0
202210011040,,0.0
202210011045,,0.0
202210011055,,0.0
202210011100,,0.0
202210011110,,0.0
202210011115,,0.0
202210011120,,0.0
202210011125,,0.0
202210011135,,0.0
202210011140,,0.0
202210011145,,0.0
202210011150,,0.0
202210011210,,0.0
202210011215,,0.0
202210011220,,0.0
202210011225,,0.0
202210011240,,0.0
202210011250,,0.0
202210011255,,0.0
202210011300,,0.0
202210011310,161.0,0.4
202210011315,,0.0
202210011320,,0.0
202210011325,,0.0
202210011330,,0.0
202210011335,,0.0
202210011340,,0.0
202210011345,,0.0
202210011350,,0.0
202210011415,,0.0
202210011420,,0.0
202210011425,,0.0
202210011430,,0.0
202210011435,,0.0
202210011440,,0.0
202210011450,,0.0
202210011455,322.0,0.4
202210011525,,0.0
202210011530,,0.0
202210011535,,0.0
202210011540,,0.0
202210011545,206.0,0.4
202210011550,346.0,0.4
202210011555,261.0,0.9
202210011600,186.0,0.9
202210011610,202.0,0.4
202210011615,354.0,0.4
202210011620,198.0,0.4
202210011625,202.0,0.9
202210011630,344.0,0.9
202210011635,219.0,0.4
202210011650,316.0,0.9
202210011655,5.0,0.9
202210011700,274.0,0.9
202210011710,,0.0
202210011720,217.0,0.9
202210011725,200.0,0.9
202210011730,263.0,0.9
202210011735,313.0,0.9
202210011810,316.0,0.9
202210011820,336.0,0.4
202210011830,331.0,0.9
202210011835,217.0,0.4
202210011845,270.0,0.4
202210011850,286.0,0.4
202210011855,,0.0
202210011910,248.0,0.9
202210011915,323.0,0.4
202210011955,356.0,0.9
202210012000,337.0,0.9
202210012010,5.0,0.4
202210012015,,0.0
202210012025,340.0,0.9
202210012035,355.0,0.4
202210012045,,0.0
202210012055,340.0,0.9
202210012110,349.0,0.9
202210012115,331.0,0.9
202210012120,318.0,0.9
202210012130,313.0,0.9
202210012135,325.0,0.9
202210012140,354.0,0.9
202210012145,,0.0
202210012150,,0.0
202210012155,,0.0
202210012200,,0.0
202210012210,,0.0
202210012215,,0.0
202210012220,,0.0
202210012235,,0.0
202210012245,,0.0
202210012250,,0.0
202210012255,,0.0
202210012300,,0.0
202210012310,,0.0
202210012315,,0.0
202210012340,,0.0
202210012350,,0.0
202210020000,,0.0
202210020015,,0.0
202210020020,,0.0
202210020025,,0.0
202210020030,,0.0
202210020045,,0.0
202210020055,,0.0
202210020115,,0.0
202210020125,,0.0
202210020130,,0.0
202210020135,,0.0
202210020140,,0.0
202210020155,,0.0
202210020200,,0.0
202210020210,,0.0
202210020220,,0.0
202210020230,,0.0
202210020235,,0.0
202210020240,,0.0
202210020245,,0.0
202210020250,,0.0
202210020300,,0.0
202210020315,,0.0
202210020320,,0.0
202210020330,,0.0
202210020340,,0.0
202210020345,,0.0
202210020350,,0.0
202210020355,,0.0
202210020400,,0.0
202210020415,,0.0
202210020420,,0.0
202210020425,,0.0
202210020430,,0.0
202210020435,,0.0
202210020440,,0.0
202210020445,,0.0
202210020450,,0.0
202210020520,,0.0
202210020525,,0.0
202210020530,,0.0
202210020535,,0.0
202210020540,,0.0
202210020550,,0.0
202210020600,,0.0
202210020610,,0.0
202210020615,,0.0
202210020640,,0.0
202210020645,,0.0
202210020700,,0.0
202210020710,,0.0
202210020715,,0.0
202210020725,,0.0
202210020730,,0.0
202210020735,,0.0
202210020740,,0.0
202210020750,,0.0
202210020815,,0.0
202210020825,,0.0
202210020830,,0.0
202210020840,,0.0
202210020845,,0.0
202210020850,,0.0
202210020855,,0.0
202210020900,,0.0
202210020925,,0.0
202210020935,,0.0
202210020940,,0.0
202210020950,,0.0
202210020955,,0.0
202210021000,,0.0
202210021010,,0.0
202210021040,,0.0
202210021050,,0.0
202210021055,,0.0
202210021115,,0.0
202210021135,,0.0
202210021140,,0.0
202210021145,,0.0
202210021155,,0.0
202210021200,,0.0
202210021210,,0.0
202210021215,,0.0
202210021225,,0.0
202210021230,,0.0
202210021235,,0.0
202210021240,,0.0
202210021245,,0.0
202210021250,,0.0
202210021300,,0.0
202210021315,,0.0
202210021325,,0.0
202210021335,,0.0
202210021350,,0.0
202210021355,,0.0
202210021400,,0.0
202210021410,,0.0
202210021415,,0.0
202210021425,,0.0
202210021430,,0.0
202210021445,,0.0
202210021455,,0.0
202210021500,,0.0
202210021510,356.0,0.4
202210021515,341.0,0.4
202210021520,46.0,0.4
202210021525,,0.0
202210021530,,0.0
202210021535,,0.0
202210021540,,0.0
202210021545,,0.0
202210021555,349.0,0.4
202210021600,50.0,0.4
202210021610,,0.0
202210021625,,0.0
202210021635,,0.0
202210021645,337.0,0.4
202210021700,,0.0
202210021740,50.0,1.3
202210021745,354.0,0.9
202210021750,348.0,0.9
202210021810,27.0,0.9
202210021815,,0.0
202210021820,,0.0
202210021825,17.0,0.9
202210021830,56.0,0.9
202210021835,,0.0
202210021850,355.0,0.9
202210021900,0.0,2.7
202210021910,57.0,0.9
202210021915,356.0,0.9
202210021920,346.0,0.9
202210021925,317.0,1.3
202210021935,326.0,1.3
202210021940,334.0,1.3
202210021955,351.0,0.9
202210022010,330.0,1.3
202210022015,342.0,0.9
202210022020,350.0,0.9
202210022025,346.0,0.9
202210022040,340.0,0.9
202210022045,344.0,1.3
202210022050,325.0,1.3
202210022055,333.0,2.7
202210022110,10.0,2.2
202210022135,349.0,0.9
202210022140,339.0,0.9
202210022145,8.0,0.9
202210022150,2.0,0.9
202210022215,,0.0
202210022220,,0.0
202210022230,,0.0
202210022235,348.0,1.3
202210022240,326.0,1.3
202210022250,349.0,0.9
202210022300,7.0,0.9
202210022310,332.0,0.4
202210022330,,0.0
202210022340,,0.0
202210022345,19.0,0.4
202210030000,,0.0
202210030015,,0.0
202210030020,,0.0
202210030025,,0.0
202210030030,,0.0
202210030035,,0.0
202210030100,,0.0
202210030110,,0.0
202210030115,0.0,0.9
202210030120,31.0,0.9
202210030130,342.0,0.9
202210030135,72.0,0.4
202210030140,0.0,0.4
202210030145,8.0,0.9
202210030210,19.0,0.9
202210030215,9.0,0.4
202210030220,36.0,0.4
202210030225,,0.0
202210030230,,0.0
202210030235,30.0,0.4
202210030245,,0.0
202210030250,,0.0
202210030300,316.0,0.4
202210030310,,0.0
202210030320,,0.0
202210030325,,0.0
202210030335,,0.0
202210030345,,0.0
202210030410,,0.0
202210030415,,0.0
202210030425,,0.0
202210030430,,0.0
202210030440,,0.0
202210030520,,0.0
202210030540,,0.0
202210030545,,0.0
202210030550,,0.0
202210030555,,0.0
202210030600,,0.0
202210030615,337.0,0.4
202210030620,14.0,0.4
202210030625,,0.0
202210030630,,0.0
202210030635,,0.0
202210030710,,0.0
202210030725,342.0,0.9
202210030730,2.0,0.9
202210030740,344.0,0.9
202210030750,20.0,0.9
202210030755,355.0,0.4
202210030810,347.0,0.9
202210030815,350.0,0.9
202210030825,4.0,0.9
202210030855,351.0,0.9
202210030900,339.0,0.9
202210030930,353.0,0.9
202210030945,6.0,0.9
202210030950,338.0,0.9
202210030955,354.0,0.4
202210031000,9.0,0.4
202210031025,5.0,0.9
202210031030,3.0,0.9
202210031045,343.0,0.9
202210031110,336.0,0.9
202210031115,5.0,0.4
202210031120,334.0,0.4
202210031125,,0.0
202210031135,,0.0
202210031145,352.0,0.4
202210031220,348.0,0.9
202210031240,356.0,0.9
202210031330,325.0,0.9
202210031335,3.0,0.4
202210031340,28.0,0.4
202210031345,335.0,0.9
202210031355,,0.0
202210031410,330.0,0.9
202210031415,344.0,0.9
202210031450,26.0,0.9
202210031455,,0.0
202210031500,,0.0
202210031515,21.0,0.4
202210031525,,0.0
202210031530,,0.0
202210031540,,0.0
202210031555,19.0,0.4
202210031600,49.0,0.4
202210031610,,0.0
202210031620,273.0,0.4
202210031630,336.0,0.4
202210031635,300.0,0.4
202210031640,343.0,0.4
202210031655,103.0,0.4
202210031700,345.0,0.4
202210031710,23.0,0.4
202210031715,2.0,0.4
202210031720,343.0,0.4
202210031725,351.0,0.9
202210031730,346.0,0.9
202210031735,330.0,0.9
202210031740,339.0,0.9
202210031745,,0.0
202210031820,36.0,0.9
202210031830,342.0,0.9
202210031845,273.0,0.4
202210031855,355.0,0.4
202210031910,322.0,0.4
202210031925,322.0,0.9
202210031940,350.0,0.9
202210031945,344.0,0.9
202210031955,350.0,0.9
202210032010,11.0,0.4
202210032015,354.0,0.4
202210032025,321.0,0.4
202210032030,11.0,0.4
202210032035,101.0,0.4
202210032045,,0.0
202210032050,,0.0
202210032055,,0.0
202210032100,,0.0
202210032125,300.0,0.9
202210032140,341.0,0.9
202210032145,,0.0
202210032150,,0.0
202210032155,,0.0
202210032200,,0.0
202210032210,,0.0
202210032220,,0.0
202210032225,,0.0
202210032230,,0.0
202210032235,,0.0
202210032240,,0.0
202210032245,,0.0
202210032250,,0.0
202210032255,,0.0
202210032300,,0.0
202210032315,,0.0
202210032320,,0.0
202210032325,,0.0
202210032330,,0.0
202210032335,,0.0
202210032340,,0.0
202210032345,,0.0
202210032350,,0.0
202210040000,,0.0
202210040010,,0.0
202210040015,,0.0
202210040020,,0.0
202210040025,,0.0
202210040030,,0.0
202210040035,,0.0
202210040040,,0.0
202210040045,,0.0
202210040050,,0.0
202210040055,,0.0
202210040100,,0.0
202210040110,,0.0
202210040120,,0.0
202210040125,,0.0
202210040130,,0.0
202210040135,,0.0
202210040140,,0.0
202210040150,,0.0
202210040155,,0.0
202210040210,,0.0
202210040215,,0.0
202210040220,,0.0
202210040225,,0.0
202210040230,,0.0
202210040235,,0.0
202210040240,,0.0
202210040245,,0.0
202210040250,,0.0
202210040255,,0.0
202210040300,,0.0
202210040315,,0.0
202210040325,,0.0
202210040335,,0.0
202210040340,,0.0
202210040345,,0.0
202210040350,,0.0
202210040355,,0.0
202210040400,,0.0
202210040415,,0.0
202210040420,,0.0
202210040425,,0.0
202210040430,,0.0
202210040445,,0.0
202210040450,,0.0
202210040455,,0.0
202210040510,,0.0
202210040515,,0.0
202210040520,,0.0
202210040525,,0.0
202210040530,,0.0
202210040535,,0.0
202210040540,,0.0
202210040545,,0.0
202210040550,,0.0
202210040555,,0.0
202210040615,,0.0
202210040625,,0.0
202210040630,,0.0
202210040635,,0.0
202210040640,,0.0
202210040645,,0.0
202210040650,,0.0
202210040655,,0.0
202210040700,,0.0
202210040710,,0.0
202210040715,,0.0
202210040720,,0.0
202210040725,,0.0
202210040730,,0.0
202210040735,,0.0
202210040745,,0.0
202210040750,,0.0
202210040755,,0.0
202210040800,,0.0
202210040820,,0.0
202210040825,,0.0
202210040830,,0.0
202210040835,,0.0
202210040845,,0.0
202210040850,,0.0
202210040855,,0.0
202210040900,,0.0
202210040910,,0.0
202210040915,,0.0
202210040920,,0.0
202210040925,,0.0
202210040930,,0.0
202210040935,,0.0
202210040940,,0.0
202210040945,,0.0
202210040950,,0.0
202210040955,,0.0
202210041000,,0.0
202210041010,,0.0
202210041020,,0.0
202210041025,,0.0
202210041030,,0.0
202210041035,,0.0
202210041040,,0.0
202210041045,,0.0
202210041050,,0.0
202210041055,,0.0
202210041110,,0.0
202210041115,,0.0
202210041125,,0.0
202210041130,,0.0
202210041135,,0.0
202210041140,,0.0
202210041145,,0.0
202210041155,,0.0
202210041200,,0.0
202210041220,,0.0
202210041230,,0.0
202210041235,,0.0
202210041240,,0.0
202210041245,,0.0
202210041250,,0.0
202210041255,,0.0
202210041300,,0.0
202210041310,,0.0
202210041320,,0.0
202210041325,,0.0
202210041330,,0.0
202210041335,,0.0
202210041340,,0.0
202210041345,,0.0
202210041350,,0.0
202210041400,,0.0
202210041410,,0.0
202210041415,,0.0
202210041420,,0.0
202210041425,,0.0
202210041430,,0.0
202210041435,332.0,0.4
202210041440,321.0,0.4
202210041445,,0.0
202210041450,,0.0
202210041455,,0.0
202210041500,,0.0
202210041510,,0.0
202210041515,358.0,0.9
202210041520,350.0,0.9
202210041525,,0.0
202210041530,,0.0
202210041535,335.0,0.9
202210041540,38.0,0.9
202210041550,344.0,0.9
202210041555,47.0,0.9
202210041600,327.0,0.9
202210041610,165.0,0.9
202210041615,290.0,0.4
202210041620,305.0,0.4
202210041625,330.0,1.3
202210041630,262.0,1.3
202210041635,332.0,0.9
202210041640,336.0,0.9
202210041645,337.0,1.3
202210041710,332.0,0.9
202210041715,307.0,1.3
202210041720,325.0,1.3
202210041730,344.0,1.3
202210041735,222.0,0.9
202210041740,317.0,0.9
202210041745,347.0,0.9
202210041750,304.0,0.9
202210041755,300.0,0.9
202210041800,307.0,0.9
202210041810,300.0,2.2
202210041815,355.0,2.2
202210041825,335.0,1.3
202210041835,13.0,1.3
202210041840,355.0,1.3
202210041845,331.0,1.3
202210041850,250.0,1.3
202210041855,313.0,1.3
202210041900,0.0,1.3
202210041910,350.0,0.9
202210041915,336.0,2.2
202210041920,326.0,2.2
202210041925,0.0,1.3
202210041930,325.0,1.3
202210041940,343.0,2.2
202210041945,252.0,0.9
202210041955,347.0,1.3
202210042000,202.0,1.3
202210042015,332.0,0.9
202210042020,354.0,0.9
202210042025,13.0,0.9
202210042035,327.0,0.9
202210042045,342.0,0.4
202210042055,346.0,0.9
202210042110,338.0,0.9
202210042115,337.0,0.9
202210042120,252.0,0.9
202210042125,,0.0
202210042130,,0.0
202210042135,,0.0
202210042140,,0.0
202210042145,321.0,0.9
202210042150,206.0,0.9
202210042200,,0.0
202210042210,,0.0
202210042215,341.0,0.9
202210042225,329.0,0.9
202210042230,343.0,0.9
202210042235,316.0,0.4
202210042240,319.0,0.4
202210042245,306.0,0.4
202210042250,16.0,0.4
202210042255,,0.0
202210042300,,0.0
202210042310,,0.0
202210042315,,0.0
202210042320,,0.0
202210042325,,0.0
202210042335,,0.0
202210042345,,0.0
202210042350,,0.0
202210050000,,0.0
202210050010,,0.0
202210050015,,0.0
202210050025,,0.0
202210050030,,0.0
202210050035,,0.0
202210050040,,0.0
202210050045,,0.0
202210050055,,0.0
202210050100,,0.0
202210050110,,0.0
202210050115,,0.0
202210050120,,0.0
202210050130,,0.0
202210050140,,0.0
202210050145,,0.0
202210050150,,0.0
202210050200,,0.0
202210050220,,0.0
202210050225,,0.0
202210050230,,0.0
202210050235,,0.0
202210050240,,0.0
202210050245,,0.0
202210050255,,0.0
202210050300,,0.0
202210050310,,0.0
202210050320,,0.0
202210050325,321.0,0.4
202210050330,103.0,0.4
202210050335,,0.0
202210050340,,0.0
202210050350,,0.0
202210050355,,0.0
202210050400,,0.0
202210050410,,0.0
202210050420,,0.0
202210050425,,0.0
202210050430,,0.0
202210050435,,0.0
202210050440,,0.0
202210050445,,0.0
202210050450,,0.0
202210050455,,0.0
202210050510,,0.0
202210050515,,0.0
202210050525,,0.0
202210050530,,0.0
202210050535,,0.0
202210050540,,0.0
202210050545,,0.0
202210050550,,0.0
202210050555,,0.0
202210050600,,0.0
202210050610,,0.0
202210050615,,0.0
202210050625,,0.0
202210050630,,0.0
202210050635,,0.0
202210050640,,0.0
202210050655,,0.0
202210050710,,0.0
202210050715,,0.0
202210050720,,0.0
202210050730,,0.0
202210050735,,0.0
202210050740,,0.0
202210050745,,0.0
202210050750,,0.0
202210050755,,0.0
202210050800,,0.0
202210050810,,0.0
202210050815,,0.0
202210050830,,0.0
202210050835,,0.0
202210050840,,0.0
202210050845,,0.0
202210050855,,0.0
202210050925,,0.0
202210050930,,0.0
202210050940,,0.0
202210050945,,0.0
202210050950,,0.0
202210050955,,0.0
202210051000,,0.0
202210051010,,0.0
202210051020,,0.0
202210051025,,0.0
202210051030,,0.0
202210051035,,0.0
202210051040,,0.0
202210051045,,0.0
202210051050,,0.0
202210051055,,0.0
202210051100,,0.0
202210051115,,0.0
202210051120,,0.0
202210051125,,0.0
202210051130,,0.0
202210051135,,0.0
202210051140,,0.0
202210051200,,0.0
202210051210,,0.0
202210051215,,0.0
202210051230,,0.0
202210051235,,0.0
202210051240,,0.0
202210051245,,0.0
202210051250,,0.0
202210051255,,0.0
202210051300,,0.0
202210051310,,0.0
202210051315,,0.0
202210051320,,0.0
202210051330,,0.0
202210051345,,0.0
202210051350,,0.0
202210051355,,0.0
202210051400,,0.0
202210051410,,0.0
202210051415,,0.0
202210051420,,0.0
202210051430,,0.0
202210051445,,0.0
202210051450,,0.0
202210051455,,0.0
202210051515,,0.0
202210051520,,0.0
202210051525,,0.0
202210051530,,0.0
202210051535,,0.0
202210051540,,0.0
202210051545,,0.0
202210051555,,0.0
202210051610,,0.0
202210051615,,0.0
202210051620,,0.0
202210051635,308.0,0.9
202210051640,233.0,0.9
202210051645,197.0,0.4
202210051650,338.0,0.4
202210051700,196.0,0.9
202210051710,302.0,1.3
202210051715,332.0,0.9
202210051720,215.0,0.9
202210051730,317.0,0.9
202210051735,290.0,0.9
202210051740,251.0,0.9
202210051750,,0.0
202210051755,253.0,0.9
202210051800,299.0,0.9
202210051810,0.0,0.9
202210051815,220.0,0.9
202210051820,316.0,0.9
202210051825,283.0,1.3
202210051830,274.0,1.3
202210051835,16.0,0.9
202210051840,213.0,0.9
202210051845,,0.0
202210051850,,0.0
202210051855,149.0,0.9
202210051900,351.0,0.9
202210051910,271.0,0.9
202210051915,335.0,0.9
202210051920,317.0,0.9
202210051925,353.0,1.3
202210051930,91.0,1.3
202210051935,,0.0
202210051945,344.0,0.4
202210051950,349.0,0.4
202210051955,347.0,0.9
202210052000,336.0,0.9
202210052010,9.0,1.3
202210052015,356.0,0.9
202210052020,327.0,0.9
202210052025,343.0,0.9
202210052030,353.0,0.9
202210052040,321.0,0.9
202210052045,5.0,1.3
202210052050,355.0,1.3
202210052055,343.0,0.9
202210052100,309.0,0.9
202210052110,351.0,0.9
202210052115,,0.0
202210052120,,0.0
202210052125,316.0,0.4
202210052130,323.0,0.4
202210052135,309.0,0.9
202210052140,335.0,0.9
202210052145,,0.0
202210052150,,0.0
202210052155,,0.0
202210052200,,0.0
202210052215,,0.0
202210052220,,0.0
202210052225,,0.0
202210052230,,0.0
202210052235,,0.0
202210052240,,0.0
202210052245,,0.0
202210052255,,0.0
202210052300,,0.0
202210052315,,0.0
202210052320,,0.0
202210052330,,0.0
202210052335,,0.0
202210052340,,0.0
202210052345,,0.0
202210052350,,0.0
202210052355,,0.0
202210060000,,0.0
202210060010,,0.0
202210060015,,0.0
202210060025,,0.0
202210060030,,0.0
202210060035,,0.0
202210060040,,0.0
202210060045,,0.0
202210060050,,0.0
202210060055,,0.0
202210060100,,0.0
202210060110,,0.0
202210060115,,0.0
202210060125,,0.0
202210060130,,0.0
202210060135,,0.0
202210060145,,0.0
202210060150,,0.0
202210060155,,0.0
202210060200,,0.0
202210060210,,0.0
202210060230,,0.0
202210060235,,0.0
202210060240,,0.0
202210060245,,0.0
202210060250,,0.0
202210060255,,0.0
202210060300,,0.0
202210060310,,0.0
202210060315,,0.0
202210060320,,0.0
202210060325,,0.0
202210060330,,0.0
202210060340,,0.0
202210060350,,0.0
202210060355,,0.0
202210060420,,0.0
202210060425,,0.0
202210060430,,0.0
202210060435,,0.0
202210060440,,0.0
202210060455,,0.0
202210060500,,0.0
202210060515,,0.0
202210060520,,0.0
202210060525,,0.0
202210060530,,0.0
202210060535,,0.0
202210060540,,0.0
202210060545,,0.0
202210060550,,0.0
202210060555,,0.0
202210060610,,0.0
202210060615,,0.0
202210060620,,0.0
202210060630,,0.0
202210060640,,0.0
202210060645,,0.0
202210060650,,0.0
202210060655,,0.0
202210060700,,0.0
202210060710,,0.0
202210060715,,0.0
202210060720,,0.0
202210060725,,0.0
202210060735,,0.0
202210060740,,0.0
202210060745,,0.0
202210060750,,0.0
202210060755,,0.0
202210060800,,0.0
202210060810,,0.0
202210060815,,0.0
202210060820,,0.0
202210060825,,0.0
202210060835,,0.0
202210060845,,0.0
202210060850,,0.0
202210060855,,0.0
202210060900,,0.0
202210060910,,0.0
202210060915,,0.0
202210060920,,0.0
202210060930,,0.0
202210060940,,0.0
202210060945,,0.0
202210060950,,0.0
202210060955,,0.0
202210061010,,0.0
202210061015,,0.0
202210061020,,0.0
202210061025,,0.0
202210061030,,0.0
202210061035,,0.0
202210061040,,0.0
202210061050,,0.0
202210061055,,0.0
202210061100,,0.0
202210061110,,0.0
202210061120,,0.0
202210061125,,0.0
202210061135,,0.0
202210061140,,0.0
202210061145,,0.0
202210061150,,0.0
202210061155,,0.0
202210061200,,0.0
202210061210,,0.0
202210061215,,0.0
202210061220,,0.0
202210061225,,0.0
202210061240,,0.0
202210061250,,0.0
202210061255,,0.0
202210061310,,0.0
202210061320,,0.0
202210061325,,0.0
202210061330,,0.0
202210061335,,0.0
202210061340,,0.0
202210061345,,0.0
202210061350,,0.0
202210061355,,0.0
202210061400,,0.0
202210061415,,0.0
202210061420,,0.0
202210061425,,0.0
202210061430,,0.0
202210061445,,0.0
202210061450,,0.0
202210061500,,0.0
202210061510,,0.0
202210061515,,0.0
202210061520,,0.0
202210061530,,0.0
202210061535,,0.0
202210061540,,0.0
202210061550,,0.0
202210061555,,0.0
202210061610,,0.0
202210061615,,0.0
202210061620,,0.0
202210061625,,0.0
202210061630,,0.0
202210061640,326.0,0.4
202210061645,,0.0
202210061650,,0.0
202210061715,243.0,0.4
202210061725,87.0,0.4
202210061730,347.0,0.4
202210061735,350.0,0.9
202210061740,195.0,0.9
202210061745,323.0,0.9
202210061750,308.0,0.9
202210061755,,0.0
202210061800,,0.0
202210061810,,0.0
202210061815,263.0,0.4
202210061820,318.0,0.4
202210061825,232.0,0.4
202210061830,307.0,0.4
202210061835,339.0,0.4
202210061845,,0.0
202210061850,,0.0
202210061855,,0.0
202210061900,,0.0
202210061920,,0.0
202210061925,,0.0
202210061930,,0.0
202210061935,217.0,0.4
202210061940,333.0,0.4
202210061945,46.0,0.4
202210061950,353.0,0.4
202210061955,,0.0
202210062000,,0.0
202210062010,,0.0
202210062015,349.0,0.4
202210062020,322.0,0.4
202210062030,,0.0
202210062035,,0.0
202210062040,,0.0
202210062045,,0.0
202210062050,,0.0
202210062055,,0.0
202210062100,,0.0
202210062110,337.0,0.4
202210062115,,0.0
202210062120,,0.0
202210062125,,0.0
202210062130,,0.0
202210062135,,0.0
202210062140,,0.0
202210062145,,0.0
202210062150,,0.0
202210062155,,0.0
202210062200,,0.0
202210062210,,0.0
202210062235,,0.0
202210062240,,0.0
202210062245,,0.0
202210062250,,0.0
202210062255,,0.0
202210062300,,0.0
202210062310,,0.0
202210062315,,0.0
202210062325,,0.0
202210062330,,0.0
202210062335,,0.0
202210062340,,0.0
202210062350,,0.0
202210062355,,0.0
202210070000,,0.0
202210070010,,0.0
202210070015,,0.0
202210070020,,0.0
202210070025,,0.0
202210070030,,0.0
202210070035,,0.0
202210070040,,0.0
202210070045,,0.0
202210070055,,0.0
202210070100,,0.0
202210070115,,0.0
202210070120,,0.0
202210070125,,0.0
202210070130,,0.0
202210070135,,0.0
202210070140,,0.0
202210070145,,0.0
202210070150,,0.0
202210070155,,0.0
202210070210,,0.0
202210070225,,0.0
202210070230,,0.0
202210070235,,0.0
202210070240,,0.0
202210070245,,0.0
202210070250,,0.0
202210070310,,0.0
202210070315,,0.0
202210070320,,0.0
202210070325,,0.0
202210070330,,0.0
202210070335,,0.0
202210070340,,0.0
202210070345,,0.0
202210070350,,0.0
202210070400,,0.0
202210070410,,0.0
202210070415,,0.0
202210070425,,0.0
202210070430,,0.0
202210070435,,0.0
202210070445,,0.0
202210070450,,0.0
202210070500,,0.0
202210070510,,0.0
202210070515,,0.0
202210070520,,0.0
202210070525,,0.0
202210070530,,0.0
202210070535,,0.0
202210070540,,0.0
202210070545,,0.0
202210070600,,0.0
202210070610,,0.0
202210070620,,0.0
202210070625,,0.0
202210070630,,0.0
202210070640,,0.0
202210070650,,0.0
202210070700,,0.0
202210070710,,0.0
202210070715,,0.0
202210070720,,0.0
202210070725,,0.0
202210070730,,0.0
202210070740,,0.0
202210070745,,0.0
202210070750,,0.0
202210070755,,0.0
202210070800,,0.0
202210070815,,0.0
202210070825,,0.0
202210070830,,0.0
202210070835,,0.0
202210070840,,0.0
202210070845,,0.0
202210070900,,0.0
202210070910,,0.0
202210070915,,0.0
202210070920,,0.0
202210070925,,0.0
202210070930,,0.0
202210070935,,0.0
202210070940,,0.0
202210070945,,0.0
202210070950,,0.0
202210070955,,0.0
202210071000,,0.0
202210071010,,0.0
202210071015,,0.0
202210071025,,0.0
202210071030,,0.0
202210071035,,0.0
202210071040,,0.0
202210071045,,0.0
202210071050,,0.0
202210071055,,0.0
202210071100,,0.0
202210071110,,0.0
202210071120,,0.0
202210071125,,0.0
202210071130,,0.0
202210071135,,0.0
202210071140,,0.0
202210071145,,0.0
202210071150,,0.0
202210071155,,0.0
202210071200,,0.0
202210071210,,0.0
202210071215,,0.0
202210071220,,0.0
202210071225,,0.0
202210071235,,0.0
202210071240,,0.0
202210071245,,0.0
202210071250,,0.0
202210071255,,0.0
202210071310,,0.0
202210071320,,0.0
202210071325,,0.0
202210071330,,0.0
202210071340,,0.0
202210071355,,0.0
202210071410,,0.0
202210071415,,0.0
202210071420,,0.0
202210071430,,0.0
202210071435,,0.0
202210071450,,0.0
202210071455,,0.0
202210071500,,0.0
202210071510,,0.0
202210071515,,0.0
202210071520,,0.0
202210071525,,0.0
202210071530,,0.0
202210071535,,0.0
202210071540,,0.0
202210071545,,0.0
202210071550,,0.0
202210071600,,0.0
202210071610,,0.0
202210071615,,0.0
202210071620,,0.0
202210071625,,0.0
202210071635,,0.0
202210071645,,0.0
202210071650,,0.0
202210071655,,0.0
202210071700,,0.0
202210071725,,0.0
202210071730,,0.0
202210071735,12.0,0.4
202210071740,293.0,0.4
202210071745,,0.0
202210071755,355.0,0.9
202210071810,,0.0
202210071815,302.0,0.9
202210071830,,0.0
202210071835,,0.0
202210071840,,0.0
202210071845,317.0,0.9
202210071855,,0.0
202210071915,333.0,0.9
202210071920,0.0,0.9
202210071925,,0.0
202210071930,,0.0
202210071935,339.0,0.9
202210071940,334.0,0.9
202210071945,332.0,0.9
202210071950,334.0,0.9
202210071955,,0.0
202210072000,,0.0
202210072010,348.0,0.4
202210072015,347.0,0.9
202210072020,331.0,0.9
202210072025,51.0,0.4
202210072040,339.0,0.9
202210072045,,0.0
202210072050,,0.0
202210072055,,0.0
202210072100,,0.0
202210072115,,0.0
202210072125,,0.0
202210072130,,0.0
202210072135,281.0,0.4
202210072140,9.0,0.4
202210072145,,0.0
202210072155,,0.0
202210072210,,0.0
202210072215,,0.0
202210072220,,0.0
202210072225,,0.0
202210072240,,0.0
202210072245,,0.0
202210072250,,0.0
202210072255,,0.0
202210072300,,0.0
202210072310,,0.0
202210072320,,0.0
202210072330,,0.0
202210072335,,0.0
202210072345,,0.0
202210072355,,0.0
202210080000,,0.0
202210080015,,0.0
202210080020,,0.0
202210080025,,0.0
202210080030,,0.0
202210080035,,0.0
202210080040,,0.0
202210080045,,0.0
202210080055,,0.0
202210080110,,0.0
202210080115,,0.0
202210080120,,0.0
202210080125,,0.0
202210080130,,0.0
202210080135,,0.0
202210080140,,0.0
202210080150,,0.0
202210080155,,0.0
202210080200,,0.0
202210080210,,0.0
202210080215,,0.0
202210080225,,0.0
202210080235,,0.0
202210080240,,0.0
202210080245,,0.0
202210080250,,0.0
202210080300,,0.0
202210080310,,0.0
202210080320,,0.0
202210080325,,0.0
202210080330,,0.0
202210080335,,0.0
202210080340,,0.0
202210080345,,0.0
202210080350,,0.0
202210080410,,0.0
202210080415,,0.0
202210080420,,0.0
202210080425,,0.0
202210080440,,0.0
202210080445,,0.0
202210080450,,0.0
202210080455,,0.0
202210080510,,0.0
202210080520,,0.0
202210080525,,0.0
202210080530,,0.0
202210080535,,0.0
202210080550,,0.0
202210080555,,0.0
202210080610,,0.0
202210080615,,0.0
202210080620,,0.0
202210080625,,0.0
202210080630,,0.0
202210080635,,0.0
202210080645,,0.0
202210080650,,0.0
202210080655,,0.0
202210080700,,0.0
202210080710,,0.0
202210080715,,0.0
202210080720,,0.0
202210080725,,0.0
202210080730,,0.0
202210080740,,0.0
202210080745,,0.0
202210080750,,0.0
202210080800,,0.0
202210080810,,0.0
202210080815,,0.0
202210080820,,0.0
202210080825,,0.0
202210080830,,0.0
202210080835,,0.0
202210080845,,0.0
202210080850,,0.0
202210080855,,0.0
202210080900,,0.0
202210080910,,0.0
202210080920,,0.0
202210080925,,0.0
202210080930,,0.0
202210080935,,0.0
202210080940,,0.0
202210080945,,0.0
202210080950,,0.0
202210081000,,0.0
202210081010,,0.0
202210081020,337.0,0.4
202210081025,,0.0
202210081040,,0.0
202210081045,,0.0
202210081050,,0.0
202210081110,,0.0
202210081115,,0.0
202210081120,,0.0
202210081125,,0.0
202210081130,,0.0
202210081140,,0.0
202210081145,331.0,0.4
202210081155,,0.0
202210081210,,0.0
202210081215,309.0,0.4
202210081220,341.0,0.4
202210081230,,0.0
202210081235,,0.0
202210081240,,0.0
202210081250,,0.0
202210081315,,0.0
202210081320,,0.0
202210081325,,0.0
202210081330,,0.0
202210081340,,0.0
202210081350,,0.0
202210081415,,0.0
202210081420,,0.0
202210081425,,0.0
202210081430,,0.0
202210081435,,0.0
202210081440,,0.0
202210081455,,0.0
202210081500,,0.0
202210081515,335.0,0.4
202210081520,340.0,0.4
202210081525,105.0,0.4
202210081535,,0.0
202210081540,,0.0
202210081545,,0.0
202210081550,,0.0
202210081555,,0.0
202210081600,,0.0
202210081610,,0.0
202210081615,,0.0
202210081620,,0.0
202210081630,343.0,0.4
202210081635,,0.0
202210081640,,0.0
202210081650,345.0,0.4
202210081700,,0.0
202210081710,,0.0
202210081715,57.0,0.9
202210081720,247.0,0.9
202210081735,,0.0
202210081740,,0.0
202210081745,,0.0
202210081755,,0.0
202210081800,,0.0
202210081810,,0.0
202210081820,,0.0
202210081825,,0.0
202210081830,,0.0
202210081835,,0.0
202210081845,,0.0
202210081850,,0.0
202210081900,,0.0
202210081915,,0.0
202210081920,,0.0
202210081925,,0.0
202210081935,,0.0
202210081940,,0.0
202210081945,4.0,0.4
202210081950,230.0,0.4
202210081955,,0.0
202210082000,,0.0
202210082010,,0.0
202210082015,303.0,0.4
202210082020,269.0,0.4
202210082025,,0.0
202210082030,,0.0
202210082035,,0.0
202210082040,,0.0
202210082045,,0.0
202210082050,,0.0
202210082055,352.0,0.4
202210082110,,0.0
202210082115,,0.0
202210082125,,0.0
202210082140,,0.0
202210082150,,0.0
202210082155,,0.0
202210082200,,0.0
202210082220,,0.0
202210082230,,0.0
202210082240,,0.0
202210082245,,0.0
202210082250,,0.0
202210082255,,0.0
202210082300,,0.0
202210082315,,0.0
202210082320,,0.0
202210082325,,0.0
202210082340,,0.0
202210082355,,0.0
202210090000,,0.0
202210090010,,0.0
202210090015,,0.0
202210090020,,0.0
202210090025,,0.0
202210090030,,0.0
202210090035,,0.0
202210090040,,0.0
202210090045,,0.0
202210090050,,0.0
202210090055,,0.0
202210090110,,0.0
202210090115,,0.0
202210090125,,0.0
202210090130,,0.0
202210090135,,0.0
202210090140,,0.0
202210090150,,0.0
202210090155,,0.0
202210090215,,0.0
202210090225,,0.0
202210090230,,0.0
202210090235,,0.0
202210090240,,0.0
202210090245,,0.0
202210090250,,0.0
202210090300,,0.0
202210090310,,0.0
202210090315,,0.0
202210090320,,0.0
202210090325,,0.0
202210090330,,0.0
202210090335,,0.0
202210090340,,0.0
202210090345,,0.0
202210090350,,0.0
202210090355,,0.0
202210090410,,0.0
202210090415,,0.0
202210090420,,0.0
202210090425,,0.0
202210090430,,0.0
202210090440,,0.0
202210090445,,0.0
202210090500,,0.0
202210090510,,0.0
202210090520,,0.0
202210090525,,0.0
202210090530,,0.0
202210090535,,0.0
202210090540,,0.0
202210090545,,0.0
202210090550,,0.0
202210090555,,0.0
202210090600,,0.0
202210090610,,0.0
202210090615,,0.0
202210090620,,0.0
202210090625,,0.0
202210090630,,0.0
202210090645,,0.0
202210090650,,0.0
202210090655,,0.0
202210090700,,0.0
202210090710,,0.0
202210090715,,0.0
202210090720,,0.0
202210090725,,0.0
202210090730,,0.0
202210090740,,0.0
202210090745,,0.0
202210090750,,0.0
202210090755,,0.0
202210090800,,0.0
202210090810,,0.0
202210090820,,0.0
202210090825,,0.0
202210090830,,0.0
202210090840,,0.0
202210090845,,0.0
202210090850,,0.0
202210090855,,0.0
202210090900,,0.0
202210090910,,0.0
202210090915,,0.0
202210090920,,0.0
202210090925,,0.0
202210090935,,0.0
202210090940,,0.0
202210090945,,0.0
202210090955,,0.0
202210091010,,0.0
202210091015,,0.0
202210091020,,0.0
202210091025,,0.0
202210091030,,0.0
202210091035,,0.0
202210091045,,0.0
202210091050,,0.0
202210091055,,0.0
202210091100,,0.0
202210091110,,0.0
202210091115,,0.0
202210091120,,0.0
202210091125,,0.0
202210091130,,0.0
202210091135,,0.0
202210091140,,0.0
202210091145,,0.0
202210091155,,0.0
202210091200,,0.0
202210091215,,0.0
202210091220,,0.0
202210091225,,0.0
202210091230,,0.0
202210091235,,0.0
202210091240,,0.0
202210091245,,0.0
202210091250,,0.0
202210091300,,0.0
202210091310,,0.0
202210091315,,0.0
202210091320,,0.0
202210091325,,0.0
202210091330,,0.0
202210091335,,0.0
202210091345,,0.0
202210091350,,0.0
202210091355,,0.0
202210091400,,0.0
202210091410,,0.0
202210091415,,0.0
202210091420,,0.0
202210091425,,0.0
202210091430,,0.0
202210091435,,0.0
202210091440,,0.0
202210091445,,0.0
202210091450,,0.0
202210091455,,0.0
202210091500,,0.0
202210091510,,0.0
202210091520,,0.0
202210091525,,0.0
202210091530,,0.0
202210091535,,0.0
202210091540,,0.0
202210091545,,0.0
202210091550,,0.0
202210091555,,0.0
202210091615,,0.0
202210091620,,0.0
202210091625,,0.0
202210091630,,0.0
202210091635,,0.0
202210091640,,0.0
202210091645,,0.0
202210091650,,0.0
202210091700,,0.0
202210091710,,0.0
202210091715,,0.0
202210091720,,0.0
202210091725,,0.0
202210091735,,0.0
202210091740,,0.0
202210091745,,0.0
202210091750,,0.0
202210091755,,0.0
202210091800,,0.0
202210091810,,0.0
202210091815,,0.0
202210091820,,0.0
202210091835,,0.0
202210091840,,0.0
202210091845,,0.0
202210091850,,0.0
202210091855,,0.0
202210091900,,0.0
202210091920,,0.0
202210091925,,0.0
202210091930,,0.0
202210091940,,0.0
202210091945,,0.0
202210091950,,0.0
202210091955,,0.0
202210092015,,0.0
202210092020,,0.0
202210092025,,0.0
202210092030,,0.0
202210092035,,0.0
202210092040,,0.0
202210092050,,0.0
202210092055,,0.0
202210092100,,0.0
202210092110,,0.0
202210092120,,0.0
202210092125,,0.0
202210092130,,0.0
202210092135,,0.0
202210092140,,0.0
202210092150,,0.0
202210092155,,0.0
202210092200,,0.0
202210092220,,0.0
202210092225,,0.0
202210092230,,0.0
202210092235,,0.0
202210092240,,0.0
202210092245,,0.0
202210092250,,0.0
202210092255,,0.0
202210092310,,0.0
202210092315,,0.0
202210092320,,0.0
202210092330,,0.0
202210092335,,0.0
202210092340,,0.0
202210092350,,0.0
202210092355,,0.0
202210100000,,0.0
202210100010,,0.0
202210100015,,0.0
202210100020,,0.0
202210100025,,0.0
202210100030,,0.0
202210100035,,0.0
202210100040,,0.0
202210100045,,0.0
202210100050,,0.0
202210100055,,0.0
202210100100,,0.0
202210100110,,0.0
202210100115,,0.0
202210100120,,0.0
202210100125,,0.0
202210100130,,0.0
202210100140,,0.0
202210100145,,0.0
202210100155,,0.0
202210100210,,0.0
202210100215,,0.0
202210100225,,0.0
202210100230,,0.0
202210100240,,0.0
202210100245,,0.0
202210100250,,0.0
202210100300,,0.0
202210100310,,0.0
202210100315,,0.0
202210100320,,0.0
202210100325,,0.0
202210100330,,0.0
202210100335,,0.0
202210100340,,0.0
202210100345,,0.0
202210100350,,0.0
202210100400,,0.0
202210100415,,0.0
202210100420,,0.0
202210100425,,0.0
202210100430,,0.0
202210100435,,0.0
202210100440,,0.0
202210100445,,0.0
202210100455,,0.0
202210100510,,0.0
202210100515,,0.0
202210100525,,0.0
202210100530,,0.0
202210100535,,0.0
202210100540,,0.0
202210100545,,0.0
202210100550,,0.0
202210100600,,0.0
202210100610,,0.0
202210100620,,0.0
202210100625,,0.0
202210100630,,0.0
202210100635,,0.0
202210100640,,0.0
202210100650,,0.0
202210100655,,0.0
202210100700,,0.0
202210100710,,0.0
202210100720,,0.0
202210100725,,0.0
202210100730,,0.0
202210100735,,0.0
202210100740,,0.0
202210100745,,0.0
202210100750,,0.0
202210100755,,0.0
202210100800,,0.0
202210100810,,0.0
202210100815,,0.0
202210100820,,0.0
202210100825,,0.0
202210100830,,0.0
202210100835,,0.0
202210100840,,0.0
202210100845,,0.0
202210100850,,0.0
202210100855,,0.0
202210100900,,0.0
202210100910,,0.0
202210100915,,0.0
202210100920,,0.0
202210100925,,0.0
202210100930,,0.0
202210100940,,0.0
202210100950,,0.0
202210100955,,0.0
202210101000,,0.0
202210101010,,0.0
202210101015,,0.0
202210101030,,0.0
202210101035,,0.0
202210101040,,0.0
202210101045,,0.0
202210101050,,0.0
202210101100,,0.0
202210101110,,0.0
202210101115,,0.0
202210101120,,0.0
202210101125,,0.0
202210101130,,0.0
202210101140,,0.0
202210101145,,0.0
202210101155,,0.0
202210101200,,0.0
202210101210,,0.0
202210101215,,0.0
202210101220,,0.0
202210101225,,0.0
202210101235,,0.0
202210101240,,0.0
202210101250,,0.0
202210101255,,0.0
202210101300,,0.0
202210101310,,0.0
202210101315,,0.0
202210101320,,0.0
202210101325,,0.0
202210101330,,0.0
202210101340,,0.0
202210101345,,0.0
202210101410,,0.0
202210101415,,0.0
202210101420,,0.0
202210101425,,0.0
202210101430,,0.0
202210101435,,0.0
202210101440,,0.0
202210101445,,0.0
202210101455,,0.0
202210101500,,0.0
202210101510,,0.0
202210101515,346.0,0.9
202210101520,322.0,0.9
202210101530,330.0,0.4
202210101535,,0.0
202210101545,315.0,0.9
202210101550,281.0,0.9
202210101555,,0.0
202210101610,340.0,0.9
202210101615,322.0,0.9
202210101620,348.0,0.9
202210101630,,0.0
202210101635,,0.0
202210101640,,0.0
202210101655,,0.0
202210101700,,0.0
202210101710,18.0,0.9
202210101715,1.0,0.4
202210101720,25.0,0.4
202210101725,,0.0
202210101740,,0.0
202210101745,,0.0
202210101750,,0.0
202210101755,,0.0
202210101800,,0.0
202210101810,4.0,0.4
202210101815,17.0,0.4
202210101820,357.0,0.4
202210101825,,0.0
202210101830,,0.0
202210101835,,0.0
202210101845,,0.0
202210101850,,0.0
202210101855,,0.0
202210101900,,0.0
202210101910,,0.0
202210101920,,0.0
202210101930,,0.0
202210101935,,0.0
202210101940,,0.0
202210101945,,0.0
202210101950,,0.0
202210101955,5.0,0.9
202210102000,337.0,0.9
202210102010,341.0,0.4
202210102015,,0.0
202210102020,,0.0
202210102030,,0.0
202210102035,,0.0
202210102100,,0.0
202210102110,,0.0
202210102115,,0.0
202210102120,,0.0
202210102125,,0.0
202210102130,,0.0
202210102135,,0.0
202210102140,,0.0
202210102145,,0.0
202210102150,,0.0
202210102155,,0.0
202210102200,,0.0
202210102210,,0.0
202210102215,,0.0
202210102225,,0.0
202210102235,,0.0
202210102240,,0.0
202210102245,,0.0
202210102250,,0.0
202210102255,,0.0
202210102310,,0.0
202210102315,,0.0
202210102320,,0.0
202210102325,,0.0
202210102330,,0.0
202210102340,,0.0
202210102345,,0.0
202210110010,,0.0
202210110025,,0.0
202210110030,,0.0
202210110035,,0.0
202210110040,,0.0
202210110045,,0.0
202210110050,,0.0
202210110055,,0.0
202210110100,,0.0
202210110110,,0.0
202210110115,,0.0
202210110120,,0.0
202210110125,,0.0
202210110130,,0.0
202210110140,,0.0
202210110145,,0.0
202210110150,,0.0
202210110155,,0.0
202210110210,,0.0
202210110215,,0.0
202210110220,,0.0
202210110225,,0.0
202210110230,,0.0
202210110240,,0.0
202210110245,,0.0
202210110250,,0.0
202210110255,,0.0
202210110300,,0.0
202210110310,,0.0
202210110315,,0.0
202210110320,,0.0
202210110325,,0.0
202210110330,,0.0
202210110335,,0.0
202210110340,,0.0
202210110345,,0.0
202210110350,,0.0
202210110355,,0.0
202210110400,,0.0
202210110410,,0.0
202210110415,,0.0
202210110420,,0.0
202210110425,,0.0
202210110430,,0.0
202210110435,,0.0
202210110440,,0.0
202210110445,,0.0
202210110450,,0.0
202210110455,,0.0
202210110500,,0.0
202210110510,,0.0
202210110515,,0.0
202210110520,,0.0
202210110525,,0.0
202210110535,,0.0
202210110540,,0.0
202210110545,,0.0
202210110550,,0.0
202210110555,,0.0
202210110600,,0.0
202210110610,,0.0
202210110615,,0.0
202210110620,,0.0
202210110630,,0.0
202210110635,,0.0
202210110640,,0.0
202210110650,,0.0
202210110700,,0.0
202210110710,,0.0
202210110715,,0.0
202210110720,,0.0
202210110725,,0.0
202210110730,,0.0
202210110735,,0.0
202210110740,,0.0
202210110750,,0.0
202210110755,,0.0
202210110800,,0.0
202210110810,,0.0
202210110815,,0.0
202210110820,,0.0
202210110825,,0.0
202210110830,,0.0
202210110835,,0.0
202210110840,,0.0
202210110845,,0.0
202210110850,,0.0
202210110855,,0.0
202210110900,,0.0
202210110915,,0.0
202210110925,,0.0
202210110930,,0.0
202210110940,,0.0
202210110945,,0.0
202210110950,,0.0
202210111000,,0.0
202210111010,,0.0
202210111015,,0.0
202210111020,,0.0
202210111025,,0.0
202210111030,,0.0
202210111035,,0.0
202210111040,,0.0
202210111050,,0.0
202210111115,,0.0
202210111120,,0.0
202210111130,,0.0
202210111135,,0.0
202210111140,,0.0
202210111145,,0.0
202210111150,,0.0
202210111155,,0.0
202210111210,,0.0
202210111215,,0.0
202210111220,,0.0
202210111225,,0.0
202210111230,,0.0
202210111235,,0.0
202210111240,,0.0
202210111250,,0.0
202210111255,,0.0
202210111310,,0.0
202210111315,,0.0
202210111320,,0.0
202210111325,,0.0
202210111330,,0.0
202210111340,,0.0
202210111345,,0.0
202210111350,,0.0
202210111355,,0.0
202210111400,,0.0
202210111410,,0.0
202210111430,,0.0
202210111435,,0.0
202210111440,,0.0
202210111445,,0.0
202210111450,,0.0
202210111455,,0.0
202210111510,,0.0
202210111520,,0.0
202210111535,,0.0
202210111540,,0.0
202210111545,,0.0
202210111550,,0.0
202210111600,,0.0
202210111615,,0.0
202210111620,,0.0
202210111625,,0.0
202210111630,,0.0
202210111635,,0.0
202210111640,,0.0
202210111645,,0.0
202210111715,,0.0
202210111725,,0.0
202210111730,,0.0
202210111735,,0.0
202210111740,,0.0
202210111745,,0.0
202210111750,,0.0
202210111755,,0.0
202210111800,,0.0
202210111815,,0.0
202210111820,,0.0
202210111825,,0.0
202210111830,,0.0
202210111835,,0.0
202210111840,,0.0
202210111845,,0.0
202210111855,,0.0
202210111915,,0.0
202210111920,,0.0
202210111930,,0.0
202210111935,,0.0
202210111950,,0.0
202210111955,,0.0
202210112000,,0.0
202210112010,,0.0
202210112015,,0.0
202210112020,,0.0
202210112025,,0.0
202210112030,,0.0
202210112035,,0.0
202210112040,,0.0
202210112050,,0.0
202210112100,,0.0
202210112110,,0.0
202210112115,,0.0
202210112120,,0.0
202210112135,,0.0
202210112140,,0.0
202210112150,,0.0
202210112155,,0.0
202210112200,,0.0
202210112210,,0.0
202210112215,,0.0
202210112220,,0.0
202210112225,,0.0
202210112230,,0.0
202210112235,,0.0
202210112240,,0.0
202210112245,,0.0
202210112250,,0.0
202210112255,,0.0
202210112300,,0.0
202210112310,,0.0
202210112315,,0.0
202210112320,,0.0
202210112325,,0.0
202210112330,,0.0
202210112335,,0.0
202210112340,,0.0
202210112345,,0.0
202210112350,,0.0
202210120000,,0.0
202210120015,,0.0
202210120025,,0.0
202210120030,,0.0
202210120035,,0.0
202210120040,,0.0
202210120045,,0.0
202210120050,,0.0
202210120055,,0.0
202210120100,,0.0
202210120115,,0.0
202210120120,,0.0
202210120125,,0.0
202210120135,,0.0
202210120145,,0.0
202210120150,,0.0
202210120155,,0.0
202210120200,,0.0
202210120210,,0.0
202210120220,,0.0
202210120225,,0.0
202210120230,,0.0
202210120235,,0.0
202210120240,,0.0
202210120245,,0.0
202210120255,,0.0
202210120300,,0.0
202210120310,,0.0
202210120320,,0.0
202210120325,,0.0
202210120340,,0.0
202210120345,,0.0
202210120355,,0.0
202210120400,,0.0
202210120410,,0.0
202210120415,,0.0
202210120420,,0.0
202210120430,,0.0
202210120435,,0.0
202210120445,,0.0
202210120450,,0.0
202210120500,,0.0
202210120515,,0.0
202210120520,,0.0
202210120525,,0.0
202210120530,,0.0
202210120535,,0.0
202210120545,,0.0
202210120555,,0.0
202210120600,,0.0
202210120620,,0.0
202210120625,,0.0
202210120630,,0.0
202210120635,,0.0
202210120640,,0.0
202210120650,,0.0
202210120655,,0.0
202210120700,,0.0
202210120710,,0.0
202210120720,,0.0
202210120725,,0.0
202210120735,,0.0
202210120750,,0.0
202210120755,,0.0
202210120800,,0.0
202210120810,,0.0
202210120835,,0.0
202210120840,,0.0
202210120845,,0.0
202210120850,,0.0
202210120855,,0.0
202210120900,,0.0
202210120915,,0.0
202210120920,,0.0
202210120930,,0.0
202210120935,,0.0
202210120940,,0.0
202210120950,,0.0
202210121000,,0.0
202210121010,,0.0
202210121015,,0.0
202210121025,,0.0
202210121030,,0.0
202210121035,,0.0
202210121045,,0.0
202210121050,,0.0
202210121055,,0.0
202210121100,,0.0
202210121110,,0.0
202210121115,,0.0
202210121120,,0.0
202210121125,,0.0
202210121130,,0.0
202210121140,,0.0
202210121155,,0.0
202210121200,,0.0
202210121215,,0.0
202210121225,,0.0
202210121230,,0.0
202210121235,,0.0
202210121240,,0.0
202210121245,,0.0
202210121250,,0.0
202210121255,,0.0
202210121300,,0.0
202210121310,,0.0
202210121315,,0.0
202210121325,,0.0
202210121330,,0.0
202210121335,,0.0
202210121340,,0.0
202210121345,,0.0
202210121350,,0.0
202210121355,,0.0
202210121400,,0.0
202210121410,,0.0
202210121415,,0.0
202210121420,,0.0
202210121425,,0.0
202210121430,,0.0
202210121435,,0.0
202210121440,,0.0
202210121450,,0.0
202210121455,,0.0
202210121510,,0.0
202210121515,107.0,0.4
202210121520,118.0,0.4
202210121525,,0.0
202210121530,,0.0
202210121535,,0.0
202210121545,75.0,0.9
202210121550,79.0,0.9
202210121555,,0.0
202210121610,,0.0
202210121620,106.0,0.4
202210121625,117.0,0.4
202210121635,,0.0
202210121640,,0.0
202210121650,,0.0
202210121655,93.0,0.4
202210121700,126.0,0.4
202210121710,108.0,0.4
202210121715,,0.0
202210121720,,0.0
202210121730,121.0,0.4
202210121750,,0.0
202210121755,107.0,0.4
202210121800,112.0,0.4
202210121810,,0.0
202210121815,,0.0
202210121820,,0.0
202210121825,84.0,0.9
202210121830,88.0,0.9
202210121840,130.0,0.4
202210121845,,0.0
202210121850,,0.0
202210121855,,0.0
202210121900,,0.0
202210121910,,0.0
202210121915,,0.0
202210121920,,0.0
202210121925,,0.0
202210121930,,0.0
202210121940,,0.0
202210121945,,0.0
202210121950,,0.0
202210121955,,0.0
202210122000,,0.0
202210122010,,0.0
202210122015,112.0,0.4
202210122020,108.0,0.4
202210122025,,0.0
202210122030,,0.0
202210122035,,0.0
202210122040,,0.0
202210122050,,0.0
202210122055,,0.0
202210122100,,0.0
202210122110,,0.0
202210122115,,0.0
202210122120,,0.0
202210122125,,0.0
202210122130,,0.0
202210122135,,0.0
202210122140,,0.0
202210122145,,0.0
202210122200,,0.0
202210122210,,0.0
202210122215,78.0,0.9
202210122230,,0.0
202210122235,,0.0
202210122240,,0.0
202210122250,,0.0
202210122255,,0.0
202210122300,,0.0
202210122315,,0.0
202210122320,,0.0
202210122325,205.0,0.4
202210122330,142.0,0.4
202210122335,237.0,0.4
202210122340,194.0,0.4
202210122345,,0.0
202210122350,,0.0
202210122355,,0.0
202210130000,,0.0
202210130025,,0.0
202210130035,,0.0
202210130040,,0.0
202210130045,,0.0
202210130050,,0.0
202210130055,,0.0
202210130100,,0.0
202210130110,,0.0
202210130115,,0.0
202210130120,,0.0
202210130125,,0.0
202210130130,,0.0
202210130140,,0.0
202210130145,,0.0
202210130150,,0.0
202210130155,,0.0
202210130200,,0.0
202210130210,,0.0
202210130220,,0.0
202210130225,,0.0
202210130230,,0.0
202210130240,,0.0
202210130245,,0.0
202210130250,,0.0
202210130255,,0.0
202210130300,,0.0
202210130320,,0.0
202210130325,,0.0
202210130330,,0.0
202210130335,,0.0
202210130340,,0.0
202210130345,,0.0
202210130350,,0.0
202210130355,,0.0
202210130400,,0.0
202210130410,,0.0
202210130420,,0.0
202210130425,,0.0
202210130440,,0.0
202210130445,,0.0
202210130450,,0.0
202210130455,,0.0
202210130500,,0.0
202210130510,,0.0
202210130525,,0.0
202210130530,,0.0
202210130540,,0.0
202210130545,,0.0
202210130550,,0.0
202210130555,,0.0
202210130600,,0.0
202210130610,,0.0
202210130615,,0.0
202210130620,,0.0
202210130625,,0.0
202210130630,,0.0
202210130635,,0.0
202210130645,,0.0
202210130650,,0.0
202210130655,,0.0
202210130700,,0.0
202210130710,,0.0
202210130715,,0.0
202210130720,,0.0
202210130725,,0.0
202210130730,,0.0
202210130735,,0.0
202210130740,,0.0
202210130745,,0.0
202210130750,,0.0
202210130755,,0.0
202210130800,,0.0
202210130810,,0.0
202210130815,,0.0
202210130820,,0.0
202210130825,,0.0
202210130830,,0.0
202210130835,,0.0
202210130840,,0.0
202210130845,,0.0
202210130850,,0.0
202210130855,,0.0
202210130900,,0.0
202210130910,,0.0
202210130920,,0.0
202210130930,,0.0
202210130935,,0.0
202210130940,,0.0
202210130945,,0.0
202210130950,,0.0
202210131000,,0.0
202210131010,,0.0
202210131015,,0.0
202210131020,,0.0
202210131025,,0.0
202210131035,,0.0
202210131045,,0.0
202210131110,,0.0
202210131125,,0.0
202210131130,,0.0
202210131135,204.0,0.4
202210131140,240.0,0.4
202210131145,209.0,0.9
202210131150,213.0,0.9
202210131155,211.0,0.9
202210131210,,0.0
202210131215,330.0,0.4
202210131225,,0.0
202210131230,,0.0
202210131235,,0.0
202210131240,,0.0
202210131250,,0.0
202210131255,,0.0
202210131315,,0.0
202210131320,,0.0
202210131330,,0.0
202210131335,,0.0
202210131345,,0.0
202210131355,,0.0
202210131400,,0.0
202210131410,,0.0
202210131415,,0.0
202210131420,,0.0
202210131425,,0.0
202210131430,,0.0
202210131440,,0.0
202210131445,,0.0
202210131455,,0.0
202210131500,,0.0
202210131515,,0.0
202210131520,,0.0
202210131525,,0.0
202210131530,,0.0
202210131535,,0.0
202210131545,229.0,0.4
202210131550,264.0,0.4
202210131555,,0.0
202210131600,,0.0
202210131610,297.0,0.4
202210131615,206.0,0.4
202210131625,194.0,0.9
202210131630,207.0,0.9
202210131635,212.0,0.9
202210131645,203.0,0.9
202210131650,190.0,0.9
202210131655,,0.0
202210131700,,0.0
202210131710,,0.0
202210131715,,0.0
202210131720,,0.0
202210131725,229.0,0.4
202210131730,1.0,0.4
202210131735,,0.0
202210131740,,0.0
202210131745,,0.0
202210131750,,0.0
202210131755,,0.0
202210131800,,0.0
202210131815,,0.0
202210131820,,0.0
202210131825,15.0,0.9
202210131830,312.0,0.9
202210131835,299.0,0.9
202210131840,345.0,0.9
202210131845,340.0,0.9
202210131850,317.0,0.9
202210131855,2.0,0.9
202210131900,332.0,0.9
202210131910,,0.0
202210131915,187.0,0.9
202210131920,354.0,0.9
202210131925,344.0,1.3
202210131935,237.0,0.9
202210131940,343.0,0.9
202210131945,327.0,0.4
202210131950,1.0,0.4
202210132010,223.0,0.9
202210132015,239.0,0.9
202210132020,329.0,0.9
202210132025,298.0,0.9
202210132030,205.0,0.9
202210132035,243.0,0.9
202210132040,291.0,0.9
202210132050,191.0,0.9
202210132100,330.0,1.3
202210132110,303.0,0.9
202210132115,284.0,0.9
202210132120,98.0,0.9
202210132125,212.0,0.9
202210132135,318.0,0.9
202210132140,253.0,0.9
202210132145,331.0,0.9
202210132155,211.0,0.4
202210132200,241.0,0.4
202210132210,329.0,0.4
202210132220,338.0,0.9
202210132225,347.0,0.9
202210132230,312.0,0.9
202210132235,342.0,0.9
202210132240,6.0,0.9
202210132245,303.0,0.9
202210132250,326.0,0.9
202210132255,274.0,0.4
202210132300,290.0,0.4
202210132315,,0.0
202210132320,,0.0
202210132330,,0.0
202210132335,207.0,0.4
202210132345,,0.0
202210132355,,0.0
202210140010,,0.0
202210140015,,0.0
202210140030,,0.0
202210140045,,0.0
202210140050,,0.0
202210140055,,0.0
202210140110,,0.0
202210140120,,0.0
202210140125,,0.0
202210140140,174.0,0.4
202210140145,,0.0
202210140150,,0.0
202210140155,,0.0
202210140200,,0.0
202210140210,,0.0
202210140215,206.0,0.4
202210140220,205.0,0.4
202210140225,,0.0
202210140230,,0.0
202210140235,,0.0
202210140240,,0.0
202210140255,,0.0
202210140300,,0.0
202210140310,,0.0
202210140315,,0.0
202210140320,,0.0
202210140325,,0.0
202210140330,,0.0
202210140335,,0.0
202210140340,,0.0
202210140345,,0.0
202210140350,,0.0
202210140355,,0.0
202210140420,,0.0
202210140425,,0.0
202210140430,,0.0
202210140435,,0.0
202210140445,,0.0
202210140450,,0.0
202210140500,,0.0
202210140510,,0.0
202210140515,,0.0
202210140525,,0.0
202210140530,,0.0
202210140545,,0.0
202210140550,,0.0
202210140600,,0.0
202210140610,,0.0
202210140615,,0.0
202210140620,,0.0
202210140625,,0.0
202210140630,,0.0
202210140640,,0.0
202210140645,,0.0
202210140650,,0.0
202210140700,,0.0
202210140710,,0.0
202210140720,,0.0
202210140725,,0.0
202210140730,,0.0
202210140745,,0.0
202210140750,,0.0
202210140800,,0.0
202210140810,,0.0
202210140815,,0.0
202210140825,,0.0
202210140830,,0.0
202210140835,,0.0
202210140840,,0.0
202210140845,,0.0
202210140850,,0.0
202210140900,,0.0
202210140910,,0.0
202210140920,,0.0
202210140925,,0.0
202210140935,,0.0
202210140940,,0.0
202210140945,,0.0
202210140950,,0.0
202210140955,,0.0
202210141000,,0.0
202210141010,,0.0
202210141020,,0.0
202210141030,,0.0
202210141035,,0.0
202210141040,,0.0
202210141045,,0.0
202210141050,,0.0
202210141055,,0.0
202210141100,,0.0
202210141110,,0.0
202210141120,,0.0
202210141125,,0.0
202210141130,,0.0
202210141140,,0.0
202210141155,,0.0
202210141200,,0.0
202210141210,,0.0
202210141215,,0.0
202210141220,,0.0
202210141225,,0.0
202210141230,,0.0
202210141235,,0.0
202210141240,,0.0
202210141245,,0.0
202210141250,,0.0
202210141255,,0.0
202210141315,,0.0
202210141320,,0.0
202210141330,,0.0
202210141345,,0.0
202210141350,,0.0
202210141355,,0.0
202210141400,,0.0
202210141410,,0.0
202210141415,324.0,0.9
202210141420,343.0,0.9
202210141435,323.0,0.4
202210141450,320.0,0.9
202210141455,330.0,0.9
202210141500,312.0,0.9
202210141510,2.0,0.9
202210141515,,0.0
202210141520,,0.0
202210141525,335.0,0.4
202210141530,329.0,0.4
202210141535,,0.0
202210141540,,0.0
202210141545,,0.0
202210141555,,0.0
202210141600,,0.0
202210141610,352.0,0.4
202210141620,324.0,0.4
202210141625,,0.0
202210141630,,0.0
202210141635,,0.0
202210141640,,0.0
202210141650,,0.0
202210141655,,0.0
202210141700,,0.0
202210141710,,0.0
202210141725,,0.0
202210141730,,0.0
202210141735,261.0,0.9
202210141740,324.0,0.9
202210141745,,0.0
202210141755,347.0,0.4
202210141800,316.0,0.4
202210141810,353.0,0.9
202210141815,1.0,0.9
202210141820,310.0,0.9
202210141825,344.0,0.4
202210141830,356.0,0.4
202210141840,306.0,0.4
202210141845,217.0,0.4
202210141850,313.0,0.4
202210141855,334.0,0.4
202210141900,333.0,0.4
202210141910,334.0,0.9
202210141915,333.0,0.4
202210141930,331.0,0.9
202210141935,358.0,0.9
202210141945,317.0,0.4
202210142000,,0.0
202210142015,256.0,0.4
202210142020,297.0,0.4
202210142025,,0.0
202210142030,,0.0
202210142035,,0.0
202210142040,,0.0
202210142045,,0.0
202210142050,,0.0
202210142055,,0.0
202210142100,,0.0
202210142110,,0.0
202210142120,,0.0
202210142130,,0.0
202210142135,,0.0
202210142140,,0.0
202210142145,,0.0
202210142150,,0.0
202210142155,,0.0
202210142200,,0.0
202210142210,,0.0
202210142215,,0.0
202210142220,,0.0
202210142225,,0.0
202210142230,,0.0
202210142245,,0.0
202210142250,,0.0
202210142255,,0.0
202210142310,,0.0
202210142315,,0.0
202210142320,,0.0
202210142325,,0.0
202210142330,,0.0
202210142335,,0.0
202210142345,,0.0
202210142350,,0.0
202210142355,,0.0
202210150000,,0.0
202210150010,,0.0
202210150015,,0.0
202210150020,,0.0
202210150025,,0.0
202210150030,,0.0
202210150035,,0.0
202210150040,,0.0
202210150050,,0.0
202210150055,,0.0
202210150110,,0.0
202210150115,,0.0
202210150120,,0.0
202210150125,,0.0
202210150140,,0.0
202210150150,,0.0
202210150155,,0.0
202210150210,,0.0
202210150215,,0.0
202210150220,,0.0
202210150225,,0.0
202210150245,,0.0
202210150255,,0.0
202210150300,,0.0
202210150310,,0.0
202210150315,,0.0
202210150320,,0.0
202210150330,,0.0
202210150335,,0.0
202210150340,,0.0
202210150400,,0.0
202210150410,,0.0
202210150420,,0.0
202210150440,,0.0
202210150445,,0.0
202210150450,,0.0
202210150455,,0.0
202210150500,,0.0
202210150510,,0.0
202210150515,,0.0
202210150520,,0.0
202210150525,,0.0
202210150530,,0.0
202210150535,,0.0
202210150550,,0.0
202210150555,,0.0
202210150610,,0.0
202210150615,,0.0
202210150625,,0.0
202210150630,,0.0
202210150635,,0.0
202210150640,,0.0
202210150645,,0.0
202210150650,,0.0
202210150655,,0.0
202210150710,,0.0
202210150715,,0.0
202210150720,,0.0
202210150730,,0.0
202210150740,,0.0
202210150745,,0.0
202210150755,,0.0
202210150810,,0.0
202210150815,,0.0
202210150820,,0.0
202210150825,,0.0
202210150830,,0.0
202210150835,,0.0
202210150840,,0.0
202210150850,,0.0
202210150855,,0.0
202210150900,,0.0
202210150915,,0.0
202210150925,,0.0
202210150930,,0.0
202210150935,,0.0
202210150940,,0.0
202210150945,,0.0
202210150950,,0.0
202210150955,,0.0
202210151010,,0.0
202210151015,,0.0
202210151025,,0.0
202210151030,,0.0
202210151035,,0.0
202210151040,,0.0
202210151045,,0.0
202210151050,,0.0
202210151100,,0.0
202210151110,,0.0
202210151115,,0.0
202210151120,,0.0
202210151125,,0.0
202210151130,,0.0
202210151140,,0.0
202210151150,,0.0
202210151200,,0.0
202210151210,,0.0
202210151215,,0.0
202210151220,,0.0
202210151225,,0.0
202210151235,,0.0
202210151240,,0.0
202210151250,,0.0
202210151255,,0.0
202210151300,,0.0
202210151315,,0.0
202210151320,,0.0
202210151325,,0.0
202210151330,,0.0
202210151335,,0.0
202210151340,,0.0
202210151345,,0.0
202210151350,,0.0
202210151355,,0.0
202210151410,,0.0
202210151415,,0.0
202210151420,,0.0
202210151425,,0.0
202210151430,,0.0
202210151435,,0.0
202210151440,,0.0
202210151445,,0.0
202210151450,,0.0
202210151455,,0.0
202210151510,,0.0
202210151515,,0.0
202210151520,,0.0
202210151525,8.0,0.4
202210151535,,0.0
202210151540,,0.0
202210151545,214.0,0.9
202210151550,233.0,0.9
202210151555,,0.0
202210151600,,0.0
202210151610,127.0,0.9
202210151615,25.0,0.4
202210151620,218.0,0.4
202210151625,183.0,0.9
202210151630,188.0,0.9
202210151635,115.0,0.4
202210151640,222.0,0.4
202210151650,,0.0
202210151655,190.0,0.9
202210151700,2.0,0.9
202210151715,,0.0
202210151720,,0.0
202210151725,193.0,0.9
202210151740,320.0,0.4
202210151745,110.0,0.4
202210151750,236.0,0.4
202210151755,325.0,0.4
202210151800,237.0,0.4
202210151810,263.0,0.9
202210151815,,0.0
202210151820,,0.0
202210151825,267.0,0.9
202210151835,,0.0
202210151840,,0.0
202210151845,238.0,0.9
202210151850,220.0,0.9
202210151855,216.0,0.9
202210151910,,0.0
202210151915,318.0,0.9
202210151920,311.0,0.9
202210151925,181.0,0.9
202210151930,339.0,0.9
202210151935,,0.0
202210151940,,0.0
202210151945,,0.0
202210151950,,0.0
202210151955,227.0,0.9
202210152010,213.0,0.4
202210152015,294.0,0.4
202210152020,202.0,0.4
202210152030,,0.0
202210152040,213.0,0.4
202210152050,189.0,0.9
202210152100,244.0,0.9
202210152110,,0.0
202210152120,,0.0
202210152125,172.0,0.4
202210152130,217.0,0.4
202210152135,130.0,0.9
202210152150,231.0,0.4
202210152200,204.0,0.4
202210152210,,0.0
202210152215,,0.0
202210152220,,0.0
202210152225,,0.0
202210152230,,0.0
202210152235,,0.0
202210152245,,0.0
202210152250,,0.0
202210152255,,0.0
202210152300,,0.0
202210152310,,0.0
202210152315,,0.0
202210152320,,0.0
202210152325,,0.0
202210152330,,0.0
202210152335,,0.0
202210152340,,0.0
202210152345,,0.0
202210152350,,0.0
202210152355,,0.0
202210160000,,0.0
202210160010,,0.0
202210160020,,0.0
202210160025,,0.0
202210160035,,0.0
202210160040,,0.0
202210160045,,0.0
202210160050,,0.0
202210160055,,0.0
202210160100,,0.0
202210160115,,0.0
202210160120,,0.0
202210160125,,0.0
202210160130,,0.0
202210160135,,0.0
202210160140,,0.0
202210160150,,0.0
202210160155,,0.0
202210160200,,0.0
202210160215,,0.0
202210160220,,0.0
202210160225,,0.0
202210160230,,0.0
202210160235,,0.0
202210160240,,0.0
202210160245,,0.0
202210160250,,0.0
202210160300,,0.0
202210160310,,0.0
202210160325,,0.0
202210160330,,0.0
202210160335,,0.0
202210160340,,0.0
202210160345,,0.0
202210160350,,0.0
202210160355,,0.0
202210160400,,0.0
202210160415,,0.0
202210160420,,0.0
202210160425,,0.0
202210160430,,0.0
202210160435,,0.0
202210160440,,0.0
202210160445,,0.0
202210160450,,0.0
202210160455,,0.0
202210160500,,0.0
202210160510,,0.0
202210160515,,0.0
202210160520,,0.0
202210160525,,0.0
202210160530,,0.0
202210160535,,0.0
202210160540,,0.0
202210160545,,0.0
202210160550,,0.0
202210160555,,0.0
202210160600,,0.0
202210160610,,0.0
202210160615,,0.0
202210160620,,0.0
202210160625,,0.0
202210160630,,0.0
202210160635,,0.0
202210160640,,0.0
202210160645,,0.0
202210160650,,0.0
202210160655,,0.0
202210160700,,0.0
202210160710,,0.0
202210160715,,0.0
202210160720,,0.0
202210160725,,0.0
202210160730,,0.0
202210160735,,0.0
202210160740,,0.0
202210160745,,0.0
202210160750,,0.0
202210160755,,0.0
202210160815,,0.0
202210160820,,0.0
202210160825,,0.0
202210160830,,0.0
202210160835,,0.0
202210160840,,0.0
202210160845,,0.0
202210160850,,0.0
202210160855,,0.0
202210160910,,0.0
202210160915,,0.0
202210160920,,0.0
202210160925,,0.0
202210160930,,0.0
202210160935,,0.0
202210160950,,0.0
202210160955,,0.0
202210161000,,0.0
202210161015,,0.0
202210161020,,0.0
202210161025,,0.0
202210161030,,0.0
202210161035,,0.0
202210161040,,0.0
202210161045,,0.0
202210161100,,0.0
202210161110,,0.0
202210161115,,0.0
202210161120,,0.0
202210161125,,0.0
202210161130,,0.0
202210161135,,0.0
202210161140,,0.0
202210161145,,0.0
202210161150,,0.0
202210161155,,0.0
202210161200,,0.0
202210161215,,0.0
202210161220,,0.0
202210161225,,0.0
202210161230,,0.0
202210161235,,0.0
202210161245,,0.0
202210161250,,0.0
202210161255,,0.0
202210161300,,0.0
202210161310,,0.0
202210161315,,0.0
202210161320,,0.0
202210161325,,0.0
202210161335,,0.0
202210161340,,0.0
202210161345,,0.0
202210161355,,0.0
202210161400,,0.0
202210161410,,0.0
202210161415,,0.0
202210161425,350.0,0.4
202210161430,316.0,0.4
202210161435,,0.0
202210161440,,0.0
202210161445,,0.0
202210161455,,0.0
202210161500,,0.0
202210161510,326.0,0.4
202210161520,,0.0
202210161530,,0.0
202210161535,182.0,0.9
202210161540,237.0,0.9
202210161550,350.0,0.4
202210161600,,0.0
202210161610,,0.0
202210161615,,0.0
202210161620,,0.0
202210161625,,0.0
202210161635,,0.0
202210161640,,0.0
202210161645,162.0,0.4
202210161655,313.0,0.9
202210161710,,0.0
202210161715,303.0,0.4
202210161720,42.0,0.4
202210161725,,0.0
202210161730,,0.0
202210161735,321.0,0.9
202210161750,186.0,0.4
202210161755,312.0,0.9
202210161800,275.0,0.9
202210161810,297.0,0.9
202210161820,,0.0
202210161830,205.0,0.4
202210161835,241.0,0.9
202210161840,274.0,0.9
202210161845,206.0,0.9
202210161850,322.0,0.9
202210161855,232.0,0.4
202210161900,220.0,0.4
202210161910,235.0,0.9
202210161915,0.0,0.9
202210161920,337.0,0.9
202210161925,230.0,0.4
202210161930,197.0,0.4
202210161935,197.0,0.9
202210161940,227.0,0.9
202210161945,,0.0
202210161950,,0.0
202210162000,,0.0
202210162010,174.0,0.9
202210162015,250.0,0.9
202210162025,170.0,0.9
202210162030,226.0,0.9
202210162035,314.0,0.9
202210162050,208.0,0.4
202210162055,228.0,0.9
202210162100,245.0,0.9
202210162110,224.0,0.9
202210162115,,0.0
202210162120,,0.0
202210162125,,0.0
202210162130,,0.0
202210162140,174.0,0.4
202210162145,200.0,0.9
202210162150,143.0,0.9
202210162200,,0.0
202210162215,,0.0
202210162220,,0.0
202210162225,,0.0
202210162230,,0.0
202210162235,,0.0
202210162240,,0.0
202210162245,,0.0
202210162250,,0.0
202210162300,,0.0
202210162310,,0.0
202210162315,,0.0
202210162320,,0.0
202210162325,,0.0
202210162330,,0.0
202210162335,,0.0
202210162340,,0.0
202210162345,,0.0
202210162350,,0.0
202210162355,,0.0
202210170000,,0.0
202210170010,,0.0
202210170020,,0.0
202210170025,,0.0
202210170030,,0.0
202210170035,,0.0
202210170040,,0.0
202210170045,,0.0
202210170050,,0.0
202210170055,,0.0
202210170100,,0.0
202210170120,,0.0
202210170130,,0.0
202210170140,,0.0
202210170145,,0.0
202210170150,,0.0
202210170200,,0.0
202210170210,,0.0
202210170215,,0.0
202210170220,,0.0
202210170225,,0.0
202210170230,,0.0
202210170235,,0.0
202210170245,,0.0
202210170255,,0.0
202210170300,,0.0
202210170310,,0.0
202210170320,,0.0
202210170325,,0.0
202210170330,,0.0
202210170335,,0.0
202210170400,,0.0
202210170420,,0.0
202210170425,,0.0
202210170430,,0.0
202210170435,,0.0
202210170445,,0.0
202210170450,,0.0
202210170455,,0.0
202210170515,,0.0
202210170520,,0.0
202210170525,,0.0
202210170530,,0.0
202210170535,,0.0
202210170540,,0.0
202210170545,,0.0
202210170550,,0.0
202210170555,,0.0
202210170600,,0.0
202210170610,,0.0
202210170620,,0.0
202210170625,,0.0
202210170640,,0.0
202210170650,,0.0
202210170655,,0.0
202210170700,,0.0
202210170710,,0.0
202210170715,,0.0
202210170720,,0.0
202210170725,,0.0
202210170730,,0.0
202210170740,233.0,0.4
202210170745,215.0,0.4
202210170755,,0.0
202210170800,,0.0
202210170810,129.0,0.4
202210170820,,0.0
202210170825,,0.0
202210170830,,0.0
202210170845,,0.0
202210170850,,0.0
202210170855,,0.0
202210170910,,0.0
202210170915,,0.0
202210170920,,0.0
202210170925,,0.0
202210170930,,0.0
202210170935,,0.0
202210170940,,0.0
202210170945,,0.0
202210170950,,0.0
202210170955,,0.0
202210171000,,0.0
202210171015,180.0,0.9
202210171020,188.0,0.9
202210171025,158.0,0.4
202210171030,202.0,0.4
202210171035,232.0,0.9
202210171045,,0.0
202210171050,,0.0
202210171055,234.0,0.4
202210171100,221.0,0.4
202210171110,247.0,0.9
202210171115,217.0,0.4
202210171130,,0.0
202210171135,,0.0
202210171140,,0.0
202210171145,,0.0
202210171150,,0.0
202210171155,,0.0
202210171200,,0.0
202210171210,218.0,0.9
202210171215,,0.0
202210171220,,0.0
202210171225,,0.0
202210171230,,0.0
202210171235,,0.0
202210171240,,0.0
202210171245,,0.0
202210171250,,0.0
202210171300,,0.0
202210171310,220.0,0.9
202210171315,197.0,0.4
202210171320,195.0,0.4
202210171325,201.0,0.4
202210171335,194.0,0.9
202210171340,218.0,0.9
202210171345,229.0,0.9
202210171350,198.0,0.9
202210171355,211.0,0.4
202210171400,196.0,0.4
202210171410,170.0,0.4
202210171420,219.0,0.9
202210171425,208.0,0.9
202210171440,227.0,0.9
202210171445,,0.0
202210171450,,0.0
202210171455,313.0,0.4
202210171500,255.0,0.4
202210171510,216.0,0.9
202210171515,,0.0
202210171520,,0.0
202210171525,249.0,0.4
202210171530,177.0,0.4
202210171555,139.0,1.3
202210171600,181.0,1.3
202210171610,236.0,0.9
202210171615,184.0,0.9
202210171620,191.0,0.9
202210171625,325.0,0.9
202210171630,220.0,0.9
202210171635,161.0,0.4
202210171640,284.0,0.4
202210171645,193.0,0.4
202210171650,153.0,0.4
202210171655,234.0,0.9
202210171710,322.0,0.9
202210171715,318.0,1.3
202210171720,205.0,1.3
202210171725,234.0,2.2
202210171735,194.0,2.2
202210171740,215.0,2.2
202210171745,253.0,0.9
202210171750,213.0,0.9
202210171810,200.0,0.9
202210171820,330.0,2.7
202210171825,218.0,0.9
202210171830,226.0,0.9
202210171835,220.0,2.7
202210171845,318.0,2.2
202210171850,249.0,2.2
202210171855,4.0,0.9
202210171900,318.0,0.9
202210171920,230.0,0.9
202210171925,243.0,0.9
202210171930,275.0,0.9
202210171935,238.0,1.3
202210171945,192.0,0.9
202210171950,304.0,0.9
202210172000,227.0,0.9
202210172010,341.0,2.2
202210172015,240.0,2.2
202210172020,337.0,2.2
202210172025,233.0,1.3
202210172035,212.0,0.9
202210172045,203.0,0.9
202210172050,175.0,0.9
202210172055,198.0,2.2
202210172100,59.0,2.2
202210172120,215.0,2.2
202210172125,214.0,2.2
202210172130,204.0,2.2
202210172135,203.0,1.3
202210172140,251.0,1.3
202210172145,224.0,0.9
202210172150,263.0,0.9
202210172200,176.0,2.2
202210172215,173.0,1.3
202210172220,227.0,1.3
202210172225,258.0,0.4
202210172230,219.0,0.4
202210172235,236.0,0.4
202210172255,,0.0
202210172300,,0.0
202210172310,,0.0
202210172315,,0.0
202210172320,,0.0
202210172325,,0.0
202210172335,,0.0
202210172340,,0.0
202210172345,,0.0
202210172350,,0.0
202210172355,,0.0
202210180000,,0.0
202210180010,,0.0
202210180015,,0.0
202210180020,,0.0
202210180025,,0.0
202210180030,,0.0
202210180045,,0.0
202210180050,,0.0
202210180055,,0.0
202210180100,,0.0
202210180110,,0.0
202210180120,,0.0
202210180125,,0.0
202210180130,,0.0
202210180140,,0.0
202210180145,,0.0
202210180150,,0.0
202210180155,,0.0
202210180210,,0.0
202210180215,306.0,0.4
202210180220,333.0,0.4
202210180225,327.0,0.9
202210180230,344.0,0.9
202210180235,,0.0
202210180240,,0.0
202210180245,,0.0
202210180250,,0.0
202210180255,315.0,0.4
202210180300,342.0,0.4
202210180310,334.0,0.9
202210180315,,0.0
202210180320,,0.0
202210180325,,0.0
202210180330,,0.0
202210180335,,0.0
202210180340,,0.0
202210180345,,0.0
202210180355,329.0,0.9
202210180400,326.0,0.9
202210180410,330.0,1.3
202210180420,336.0,0.9
202210180425,,0.0
202210180435,305.0,0.4
202210180440,294.0,0.4
202210180445,,0.0
202210180450,,0.0
202210180455,,0.0
202210180510,333.0,0.4
202210180515,,0.0
202210180520,,0.0
202210180525,338.0,0.9
202210180535,328.0,0.9
202210180540,329.0,0.9
202210180545,,0.0
202210180550,,0.0
202210180555,341.0,0.4
202210180600,339.0,0.4
202210180615,344.0,0.9
202210180620,302.0,0.9
202210180625,341.0,0.4
202210180640,330.0,1.3
202210180650,327.0,0.4
202210180655,,0.0
202210180700,,0.0
202210180710,330.0,0.9
202210180715,310.0,0.9
202210180720,335.0,0.9
202210180725,344.0,1.3
202210180730,333.0,1.3
202210180735,317.0,0.4
202210180740,316.0,0.4
202210180745,316.0,0.4
202210180750,336.0,0.4
202210180755,341.0,0.4
202210180800,327.0,0.4
202210180810,,0.0
202210180815,,0.0
202210180820,,0.0
202210180825,,0.0
202210180830,,0.0
202210180835,330.0,0.9
202210180840,328.0,0.9
202210180845,6.0,0.9
202210180850,332.0,0.9
202210180855,293.0,0.9
202210180900,334.0,0.9
202210180910,352.0,0.9
202210180915,331.0,0.9
202210180920,349.0,0.9
202210180925,326.0,0.9
202210180935,,0.0
202210180945,,0.0
202210180950,,0.0
202210181000,,0.0
202210181010,,0.0
202210181015,,0.0
202210181020,,0.0
202210181030,,0.0
202210181040,,0.0
202210181045,,0.0
202210181050,,0.0
202210181055,,0.0
202210181100,,0.0
202210181110,,0.0
202210181115,,0.0
202210181120,,0.0
202210181125,319.0,0.4
202210181135,,0.0
202210181140,,0.0
202210181145,313.0,0.4
202210181150,347.0,0.4
202210181155,324.0,0.9
202210181200,332.0,0.9
202210181210,,0.0
202210181215,,0.0
202210181225,,0.0
202210181230,,0.0
202210181245,345.0,0.9
202210181255,341.0,1.3
202210181310,341.0,1.3
202210181315,336.0,1.3
202210181320,325.0,1.3
202210181325,348.0,1.3
202210181330,344.0,1.3
202210181335,336.0,1.3
202210181340,343.0,1.3
202210181345,357.0,1.3
202210181350,347.0,1.3
202210181355,335.0,1.3
202210181400,356.0,1.3
202210181410,336.0,0.9
202210181415,344.0,0.9
202210181420,337.0,0.9
202210181425,349.0,0.9
202210181430,13.0,0.9
202210181435,318.0,0.9
202210181440,341.0,0.9
202210181445,324.0,0.9
202210181450,0.0,0.9
202210181455,324.0,0.9
202210181515,245.0,1.3
202210181520,329.0,1.3
202210181540,349.0,1.3
202210181545,343.0,0.9
202210181550,211.0,0.9
202210181555,342.0,0.9
202210181600,214.0,0.9
202210181610,332.0,0.9
202210181615,280.0,0.9
202210181620,355.0,0.9
202210181630,340.0,0.9
202210181640,289.0,0.9
202210181645,321.0,1.3
202210181650,316.0,1.3
202210181655,321.0,0.9
202210181700,342.0,0.9
202210181710,352.0,0.9
202210181715,351.0,1.3
202210181720,327.0,1.3
202210181725,350.0,0.9
202210181730,344.0,0.9
202210181735,54.0,0.9
202210181745,341.0,0.9
202210181750,96.0,0.9
202210181755,231.0,2.2
202210181800,330.0,2.2
202210181810,336.0,1.3
202210181815,14.0,0.9
202210181820,339.0,0.9
202210181830,325.0,2.2
202210181840,338.0,1.3
202210181850,7.0,1.3
202210181855,328.0,2.2
202210181900,324.0,2.2
202210181915,314.0,1.3
202210181920,358.0,1.3
202210181930,355.0,0.9
202210181935,353.0,0.9
202210181940,334.0,0.9
202210181945,327.0,1.3
202210181955,350.0,2.2
202210182000,332.0,2.2
202210182010,332.0,2.2
202210182015,354.0,1.3
202210182020,350.0,1.3
202210182030,336.0,0.9
202210182035,358.0,1.3
202210182040,324.0,1.3
202210182050,325.0,1.3
202210182100,347.0,2.2
202210182110,331.0,2.2
202210182115,350.0,2.2
202210182120,324.0,2.2
202210182125,7.0,1.3
202210182130,349.0,1.3
202210182135,331.0,0.9
202210182145,320.0,0.4
202210182150,330.0,0.4
202210182155,331.0,1.3
202210182200,338.0,1.3
202210182210,344.0,0.9
202210182215,345.0,1.3
202210182220,351.0,1.3
202210182225,3.0,0.9
202210182230,351.0,0.9
202210182235,333.0,0.9
202210182240,341.0,0.9
202210182250,346.0,0.9
202210182255,328.0,0.9
202210182300,324.0,0.9
202210182310,323.0,0.9
202210182315,,0.0
202210182325,,0.0
202210182330,,0.0
202210182340,,0.0
202210182345,,0.0
202210182350,,0.0
202210182355,,0.0
202210190010,,0.0
202210190015,,0.0
202210190020,,0.0
202210190025,,0.0
202210190030,,0.0
202210190035,,0.0
202210190040,,0.0
202210190050,,0.0
202210190055,,0.0
202210190100,,0.0
202210190110,,0.0
202210190115,,0.0
202210190120,,0.0
202210190130,,0.0
202210190135,,0.0
202210190145,,0.0
202210190150,,0.0
202210190155,357.0,0.4
202210190200,3.0,0.4
202210190215,,0.0
202210190220,,0.0
202210190225,348.0,0.9
202210190230,346.0,0.9
202210190235,0.0,1.3
202210190240,2.0,1.3
202210190245,352.0,1.3
202210190250,350.0,1.3
202210190255,349.0,0.9
202210190315,355.0,1.3
202210190320,321.0,1.3
202210190325,327.0,1.3
202210190330,344.0,1.3
202210190340,341.0,1.3
202210190345,344.0,0.9
202210190355,,0.0
202210190400,,0.0
202210190410,,0.0
202210190430,,0.0
202210190435,329.0,0.4
202210190440,333.0,0.4
202210190445,,0.0
202210190450,,0.0
202210190500,,0.0
202210190510,,0.0
202210190515,,0.0
202210190525,,0.0
202210190535,,0.0
202210190540,,0.0
202210190545,,0.0
202210190550,,0.0
202210190555,,0.0
202210190600,,0.0
202210190610,,0.0
202210190615,,0.0
202210190620,,0.0
202210190625,,0.0
202210190630,,0.0
202210190635,,0.0
202210190640,,0.0
202210190645,,0.0
202210190650,,0.0
202210190655,,0.0
202210190700,,0.0
202210190715,,0.0
202210190720,,0.0
202210190730,,0.0
202210190735,,0.0
202210190740,,0.0
202210190745,,0.0
202210190750,,0.0
202210190800,,0.0
202210190810,,0.0
202210190815,,0.0
202210190820,,0.0
202210190825,,0.0
202210190830,,0.0
202210190835,,0.0
202210190840,,0.0
202210190850,,0.0
202210190855,,0.0
202210190900,,0.0
202210190910,,0.0
202210190915,,0.0
202210190925,,0.0
202210190930,,0.0
202210190935,,0.0
202210190940,,0.0
202210190945,,0.0
202210190950,,0.0
202210190955,,0.0
202210191000,,0.0
202210191015,,0.0
202210191020,,0.0
202210191030,,0.0
202210191040,,0.0
202210191045,,0.0
202210191050,,0.0
202210191055,,0.0
202210191110,,0.0
202210191120,,0.0
202210191125,,0.0
202210191130,,0.0
202210191140,,0.0
202210191155,,0.0
202210191210,,0.0
202210191215,,0.0
202210191230,,0.0
202210191235,,0.0
202210191240,,0.0
202210191245,,0.0
202210191255,,0.0
202210191300,,0.0
202210191310,,0.0
202210191315,,0.0
202210191320,,0.0
202210191325,,0.0
202210191330,,0.0
202210191335,,0.0
202210191340,,0.0
202210191345,,0.0
202210191350,,0.0
202210191355,334.0,0.4
202210191400,346.0,0.4
202210191410,18.0,0.4
202210191415,309.0,0.9
202210191420,334.0,0.9
202210191425,329.0,0.9
202210191430,354.0,0.9
202210191445,4.0,0.9
202210191450,328.0,0.9
202210191455,303.0,0.9
202210191500,302.0,0.9
202210191510,190.0,0.9
202210191515,330.0,0.9
202210191520,164.0,0.9
202210191530,314.0,0.9
202210191540,181.0,0.4
202210191545,319.0,0.9
202210191555,268.0,0.9
202210191600,329.0,0.9
202210191610,230.0,0.9
202210191615,230.0,0.9
202210191620,258.0,0.9
202210191625,337.0,0.9
202210191630,224.0,0.9
202210191640,299.0,0.9
202210191645,207.0,0.9
202210191655,345.0,0.9
202210191700,322.0,0.9
202210191710,215.0,0.9
202210191715,336.0,0.9
202210191720,209.0,0.9
202210191725,351.0,0.9
202210191730,326.0,0.9
202210191735,213.0,0.9
202210191740,209.0,0.9
202210191745,321.0,1.3
202210191755,358.0,0.9
202210191800,353.0,0.9
202210191810,,0.0
202210191815,341.0,0.9
202210191820,296.0,0.9
202210191830,,0.0
202210191835,321.0,0.9
202210191840,333.0,0.9
202210191850,,0.0
202210191855,11.0,0.9
202210191900,341.0,0.9
202210191915,,0.0
202210191920,,0.0
202210191925,320.0,0.9
202210191930,210.0,0.9
202210191935,203.0,0.9
202210191945,239.0,0.4
202210192000,358.0,0.9
202210192010,348.0,0.9
202210192015,341.0,0.4
202210192030,0.0,0.4
202210192035,,0.0
202210192040,,0.0
202210192045,230.0,0.9
202210192055,359.0,0.9
202210192100,212.0,0.9
202210192110,313.0,0.9
202210192125,,0.0
202210192130,,0.0
202210192145,,0.0
202210192150,,0.0
202210192155,,0.0
202210192200,,0.0
202210192210,,0.0
202210192220,,0.0
202210192230,,0.0
202210192235,,0.0
202210192240,,0.0
202210192245,,0.0
202210192250,,0.0
202210192255,,0.0
202210192300,,0.0
202210192310,,0.0
202210192315,,0.0
202210192325,,0.0
202210192330,,0.0
202210192335,,0.0
202210192340,,0.0
202210192345,,0.0
202210200015,,0.0
202210200020,,0.0
202210200025,,0.0
202210200030,,0.0
202210200035,,0.0
202210200040,,0.0
202210200045,,0.0
202210200055,,0.0
202210200100,,0.0
202210200110,,0.0
202210200115,,0.0
202210200120,,0.0
202210200125,,0.0
202210200130,,0.0
202210200135,,0.0
202210200140,,0.0
202210200145,,0.0
202210200150,,0.0
202210200155,,0.0
202210200200,,0.0
202210200210,,0.0
202210200220,,0.0
202210200225,,0.0
202210200230,,0.0
202210200235,,0.0
202210200245,,0.0
202210200250,,0.0
202210200255,,0.0
202210200300,,0.0
202210200310,,0.0
202210200320,,0.0
202210200325,,0.0
202210200330,,0.0
202210200340,,0.0
202210200345,,0.0
202210200350,,0.0
202210200355,,0.0
202210200400,,0.0
202210200410,,0.0
202210200415,,0.0
202210200440,,0.0
202210200445,,0.0
202210200450,,0.0
202210200455,,0.0
202210200500,,0.0
202210200515,,0.0
202210200520,,0.0
202210200525,,0.0
202210200530,,0.0
202210200535,,0.0
202210200540,,0.0
202210200545,,0.0
202210200550,,0.0
202210200555,,0.0
202210200600,,0.0
202210200610,,0.0
202210200625,,0.0
202210200630,,0.0
202210200635,,0.0
202210200640,,0.0
202210200650,,0.0
202210200655,,0.0
202210200700,,0.0
202210200710,,0.0
202210200715,,0.0
202210200720,,0.0
202210200725,,0.0
202210200730,,0.0
202210200735,,0.0
202210200740,,0.0
202210200745,,0.0
202210200755,,0.0
202210200800,,0.0
202210200810,,0.0
202210200820,,0.0
202210200825,,0.0
202210200830,,0.0
202210200835,,0.0
202210200840,,0.0
202210200845,,0.0
202210200850,,0.0
202210200855,,0.0
202210200900,,0.0
202210200910,,0.0
202210200915,,0.0
202210200920,,0.0
202210200925,,0.0
202210200930,,0.0
202210200940,,0.0
202210200945,,0.0
202210200950,,0.0
202210200955,,0.0
202210201010,,0.0
202210201020,,0.0
202210201025,,0.0
202210201030,,0.0
202210201035,,0.0
202210201040,,0.0
202210201045,,0.0
202210201050,,0.0
202210201055,,0.0
202210201100,,0.0
202210201110,,0.0
202210201115,,0.0
202210201125,,0.0
202210201130,,0.0
202210201135,,0.0
202210201140,,0.0
202210201145,,0.0
202210201150,,0.0
202210201155,,0.0
202210201200,,0.0
202210201210,,0.0
202210201215,,0.0
202210201220,,0.0
202210201225,,0.0
202210201235,,0.0
202210201240,,0.0
202210201245,,0.0
202210201250,,0.0
202210201255,,0.0
202210201300,,0.0
202210201310,,0.0
202210201315,,0.0
202210201325,,0.0
202210201335,,0.0
202210201340,,0.0
202210201345,,0.0
202210201350,,0.0
202210201355,,0.0
202210201400,,0.0
202210201415,,0.0
202210201420,,0.0
202210201440,,0.0
202210201450,,0.0
202210201510,,0.0
202210201520,,0.0
202210201525,309.0,0.4
202210201530,202.0,0.4
202210201535,,0.0
202210201545,,0.0
202210201555,285.0,0.4
202210201600,241.0,0.4
202210201610,193.0,0.4
202210201615,227.0,0.4
202210201620,169.0,0.4
202210201625,236.0,0.9
202210201630,301.0,0.9
202210201635,,0.0
202210201645,290.0,0.9
202210201655,324.0,0.9
202210201700,324.0,0.9
202210201710,221.0,0.9
202210201715,226.0,0.9
202210201720,188.0,0.9
202210201730,198.0,0.9
202210201735,209.0,1.3
202210201740,100.0,1.3
202210201745,288.0,0.9
202210201750,313.0,0.9
202210201755,227.0,0.4
202210201800,318.0,0.4
202210201810,217.0,0.4
202210201825,220.0,0.9
202210201845,327.0,0.9
202210201850,249.0,0.9
202210201855,180.0,0.9
202210201910,,0.0
202210201915,331.0,0.9
202210201920,185.0,0.9
202210201930,319.0,0.9
202210201940,196.0,0.4
202210201950,194.0,0.9
202210202000,327.0,0.9
202210202010,202.0,0.9
202210202020,112.0,1.3
202210202030,227.0,0.9
202210202035,314.0,0.9
202210202040,75.0,0.9
202210202045,,0.0
202210202050,,0.0
202210202055,,0.0
202210202100,,0.0
202210202110,227.0,0.4
202210202115,215.0,0.9
202210202140,,0.0
202210202145,208.0,0.4
202210202150,229.0,0.4
202210202155,,0.0
202210202200,,0.0
202210202210,,0.0
202210202215,,0.0
202210202220,,0.0
202210202225,,0.0
202210202230,,0.0
202210202235,,0.0
202210202245,,0.0
202210202250,,0.0
202210202255,,0.0
202210202310,,0.0
202210202315,,0.0
202210202320,,0.0
202210202330,,0.0
202210202335,,0.0
202210202340,,0.0
202210202345,,0.0
202210202350,,0.0
202210202355,,0.0
202210210000,,0.0
202210210010,,0.0
202210210015,,0.0
202210210025,,0.0
202210210030,,0.0
202210210035,,0.0
202210210040,,0.0
202210210045,,0.0
202210210050,,0.0
202210210055,,0.0
202210210100,,0.0
202210210110,,0.0
202210210115,,0.0
202210210120,,0.0
202210210125,,0.0
202210210130,,0.0
202210210135,,0.0
202210210150,,0.0
202210210155,,0.0
202210210200,,0.0
202210210210,,0.0
202210210215,,0.0
202210210220,,0.0
202210210225,,0.0
202210210230,,0.0
202210210235,,0.0
202210210245,,0.0
202210210255,,0.0
202210210300,,0.0
202210210310,,0.0
202210210315,,0.0
202210210320,,0.0
202210210325,,0.0
202210210330,,0.0
202210210335,,0.0
202210210350,,0.0
202210210355,,0.0
202210210400,,0.0
202210210410,,0.0
202210210415,,0.0
202210210420,,0.0
202210210430,,0.0
202210210440,,0.0
202210210445,,0.0
202210210455,,0.0
202210210510,,0.0
202210210520,,0.0
202210210525,,0.0
202210210535,,0.0
202210210540,,0.0
202210210545,,0.0
202210210550,,0.0
202210210555,,0.0
202210210615,,0.0
202210210625,,0.0
202210210630,,0.0
202210210635,,0.0
202210210640,,0.0
202210210645,,0.0
202210210650,,0.0
202210210655,,0.0
202210210700,,0.0
202210210710,,0.0
202210210715,,0.0
202210210720,,0.0
202210210725,,0.0
202210210750,,0.0
202210210755,,0.0
202210210800,,0.0
202210210810,,0.0
202210210815,,0.0
202210210825,,0.0
202210210830,,0.0
202210210835,,0.0
202210210840,,0.0
202210210855,,0.0
202210210910,,0.0
202210210915,,0.0
202210210920,,0.0
202210210925,,0.0
202210210930,,0.0
202210210935,,0.0
202210210940,,0.0
202210210945,,0.0
202210210950,,0.0
202210211000,,0.0
202210211010,,0.0
202210211015,,0.0
202210211020,,0.0
202210211025,,0.0
202210211030,,0.0
202210211035,,0.0
202210211040,,0.0
202210211055,,0.0
202210211100,,0.0
202210211110,,0.0
202210211115,,0.0
202210211120,,0.0
202210211125,,0.0
202210211130,,0.0
202210211135,,0.0
202210211140,,0.0
202210211150,,0.0
202210211155,,0.0
202210211210,,0.0
202210211215,,0.0
202210211220,,0.0
202210211225,,0.0
202210211230,,0.0
202210211235,,0.0
202210211250,,0.0
202210211255,,0.0
202210211300,,0.0
202210211310,,0.0
202210211315,,0.0
202210211325,,0.0
202210211330,,0.0
202210211335,,0.0
202210211340,,0.0
202210211345,,0.0
202210211355,,0.0
202210211400,,0.0
202210211410,,0.0
202210211415,,0.0
202210211425,,0.0
202210211430,,0.0
202210211435,,0.0
202210211440,,0.0
202210211445,,0.0
202210211450,,0.0
202210211455,,0.0
202210211500,,0.0
202210211510,,0.0
202210211520,,0.0
202210211525,,0.0
202210211530,,0.0
202210211535,,0.0
202210211545,,0.0
202210211550,,0.0
202210211555,,0.0
202210211600,,0.0
202210211615,,0.0
202210211625,,0.0
202210211630,,0.0
202210211635,,0.0
202210211645,,0.0
202210211650,,0.0
202210211655,,0.0
202210211700,,0.0
202210211710,,0.0
202210211715,,0.0
202210211720,,0.0
202210211745,,0.0
202210211750,,0.0
202210211755,,0.0
202210211800,,0.0
202210211815,,0.0
202210211825,,0.0
202210211830,,0.0
202210211850,,0.0
202210211855,315.0,0.4
202210211910,,0.0
202210211920,,0.0
202210211925,,0.0
202210211930,,0.0
202210211935,,0.0
202210211940,,0.0
202210211945,,0.0
202210211955,,0.0
202210212000,,0.0
202210212010,,0.0
202210212015,,0.0
202210212020,,0.0
202210212025,,0.0
202210212030,,0.0
202210212035,,0.0
202210212040,,0.0
202210212045,,0.0
202210212050,,0.0
202210212055,,0.0
202210212100,,0.0
202210212110,,0.0
202210212115,,0.0
202210212120,,0.0
202210212125,,0.0
202210212130,,0.0
202210212135,,0.0
202210212140,,0.0
202210212150,,0.0
202210212220,,0.0
202210212225,,0.0
202210212235,,0.0
202210212240,,0.0
202210212245,,0.0
202210212300,,0.0
202210212310,,0.0
202210212325,,0.0
202210212340,,0.0
202210212345,,0.0
202210212350,,0.0
202210212355,,0.0
202210220000,,0.0
202210220010,,0.0
202210220020,,0.0
202210220030,,0.0
202210220035,,0.0
202210220040,,0.0
202210220045,,0.0
202210220055,,0.0
202210220100,,0.0
202210220115,,0.0
202210220135,,0.0
202210220145,,0.0
202210220150,,0.0
202210220155,,0.0
202210220210,,0.0
202210220215,,0.0
202210220225,,0.0
202210220235,,0.0
202210220240,,0.0
202210220245,,0.0
202210220250,,0.0
202210220255,,0.0
202210220300,,0.0
202210220310,,0.0
202210220315,,0.0
202210220325,,0.0
202210220335,,0.0
202210220340,,0.0
202210220345,,0.0
202210220355,,0.0
202210220400,,0.0
202210220410,,0.0
202210220415,,0.0
202210220420,,0.0
202210220425,,0.0
202210220430,,0.0
202210220435,,0.0
202210220440,,0.0
202210220445,,0.0
202210220455,,0.0
202210220500,,0.0
202210220515,,0.0
202210220525,,0.0
202210220530,,0.0
202210220535,,0.0
202210220540,,0.0
202210220550,,0.0
202210220555,,0.0
202210220600,,0.0
202210220615,,0.0
202210220620,,0.0
202210220625,,0.0
202210220630,,0.0
202210220635,,0.0
202210220640,,0.0
202210220645,,0.0
202210220650,,0.0
202210220655,,0.0
202210220700,,0.0
202210220710,,0.0
202210220715,,0.0
202210220720,,0.0
202210220725,,0.0
202210220730,,0.0
202210220735,,0.0
202210220745,,0.0
202210220755,,0.0
202210220800,,0.0
202210220810,,0.0
202210220820,,0.0
202210220830,,0.0
202210220840,,0.0
202210220855,,0.0
202210220900,,0.0
202210220915,,0.0
202210220920,,0.0
202210220925,,0.0
202210220930,,0.0
202210220935,,0.0
202210220940,,0.0
202210220945,,0.0
202210220950,,0.0
202210220955,,0.0
202210221000,,0.0
202210221020,,0.0
202210221025,,0.0
202210221030,,0.0
202210221035,,0.0
202210221040,,0.0
202210221045,,0.0
202210221050,,0.0
202210221100,,0.0
202210221115,,0.0
202210221120,,0.0
202210221125,,0.0
202210221130,,0.0
202210221135,,0.0
202210221140,,0.0
202210221200,,0.0
202210221210,,0.0
202210221215,,0.0
202210221225,,0.0
202210221230,,0.0
202210221235,,0.0
202210221245,,0.0
202210221250,,0.0
202210221255,,0.0
202210221300,,0.0
202210221310,,0.0
202210221315,,0.0
202210221320,,0.0
202210221325,,0.0
202210221330,,0.0
202210221335,,0.0
202210221340,,0.0
202210221350,,0.0
202210221400,,0.0
202210221420,,0.0
202210221425,,0.0
202210221430,,0.0
202210221435,,0.0
202210221440,,0.0
202210221445,,0.0
202210221450,,0.0
202210221455,,0.0
202210221500,,0.0
202210221510,,0.0
202210221515,,0.0
202210221520,,0.0
202210221530,,0.0
202210221535,,0.0
202210221540,,0.0
202210221545,,0.0
202210221550,,0.0
202210221555,,0.0
202210221600,,0.0
202210221610,,0.0
202210221615,,0.0
202210221620,,0.0
202210221625,,0.0
202210221630,,0.0
202210221635,,0.0
202210221640,,0.0
202210221655,,0.0
202210221700,,0.0
202210221715,,0.0
202210221725,,0.0
202210221730,,0.0
202210221735,,0.0
202210221740,,0.0
202210221745,,0.0
202210221750,,0.0
202210221755,200.0,0.4
202210221800,258.0,0.4
202210221810,,0.0
202210221815,6.0,0.9
202210221840,348.0,0.9
202210221845,316.0,0.4
202210221850,3.0,0.4
202210221855,298.0,0.9
202210221900,326.0,0.9
202210221910,114.0,0.9
202210221915,3.0,0.9
202210221925,,0.0
202210221930,,0.0
202210221940,58.0,0.4
202210221945,,0.0
202210221950,,0.0
202210221955,,0.0
202210222000,,0.0
202210222010,,0.0
202210222020,,0.0
202210222025,,0.0
202210222030,,0.0
202210222040,,0.0
202210222045,323.0,0.4
202210222050,343.0,0.4
202210222055,,0.0
202210222100,,0.0
202210222110,,0.0
202210222115,,0.0
202210222120,,0.0
202210222125,,0.0
202210222130,,0.0
202210222135,337.0,0.4
202210222140,332.0,0.4
202210222145,,0.0
202210222150,,0.0
202210222155,,0.0
202210222200,,0.0
202210222210,,0.0
202210222220,,0.0
202210222225,,0.0
202210222230,,0.0
202210222235,,0.0
202210222240,,0.0
202210222250,,0.0
202210222255,,0.0
202210222300,,0.0
202210222310,,0.0
202210222315,,0.0
202210222320,,0.0
202210222325,,0.0
202210222330,,0.0
202210222340,,0.0
202210222345,,0.0
202210222350,,0.0
202210222355,,0.0
202210230000,,0.0
202210230010,,0.0
202210230030,,0.0
202210230035,,0.0
202210230040,,0.0
202210230045,,0.0
202210230050,,0.0
202210230100,,0.0
202210230115,,0.0
202210230120,,0.0
202210230125,,0.0
202210230130,,0.0
202210230140,,0.0
202210230145,,0.0
202210230150,,0.0
202210230155,,0.0
202210230200,,0.0
202210230210,,0.0
202210230215,,0.0
202210230220,,0.0
202210230235,,0.0
202210230240,,0.0
202210230245,,0.0
202210230250,,0.0
202210230255,,0.0
202210230300,,0.0
202210230310,,0.0
202210230315,,0.0
202210230330,,0.0
202210230340,,0.0
202210230345,,0.0
202210230350,,0.0
202210230355,,0.0
202210230400,,0.0
202210230410,,0.0
202210230415,,0.0
202210230420,,0.0
202210230425,,0.0
202210230430,,0.0
202210230435,,0.0
202210230440,,0.0
202210230445,,0.0
202210230450,,0.0
202210230455,,0.0
202210230500,,0.0
202210230510,,0.0
202210230515,,0.0
202210230520,,0.0
202210230525,,0.0
202210230535,,0.0
202210230540,,0.0
202210230545,,0.0
202210230550,,0.0
202210230555,,0.0
202210230600,,0.0
202210230610,,0.0
202210230620,,0.0
202210230625,,0.0
202210230630,,0.0
202210230635,,0.0
202210230640,,0.0
202210230645,,0.0
202210230650,,0.0
202210230655,,0.0
202210230700,,0.0
202210230725,,0.0
202210230730,,0.0
202210230735,,0.0
202210230745,,0.0
202210230750,,0.0
202210230755,,0.0
202210230800,,0.0
202210230810,,0.0
202210230815,,0.0
202210230820,,0.0
202210230825,,0.0
202210230830,,0.0
202210230835,,0.0
202210230840,,0.0
202210230845,,0.0
202210230850,,0.0
202210230900,,0.0
202210230910,,0.0
202210230915,,0.0
202210230925,,0.0
202210230930,,0.0
202210230935,,0.0
202210230940,,0.0
202210230950,,0.0
202210230955,,0.0
202210231010,,0.0
202210231015,,0.0
202210231020,,0.0
202210231025,,0.0
202210231030,,0.0
202210231040,,0.0
202210231045,,0.0
202210231050,,0.0
202210231055,,0.0
202210231100,,0.0
202210231110,,0.0
202210231115,,0.0
202210231120,,0.0
202210231125,,0.0
202210231130,,0.0
202210231135,,0.0
202210231145,,0.0
202210231155,,0.0
202210231200,,0.0
202210231210,,0.0
202210231215,,0.0
202210231220,,0.0
202210231230,,0.0
202210231235,,0.0
202210231240,,0.0
202210231245,,0.0
202210231250,,0.0
202210231255,,0.0
202210231300,,0.0
202210231310,,0.0
202210231325,,0.0
202210231330,,0.0
202210231335,,0.0
202210231340,,0.0
202210231345,,0.0
202210231355,,0.0
202210231415,,0.0
202210231420,,0.0
202210231425,,0.0
202210231430,,0.0
202210231440,,0.0
202210231445,,0.0
202210231450,,0.0
202210231500,,0.0
202210231510,,0.0
202210231515,,0.0
202210231520,,0.0
202210231530,,0.0
202210231535,,0.0
202210231540,,0.0
202210231545,,0.0
202210231550,,0.0
202210231555,,0.0
202210231600,,0.0
202210231610,,0.0
202210231615,,0.0
202210231620,,0.0
202210231625,,0.0
202210231635,,0.0
202210231640,,0.0
202210231650,,0.0
202210231655,,0.0
202210231700,,0.0
202210231725,,0.0
202210231735,292.0,0.9
202210231740,94.0,0.9
202210231745,,0.0
202210231755,339.0,0.4
202210231800,349.0,0.4
202210231810,,0.0
202210231815,,0.0
202210231820,,0.0
202210231825,,0.0
202210231835,330.0,0.9
202210231840,3.0,0.9
202210231845,1.0,0.9
202210231850,330.0,0.9
202210231855,4.0,0.9
202210231910,,0.0
202210231915,337.0,0.4
202210231920,323.0,0.4
202210231925,,0.0
202210231930,,0.0
202210231935,,0.0
202210231940,,0.0
202210231945,,0.0
202210231950,,0.0
202210231955,,0.0
202210232000,,0.0
202210232010,,0.0
202210232015,,0.0
202210232020,,0.0
202210232025,,0.0
202210232030,,0.0
202210232040,5.0,0.4
202210232045,,0.0
202210232050,,0.0
202210232055,,0.0
202210232100,,0.0
202210232110,,0.0
202210232120,,0.0
202210232130,,0.0
202210232135,,0.0
202210232140,,0.0
202210232145,,0.0
202210232150,,0.0
202210232200,,0.0
202210232210,,0.0
202210232215,,0.0
202210232220,,0.0
202210232225,,0.0
202210232230,,0.0
202210232235,,0.0
202210232240,,0.0
202210232245,,0.0
202210232250,,0.0
202210232255,,0.0
202210232310,,0.0
202210232315,,0.0
202210232320,,0.0
202210232325,,0.0
202210232330,,0.0
202210232335,,0.0
202210232340,,0.0
202210232345,,0.0
202210232350,,0.0
202210232355,,0.0
202210240000,,0.0
202210240010,,0.0
202210240015,,0.0
202210240025,,0.0
202210240035,,0.0
202210240045,,0.0
202210240055,,0.0
202210240100,,0.0
202210240110,,0.0
202210240125,,0.0
202210240130,,0.0
202210240145,,0.0
202210240150,,0.0
202210240200,,0.0
202210240215,,0.0
202210240220,,0.0
202210240225,,0.0
202210240235,,0.0
202210240240,,0.0
202210240245,,0.0
202210240250,,0.0
202210240255,,0.0
202210240300,,0.0
202210240310,,0.0
202210240315,,0.0
202210240320,,0.0
202210240325,,0.0
202210240330,,0.0
202210240335,,0.0
202210240340,,0.0
202210240350,,0.0
202210240355,,0.0
202210240400,,0.0
202210240415,,0.0
202210240420,,0.0
202210240425,,0.0
202210240430,,0.0
202210240450,,0.0
202210240455,,0.0
202210240515,,0.0
202210240520,,0.0
202210240525,,0.0
202210240530,,0.0
202210240535,,0.0
202210240540,,0.0
202210240545,,0.0
202210240550,,0.0
202210240555,,0.0
202210240600,,0.0
202210240620,,0.0
202210240625,,0.0
202210240630,,0.0
202210240645,,0.0
202210240655,,0.0
202210240700,,0.0
202210240710,,0.0
202210240715,,0.0
202210240720,,0.0
202210240725,,0.0
202210240735,,0.0
202210240740,,0.0
202210240750,,0.0
202210240755,,0.0
202210240800,,0.0
202210240810,,0.0
202210240815,,0.0
202210240820,,0.0
202210240825,,0.0
202210240830,,0.0
202210240835,,0.0
202210240840,,0.0
202210240845,,0.0
202210240850,,0.0
202210240855,,0.0
202210240900,,0.0
202210240910,,0.0
202210240920,,0.0
202210240925,,0.0
202210240930,,0.0
202210240935,,0.0
202210240940,,0.0
202210240945,,0.0
202210240955,,0.0
202210241000,,0.0
202210241015,,0.0
202210241020,,0.0
202210241025,,0.0
202210241030,,0.0
202210241035,,0.0
202210241040,,0.0
202210241045,,0.0
202210241050,,0.0
202210241055,,0.0
202210241115,,0.0
202210241120,,0.0
202210241125,,0.0
202210241130,,0.0
202210241135,,0.0
202210241140,,0.0
202210241145,,0.0
202210241150,,0.0
202210241155,,0.0
202210241200,,0.0
202210241210,,0.0
202210241215,,0.0
202210241220,,0.0
202210241225,,0.0
202210241230,,0.0
202210241235,,0.0
202210241240,,0.0
202210241245,,0.0
202210241250,,0.0
202210241255,,0.0
202210241300,,0.0
202210241310,,0.0
202210241315,,0.0
202210241320,,0.0
202210241325,,0.0
202210241330,,0.0
202210241335,,0.0
202210241340,,0.0
202210241345,,0.0
202210241350,,0.0
202210241355,,0.0
202210241400,,0.0
202210241410,,0.0
202210241415,,0.0
202210241420,,0.0
202210241425,,0.0
202210241430,,0.0
202210241445,,0.0
202210241450,,0.0
202210241455,,0.0
202210241500,,0.0
202210241515,,0.0
202210241520,,0.0
202210241525,,0.0
202210241530,,0.0
202210241535,,0.0
202210241540,,0.0
202210241545,,0.0
202210241555,,0.0
202210241610,,0.0
202210241620,,0.0
202210241625,,0.0
202210241630,,0.0
202210241635,,0.0
202210241640,,0.0
202210241645,,0.0
202210241650,,0.0
202210241655,,0.0
202210241700,,0.0
202210241710,,0.0
202210241715,,0.0
202210241725,,0.0
202210241735,,0.0
202210241750,,0.0
202210241755,,0.0
202210241810,,0.0
202210241820,,0.0
202210241830,,0.0
202210241835,,0.0
202210241840,,0.0
202210241845,,0.0
202210241850,,0.0
202210241855,,0.0
202210241900,,0.0
202210241910,,0.0
202210241920,,0.0
202210241925,,0.0
202210241945,,0.0
202210241950,,0.0
202210241955,,0.0
202210242000,,0.0
202210242015,,0.0
202210242030,,0.0
202210242045,,0.0
202210242050,,0.0
202210242055,,0.0
202210242110,,0.0
202210242115,,0.0
202210242120,,0.0
202210242135,,0.0
202210242145,,0.0
202210242150,,0.0
202210242155,,0.0
202210242210,,0.0
202210242215,,0.0
202210242220,,0.0
202210242225,,0.0
202210242230,,0.0
202210242235,,0.0
202210242240,,0.0
202210242245,,0.0
202210242250,,0.0
202210242255,,0.0
202210242315,,0.0
202210242325,,0.0
202210242330,,0.0
202210242335,,0.0
202210242340,,0.0
202210242350,,0.0
202210242355,,0.0
202210250000,,0.0
202210250010,,0.0
202210250015,,0.0
202210250020,,0.0
202210250030,,0.0
202210250035,,0.0
202210250040,,0.0
202210250045,,0.0
202210250050,,0.0
202210250055,,0.0
202210250100,,0.0
202210250110,,0.0
202210250115,,0.0
202210250120,,0.0
202210250125,,0.0
202210250130,,0.0
202210250145,,0.0
202210250150,,0.0
202210250200,,0.0
202210250210,,0.0
202210250215,,0.0
202210250220,,0.0
202210250225,,0.0
202210250230,,0.0
202210250235,,0.0
202210250240,,0.0
202210250250,,0.0
202210250300,,0.0
202210250310,,0.0
202210250315,,0.0
202210250320,,0.0
202210250325,,0.0
202210250330,,0.0
202210250335,,0.0
202210250340,,0.0
202210250345,,0.0
202210250350,,0.0
202210250355,,0.0
202210250400,,0.0
202210250410,,0.0
202210250420,,0.0
202210250425,,0.0
202210250430,,0.0
202210250435,,0.0
202210250445,,0.0
202210250500,,0.0
202210250510,,0.0
202210250515,,0.0
202210250520,,0.0
202210250525,,0.0
202210250535,,0.0
202210250540,,0.0
202210250545,,0.0
202210250555,,0.0
202210250600,,0.0
202210250610,,0.0
202210250625,,0.0
202210250635,,0.0
202210250640,,0.0
202210250645,,0.0
202210250655,,0.0
202210250700,,0.0
202210250715,,0.0
202210250725,,0.0
202210250730,,0.0
202210250740,,0.0
202210250755,,0.0
202210250800,,0.0
202210250810,,0.0
202210250820,,0.0
202210250825,,0.0
202210250830,,0.0
202210250835,,0.0
202210250840,,0.0
202210250845,,0.0
202210250850,,0.0
202210250855,,0.0
202210250900,,0.0
202210250910,,0.0
202210250915,,0.0
202210250920,,0.0
202210250925,,0.0
202210250935,,0.0
202210250945,,0.0
202210250950,,0.0
202210250955,,0.0
202210251000,,0.0
202210251010,,0.0
202210251015,,0.0
202210251020,,0.0
202210251025,,0.0
202210251030,,0.0
202210251035,,0.0
202210251045,,0.0
202210251050,,0.0
202210251055,,0.0
202210251100,,0.0
202210251110,,0.0
202210251115,,0.0
202210251125,,0.0
202210251130,,0.0
202210251135,,0.0
202210251140,,0.0
202210251145,,0.0
202210251150,,0.0
202210251155,,0.0
202210251200,,0.0
202210251210,,0.0
202210251215,,0.0
202210251225,,0.0
202210251230,,0.0
202210251235,,0.0
202210251240,,0.0
202210251245,,0.0
202210251255,,0.0
202210251310,,0.0
202210251315,,0.0
202210251320,,0.0
202210251325,,0.0
202210251330,,0.0
202210251340,,0.0
202210251345,,0.0
202210251350,,0.0
202210251355,,0.0
202210251400,,0.0
202210251410,,0.0
202210251415,,0.0
202210251420,,0.0
202210251425,,0.0
202210251435,,0.0
202210251440,,0.0
202210251445,,0.0
202210251450,,0.0
202210251455,,0.0
202210251500,,0.0
202210251510,,0.0
202210251520,,0.0
202210251525,,0.0
202210251535,,0.0
202210251540,,0.0
202210251545,,0.0
202210251550,,0.0
202210251610,,0.0
202210251615,,0.0
202210251620,,0.0
202210251625,,0.0
202210251630,,0.0
202210251640,,0.0
202210251650,,0.0
202210251655,270.0,0.4
202210251710,,0.0
202210251715,,0.0
202210251725,,0.0
202210251730,,0.0
202210251735,13.0,0.4
202210251740,127.0,0.4
202210251750,,0.0
202210251755,,0.0
202210251800,,0.0
202210251815,,0.0
202210251820,,0.0
202210251825,,0.0
202210251845,,0.0
202210251850,,0.0
202210251855,,0.0
202210251900,,0.0
202210251915,,0.0
202210251920,,0.0
202210251925,,0.0
202210251930,,0.0
202210251935,,0.0
202210251950,,0.0
202210251955,,0.0
202210252000,,0.0
202210252010,,0.0
202210252015,,0.0
202210252020,,0.0
202210252030,,0.0
202210252035,,0.0
202210252040,,0.0
202210252045,,0.0
202210252055,,0.0
202210252110,,0.0
202210252115,,0.0
202210252120,,0.0
202210252125,,0.0
202210252130,,0.0
202210252135,,0.0
202210252140,,0.0
202210252145,,0.0
202210252150,,0.0
202210252155,,0.0
202210252200,,0.0
202210252215,,0.0
202210252220,,0.0
202210252225,,0.0
202210252230,,0.0
202210252235,,0.0
202210252240,,0.0
202210252245,,0.0
202210252250,,0.0
202210252255,,0.0
202210252300,,0.0
202210252310,,0.0
202210252320,,0.0
202210252325,,0.0
202210252330,,0.0
202210252335,,0.0
202210252340,,0.0
202210252345,,0.0
202210252350,,0.0
202210252355,,0.0
202210260000,,0.0
202210260010,,0.0
202210260015,,0.0
202210260020,,0.0
202210260025,,0.0
202210260035,,0.0
202210260045,,0.0
202210260050,,0.0
202210260100,,0.0
202210260110,,0.0
202210260115,,0.0
202210260120,,0.0
202210260125,,0.0
202210260130,,0.0
202210260135,,0.0
202210260140,,0.0
202210260145,,0.0
202210260150,,0.0
202210260210,,0.0
202210260215,,0.0
202210260220,,0.0
202210260225,,0.0
202210260230,,0.0
202210260235,,0.0
202210260240,,0.0
202210260245,,0.0
202210260250,,0.0
202210260255,,0.0
202210260300,,0.0
202210260310,,0.0
202210260315,,0.0
202210260320,,0.0
202210260325,,0.0
202210260330,,0.0
202210260335,,0.0
202210260340,,0.0
202210260355,,0.0
202210260400,,0.0
202210260410,,0.0
202210260415,,0.0
202210260420,,0.0
202210260435,,0.0
202210260440,,0.0
202210260455,,0.0
202210260500,,0.0
202210260515,,0.0
202210260520,,0.0
202210260525,,0.0
202210260530,,0.0
202210260535,,0.0
202210260540,,0.0
202210260545,,0.0
202210260550,,0.0
202210260555,,0.0
202210260600,,0.0
202210260610,,0.0
202210260615,,0.0
202210260620,,0.0
202210260625,,0.0
202210260630,,0.0
202210260640,,0.0
202210260645,,0.0
202210260650,,0.0
202210260655,,0.0
202210260700,,0.0
202210260710,,0.0
202210260715,,0.0
202210260720,,0.0
202210260735,,0.0
202210260740,,0.0
202210260830,,0.0
202210260835,,0.0
202210260840,,0.0
202210260845,,0.0
202210260850,,0.0
202210260855,,0.0
202210260900,,0.0
202210260910,,0.0
202210260915,,0.0
202210260920,,0.0
202210260925,,0.0
202210260930,,0.0
202210260935,,0.0
202210260940,,0.0
202210260955,,0.0
202210261030,,0.0
202210261035,,0.0
202210261040,,0.0
202210261045,,0.0
202210261050,,0.0
202210261055,,0.0
202210261100,,0.0
202210261110,,0.0
202210261115,,0.0
202210261120,,0.0
202210261125,,0.0
202210261130,,0.0
202210261135,,0.0
202210261140,,0.0
202210261145,,0.0
202210261150,,0.0
202210261155,,0.0
202210261210,,0.0
202210261215,,0.0
202210261220,,0.0
202210261225,,0.0
202210261230,,0.0
202210261235,,0.0
202210261240,,0.0
202210261245,,0.0
202210261250,,0.0
202210261255,,0.0
202210261300,,0.0
202210261310,,0.0
202210261315,,0.0
202210261320,,0.0
202210261330,,0.0
202210261340,190.0,0.4
202210261345,197.0,0.9
202210261350,207.0,0.9
202210261355,216.0,1.3
202210261400,347.0,1.3
202210261410,,0.0
202210261420,345.0,0.4
202210261435,334.0,0.9
202210261445,321.0,0.9
202210261450,348.0,0.9
202210261455,334.0,0.9
202210261500,259.0,0.9
202210261510,319.0,0.9
202210261515,348.0,0.9
202210261520,289.0,0.9
202210261525,318.0,0.4
202210261530,313.0,0.4
202210261540,243.0,0.9
202210261545,351.0,0.9
202210261600,199.0,0.9
202210261610,290.0,0.9
202210261615,341.0,0.9
202210261620,314.0,0.9
202210261625,310.0,0.9
202210261630,151.0,0.9
202210261635,203.0,0.9
202210261645,197.0,0.9
202210261650,258.0,0.9
202210261655,285.0,1.3
202210261710,266.0,0.9
202210261715,200.0,1.3
202210261720,309.0,1.3
202210261725,310.0,0.9
202210261735,347.0,0.9
202210261745,302.0,0.9
202210261755,212.0,0.9
202210261800,330.0,0.9
202210261810,208.0,1.3
202210261815,171.0,2.2
202210261820,260.0,2.2
202210261825,305.0,2.2
202210261830,333.0,2.2
202210261835,33.0,0.9
202210261855,275.0,0.9
202210261900,95.0,0.9
202210261910,,0.0
202210261915,200.0,0.9
202210261920,5.0,0.9
202210261925,17.0,0.9
202210261930,0.0,0.9
202210261945,286.0,0.9
202210261950,306.0,0.9
202210261955,285.0,0.9
202210262000,302.0,0.9
202210262010,279.0,0.4
202210262015,321.0,0.4
202210262020,2.0,0.4
202210262025,320.0,0.4
202210262030,325.0,0.4
202210262035,,0.0
202210262040,,0.0
202210262050,180.0,0.4
202210262055,,0.0
202210262110,348.0,0.4
202210262115,310.0,0.4
202210262120,345.0,0.4
202210262125,21.0,0.4
202210262130,347.0,0.4
202210262135,,0.0
202210262140,,0.0
202210262145,,0.0
202210262150,,0.0
202210262200,,0.0
202210262210,,0.0
202210262215,,0.0
202210262220,,0.0
202210262225,,0.0
202210262230,,0.0
202210262235,,0.0
202210262240,,0.0
202210262245,,0.0
202210262250,,0.0
202210262300,,0.0
202210262310,,0.0
202210262315,,0.0
202210262320,,0.0
202210262325,,0.0
202210262340,,0.0
202210262345,,0.0
202210262350,,0.0
202210262355,,0.0
202210270000,,0.0
202210270010,,0.0
202210270020,,0.0
202210270035,,0.0
202210270045,,0.0
202210270050,,0.0
202210270055,,0.0
202210270110,,0.0
202210270115,,0.0
202210270120,,0.0
202210270125,,0.0
202210270135,,0.0
202210270140,,0.0
202210270150,,0.0
202210270200,,0.0
202210270210,,0.0
202210270215,,0.0
202210270220,,0.0
202210270225,,0.0
202210270235,,0.0
202210270240,,0.0
202210270245,,0.0
202210270300,,0.0
202210270310,,0.0
202210270315,,0.0
202210270320,,0.0
202210270325,0.0,0.4
202210270330,313.0,0.4
202210270335,,0.0
202210270340,,0.0
202210270350,,0.0
202210270355,,0.0
202210270400,,0.0
202210270410,,0.0
202210270415,,0.0
202210270420,,0.0
202210270430,,0.0
202210270435,,0.0
202210270440,,0.0
202210270445,,0.0
202210270455,,0.0
202210270500,,0.0
202210270510,,0.0
202210270515,,0.0
202210270520,,0.0
202210270525,,0.0
202210270530,,0.0
202210270540,,0.0
202210270545,,0.0
202210270610,,0.0
202210270620,,0.0
202210270635,,0.0
202210270645,,0.0
202210270650,,0.0
202210270655,,0.0
202210270700,,0.0
202210270710,,0.0
202210270720,,0.0
202210270725,,0.0
202210270730,,0.0
202210270735,,0.0
202210270740,,0.0
202210270750,,0.0
202210270800,,0.0
202210270810,,0.0
202210270815,,0.0
202210270825,,0.0
202210270830,,0.0
202210270835,,0.0
202210270840,,0.0
202210270845,,0.0
202210270855,,0.0
202210270900,,0.0
202210270910,,0.0
202210270920,,0.0
202210270925,,0.0
202210270930,,0.0
202210270935,,0.0
202210270945,,0.0
202210270950,,0.0
202210270955,,0.0
202210271000,,0.0
202210271010,,0.0
202210271015,,0.0
202210271020,,0.0
202210271025,,0.0
202210271030,,0.0
202210271035,,0.0
202210271045,,0.0
202210271055,,0.0
202210271100,,0.0
202210271120,,0.0
202210271125,,0.0
202210271130,,0.0
202210271135,,0.0
202210271145,,0.0
202210271150,,0.0
202210271155,,0.0
202210271200,,0.0
202210271210,,0.0
202210271215,,0.0
202210271220,,0.0
202210271225,,0.0
202210271230,,0.0
202210271235,,0.0
202210271240,,0.0
202210271245,,0.0
202210271250,,0.0
202210271255,,0.0
202210271300,,0.0
202210271310,,0.0
202210271315,,0.0
202210271325,,0.0
202210271345,351.0,0.4
202210271350,349.0,0.4
202210271410,319.0,0.4
202210271415,294.0,0.9
202210271420,0.0,0.9
202210271430,24.0,0.9
202210271435,333.0,0.9
202210271440,343.0,0.9
202210271445,,0.0
202210271455,,0.0
202210271500,,0.0
202210271510,,0.0
202210271515,,0.0
202210271520,,0.0
202210271525,,0.0
202210271530,,0.0
202210271535,,0.0
202210271545,,0.0
202210271550,,0.0
202210271555,,0.0
202210271610,17.0,0.4
202210271615,,0.0
202210271620,,0.0
202210271625,335.0,0.9
202210271630,326.0,0.9
202210271635,,0.0
202210271640,,0.0
202210271645,340.0,0.9
202210271700,11.0,0.9
202210271710,,0.0
202210271720,,0.0
202210271725,6.0,0.4
202210271730,355.0,0.4
202210271735,45.0,0.4
202210271740,330.0,0.4
202210271745,330.0,0.9
202210271810,,0.0
202210271815,,0.0
202210271820,,0.0
202210271825,,0.0
202210271830,,0.0
202210271835,,0.0
202210271840,,0.0
202210271845,12.0,0.4
202210271850,293.0,0.4
202210271855,,0.0
202210271900,,0.0
202210271910,,0.0
202210271915,,0.0
202210271920,,0.0
202210271925,118.0,0.4
202210271935,,0.0
202210271940,,0.0
202210271945,,0.0
202210271950,,0.0
202210272000,,0.0
202210272010,,0.0
202210272020,,0.0
202210272025,,0.0
202210272030,,0.0
202210272035,18.0,0.4
202210272040,43.0,0.4
202210272045,,0.0
202210272050,,0.0
202210272055,,0.0
202210272100,,0.0
202210272110,,0.0
202210272125,,0.0
202210272135,,0.0
202210272145,,0.0
202210272150,,0.0
202210272155,,0.0
202210272200,,0.0
202210272210,,0.0
202210272215,,0.0
202210272220,,0.0
202210272225,,0.0
202210272230,,0.0
202210272235,,0.0
202210272245,,0.0
202210272250,,0.0
202210272255,,0.0
202210272310,,0.0
202210272320,,0.0
202210272325,,0.0
202210272335,,0.0
202210272340,,0.0
202210272345,,0.0
202210272350,,0.0
202210272355,,0.0
202210280000,,0.0
202210280015,,0.0
202210280035,,0.0
202210280040,,0.0
202210280045,,0.0
202210280055,,0.0
202210280100,,0.0
202210280115,,0.0
202210280120,,0.0
202210280125,,0.0
202210280130,,0.0
202210280135,,0.0
202210280140,,0.0
202210280145,,0.0
202210280150,,0.0
202210280200,,0.0
202210280215,,0.0
202210280220,,0.0
202210280225,,0.0
202210280230,,0.0
202210280235,,0.0
202210280240,,0.0
202210280245,,0.0
202210280250,,0.0
202210280255,,0.0
202210280300,,0.0
202210280310,,0.0
202210280315,,0.0
202210280325,,0.0
202210280330,,0.0
202210280335,,0.0
202210280340,,0.0
202210280350,,0.0
202210280355,,0.0
202210280400,,0.0
202210280415,,0.0
202210280420,,0.0
202210280425,,0.0
202210280430,,0.0
202210280435,,0.0
202210280455,,0.0
202210280500,,0.0
202210280510,,0.0
202210280515,,0.0
202210280520,,0.0
202210280525,,0.0
202210280530,,0.0
202210280535,,0.0
202210280540,,0.0
202210280545,,0.0
202210280550,,0.0
202210280600,,0.0
202210280610,,0.0
202210280620,,0.0
202210280625,,0.0
202210280630,,0.0
202210280640,,0.0
202210280645,,0.0
202210280650,,0.0
202210280655,,0.0
202210280700,,0.0
202210280710,,0.0
202210280715,,0.0
202210280720,,0.0
202210280725,,0.0
202210280730,,0.0
202210280735,,0.0
202210280740,,0.0
202210280745,,0.0
202210280755,,0.0
202210280800,,0.0
202210280810,,0.0
202210280825,,0.0
202210280830,,0.0
202210280835,,0.0
202210280840,,0.0
202210280845,,0.0
202210280850,,0.0
202210280855,,0.0
202210280900,,0.0
202210280910,,0.0
202210280920,,0.0
202210280925,,0.0
202210280930,,0.0
202210280935,,0.0
202210280945,,0.0
202210280950,,0.0
202210280955,,0.0
202210281000,,0.0
202210281010,,0.0
202210281015,,0.0
202210281020,,0.0
202210281025,,0.0
202210281030,,0.0
202210281035,,0.0
202210281040,,0.0
202210281045,,0.0
202210281050,,0.0
202210281055,,0.0
202210281100,,0.0
202210281110,,0.0
202210281120,,0.0
202210281135,,0.0
202210281140,,0.0
202210281145,,0.0
202210281155,,0.0
202210281200,,0.0
202210281210,,0.0
202210281220,,0.0
202210281235,,0.0
202210281240,,0.0
202210281245,,0.0
202210281310,,0.0
202210281315,,0.0
202210281320,,0.0
202210281325,,0.0
202210281330,,0.0
202210281340,,0.0
202210281345,,0.0
202210281350,,0.0
202210281355,347.0,0.4
202210281400,30.0,0.4
202210281410,,0.0
202210281415,19.0,0.9
202210281420,331.0,0.9
202210281425,346.0,0.9
202210281430,354.0,0.9
202210281435,357.0,0.9
202210281440,343.0,0.9
202210281445,74.0,0.4
202210281450,358.0,0.4
202210281455,24.0,0.9
202210281510,326.0,0.9
202210281515,344.0,0.9
202210281525,328.0,0.4
202210281530,357.0,0.4
202210281535,348.0,0.9
202210281540,307.0,0.9
202210281545,356.0,1.3
202210281550,352.0,1.3
202210281600,352.0,0.9
202210281610,339.0,0.9
202210281615,332.0,0.9
202210281625,339.0,0.9
202210281630,24.0,0.9
202210281635,335.0,0.9
202210281640,353.0,0.9
202210281650,346.0,0.9
202210281655,,0.0
202210281710,6.0,0.9
202210281715,7.0,0.9
202210281720,345.0,0.9
202210281735,357.0,0.9
202210281740,5.0,0.9
202210281750,46.0,0.9
202210281755,91.0,0.9
202210281800,335.0,0.9
202210281810,356.0,0.4
202210281820,348.0,0.9
202210281830,56.0,0.9
202210281835,14.0,0.9
202210281840,350.0,0.9
202210281845,1.0,0.9
202210281850,33.0,0.9
202210281855,325.0,0.9
202210281900,356.0,0.9
202210281915,,0.0
202210281920,,0.0
202210281925,,0.0
202210281935,,0.0
202210281940,,0.0
202210281950,,0.0
202210282000,1.0,0.4
202210282010,354.0,0.4
202210282025,20.0,0.4
202210282030,353.0,0.4
202210282035,344.0,0.4
202210282040,9.0,0.4
202210282045,357.0,0.4
202210282050,347.0,0.4
202210282055,348.0,0.9
202210282100,348.0,0.9
202210282110,356.0,1.3
202210282115,359.0,0.9
202210282120,346.0,0.9
202210282125,1.0,0.9
202210282130,328.0,0.9
202210282140,,0.0
202210282155,2.0,0.4
202210282200,343.0,0.4
202210282210,,0.0
202210282215,5.0,0.4
202210282220,327.0,0.4
202210282225,351.0,0.4
202210282230,352.0,0.4
202210282235,350.0,0.9
202210282240,14.0,0.9
202210282245,,0.0
202210282250,,0.0
202210282255,,0.0
202210282300,,0.0
202210282315,,0.0
202210282320,,0.0
202210282325,,0.0
202210282335,,0.0
202210282345,,0.0
202210282355,,0.0
202210290000,,0.0
202210290015,,0.0
202210290020,,0.0
202210290025,,0.0
202210290030,,0.0
202210290035,,0.0
202210290040,,0.0
202210290045,,0.0
202210290050,,0.0
202210290055,,0.0
202210290100,,0.0
202210290110,,0.0
202210290115,,0.0
202210290120,,0.0
202210290125,,0.0
202210290130,,0.0
202210290135,,0.0
202210290140,,0.0
202210290145,,0.0
202210290150,,0.0
202210290155,,0.0
202210290200,,0.0
202210290210,332.0,0.4
202210290220,344.0,0.9
202210290225,,0.0
202210290230,,0.0
202210290235,,0.0
202210290240,,0.0
202210290245,349.0,0.4
202210290255,350.0,0.9
202210290300,356.0,0.9
202210290315,24.0,0.9
202210290320,322.0,0.9
202210290325,,0.0
202210290335,,0.0
202210290340,,0.0
202210290345,,0.0
202210290350,,0.0
202210290355,,0.0
202210290400,,0.0
202210290410,,0.0
202210290415,,0.0
202210290430,,0.0
202210290435,,0.0
202210290440,,0.0
202210290445,,0.0
202210290450,,0.0
202210290455,,0.0
202210290510,,0.0
202210290515,,0.0
202210290520,,0.0
202210290535,,0.0
202210290545,,0.0
202210290550,,0.0
202210290555,,0.0
202210290610,,0.0
202210290615,,0.0
202210290620,,0.0
202210290625,,0.0
202210290630,,0.0
202210290635,,0.0
202210290640,,0.0
202210290645,,0.0
202210290650,,0.0
202210290655,,0.0
202210290700,,0.0
202210290710,,0.0
202210290715,357.0,0.4
202210290720,357.0,0.4
202210290725,,0.0
202210290730,,0.0
202210290735,,0.0
202210290740,,0.0
202210290745,,0.0
202210290750,,0.0
202210290755,,0.0
202210290800,,0.0
202210290810,,0.0
202210290825,,0.0
202210290830,,0.0
202210290845,,0.0
202210290850,,0.0
202210290855,,0.0
202210290900,,0.0
202210290910,316.0,0.4
202210290915,,0.0
202210290920,,0.0
202210290925,,0.0
202210290935,,0.0
202210290940,,0.0
202210290945,,0.0
202210290950,,0.0
202210290955,,0.0
202210291000,,0.0
202210291010,358.0,0.4
202210291025,,0.0
202210291040,,0.0
202210291045,,0.0
202210291050,,0.0
202210291055,,0.0
202210291100,,0.0
202210291110,,0.0
202210291125,,0.0
202210291135,,0.0
202210291150,,0.0
202210291155,,0.0
202210291210,,0.0
202210291215,,0.0
202210291220,,0.0
202210291225,,0.0
202210291230,,0.0
202210291240,,0.0
202210291250,,0.0
202210291255,,0.0
202210291315,,0.0
202210291320,,0.0
202210291330,19.0,0.4
202210291340,357.0,0.4
202210291350,341.0,0.9
202210291355,,0.0
202210291400,,0.0
202210291410,342.0,0.9
202210291415,,0.0
202210291420,,0.0
202210291425,,0.0
202210291430,,0.0
202210291435,,0.0
202210291440,,0.0
202210291445,,0.0
202210291455,318.0,0.4
202210291500,349.0,0.4
202210291510,,0.0
202210291515,,0.0
202210291520,,0.0
202210291530,,0.0
202210291535,,0.0
202210291540,,0.0
202210291545,7.0,0.4
202210291550,10.0,0.4
202210291555,336.0,0.9
202210291610,324.0,0.9
202210291615,330.0,0.9
202210291625,18.0,0.4
202210291635,,0.0
202210291645,357.0,0.4
202210291650,317.0,0.4
202210291700,,0.0
202210291710,316.0,0.4
202210291725,340.0,0.4
202210291740,4.0,0.9
202210291745,350.0,0.9
202210291755,,0.0
202210291800,,0.0
202210291810,19.0,0.9
202210291820,353.0,0.9
202210291825,0.0,0.9
202210291830,324.0,0.9
202210291840,342.0,0.9
202210291845,,0.0
202210291850,,0.0
202210291855,15.0,0.4
202210291910,4.0,0.4
202210291915,,0.0
202210291935,,0.0
202210291940,,0.0
202210291950,,0.0
202210291955,22.0,0.4
202210292000,14.0,0.4
202210292015,,0.0
202210292020,,0.0
202210292025,,0.0
202210292030,,0.0
202210292035,3.0,0.4
202210292040,22.0,0.4
202210292045,0.0,0.9
202210292050,355.0,0.9
202210292055,,0.0
202210292100,,0.0
202210292110,,0.0
202210292115,,0.0
202210292120,,0.0
202210292125,,0.0
202210292130,,0.0
202210292135,,0.0
202210292200,,0.0
202210292210,,0.0
202210292215,,0.0
202210292220,,0.0
202210292225,,0.0
202210292230,,0.0
202210292235,,0.0
202210292240,,0.0
202210292245,,0.0
202210292250,,0.0
202210292255,,0.0
202210292300,,0.0
202210292310,,0.0
202210292315,,0.0
202210292320,,0.0
202210292325,,0.0
202210292330,,0.0
202210292335,,0.0
202210292340,,0.0
202210292345,,0.0
202210292355,,0.0
202210300010,,0.0
202210300015,,0.0
202210300020,,0.0
202210300030,,0.0
202210300035,,0.0
202210300040,,0.0
202210300045,,0.0
202210300055,,0.0
202210300110,,0.0
202210300115,,0.0
202210300120,,0.0
202210300125,,0.0
202210300130,,0.0
202210300135,,0.0
202210300140,,0.0
202210300145,,0.0
202210300150,,0.0
202210300155,,0.0
202210300200,,0.0
202210300210,,0.0
202210300215,,0.0
202210300220,,0.0
202210300225,,0.0
202210300230,,0.0
202210300235,,0.0
202210300240,,0.0
202210300245,,0.0
202210300250,,0.0
202210300255,,0.0
202210300300,,0.0
202210300330,,0.0
202210300335,,0.0
202210300345,,0.0
202210300350,,0.0
202210300355,,0.0
202210300410,,0.0
202210300425,,0.0
202210300440,,0.0
202210300445,,0.0
202210300450,,0.0
202210300500,,0.0
202210300510,,0.0
202210300515,,0.0
202210300525,,0.0
202210300530,,0.0
202210300535,,0.0
202210300540,,0.0
202210300545,,0.0
202210300555,,0.0
202210300600,,0.0
202210300610,,0.0
202210300620,,0.0
202210300625,,0.0
202210300630,,0.0
202210300635,,0.0
202210300640,,0.0
202210300645,,0.0
202210300655,,0.0
202210300700,,0.0
202210300710,,0.0
202210300715,,0.0
202210300720,,0.0
202210300730,,0.0
202210300735,,0.0
202210300740,,0.0
202210300745,,0.0
202210300750,,0.0
202210300755,,0.0
202210300810,,0.0
202210300820,,0.0
202210300825,,0.0
202210300835,,0.0
202210300845,,0.0
202210300850,,0.0
202210300910,,0.0
202210300915,,0.0
202210300920,,0.0
202210300925,,0.0
202210300935,,0.0
202210300940,,0.0
202210300945,,0.0
202210300950,,0.0
202210300955,,0.0
202210301000,,0.0
202210301010,,0.0
202210301015,,0.0
202210301020,,0.0
202210301025,,0.0
202210301030,,0.0
202210301040,,0.0
202210301045,,0.0
202210301055,,0.0
202210301100,,0.0
202210301110,,0.0
202210301115,,0.0
202210301125,,0.0
202210301130,,0.0
202210301135,,0.0
202210301140,,0.0
202210301145,,0.0
202210301150,,0.0
202210301155,,0.0
202210301200,,0.0
202210301210,,0.0
202210301215,,0.0
202210301225,,0.0
202210301230,,0.0
202210301235,,0.0
202210301240,,0.0
202210301250,,0.0
202210301255,,0.0
202210301300,,0.0
202210301310,,0.0
202210301315,,0.0
202210301320,,0.0
202210301325,,0.0
202210301330,,0.0
202210301335,,0.0
202210301340,,0.0
202210301350,,0.0
202210301355,,0.0
202210301400,,0.0
202210301415,,0.0
202210301430,,0.0
202210301435,,0.0
202210301440,,0.0
202210301445,,0.0
202210301450,,0.0
202210301500,,0.0
202210301510,,0.0
202210301515,,0.0
202210301520,,0.0
202210301530,,0.0
202210301540,,0.0
202210301545,,0.0
202210301550,,0.0
202210301555,,0.0
202210301600,,0.0
202210301615,,0.0
202210301620,,0.0
202210301625,,0.0
202210301635,,0.0
202210301640,,0.0
202210301645,,0.0
202210301650,,0.0
202210301655,,0.0
202210301700,,0.0
202210301710,,0.0
202210301715,,0.0
202210301720,,0.0
202210301725,,0.0
202210301730,,0.0
202210301735,,0.0
202210301740,,0.0
202210301745,,0.0
202210301750,,0.0
202210301755,,0.0
202210301800,,0.0
202210301810,,0.0
202210301815,,0.0
202210301825,,0.0
202210301830,,0.0
202210301835,,0.0
202210301840,,0.0
202210301845,,0.0
202210301850,,0.0
202210301855,,0.0
202210301900,,0.0
202210301910,,0.0
202210301915,,0.0
202210301920,,0.0
202210301925,,0.0
202210301930,,0.0
202210301935,,0.0
202210301940,,0.0
202210301950,,0.0
202210301955,,0.0
202210302000,,0.0
202210302010,,0.0
202210302020,,0.0
202210302025,,0.0
202210302035,,0.0
202210302040,,0.0
202210302045,,0.0
202210302050,,0.0
202210302055,,0.0
202210302100,,0.0
202210302110,,0.0
202210302120,,0.0
202210302130,,0.0
202210302135,,0.0
202210302140,,0.0
202210302145,,0.0
202210302150,,0.0
202210302155,,0.0
202210302210,,0.0
202210302215,,0.0
202210302220,,0.0
202210302225,,0.0
202210302235,,0.0
202210302240,,0.0
202210302250,,0.0
202210302255,,0.0
202210302300,,0.0
202210302310,,0.0
202210302315,,0.0
202210302325,,0.0
202210302340,,0.0
202210302345,,0.0
202210302350,,0.0
202210302355,,0.0
202210310000,,0.0
202210310010,,0.0
202210310020,,0.0
202210310025,,0.0
202210310035,,0.0
202210310040,,0.0
202210310045,,0.0
202210310055,,0.0
202210310100,,0.0
202210310110,,0.0
202210310115,,0.0
202210310120,,0.0
202210310125,,0.0
202210310140,,0.0
202210310145,,0.0
202210310150,,0.0
202210310200,,0.0
202210310210,,0.0
202210310220,,0.0
202210310225,,0.0
202210310230,,0.0
202210310235,,0.0
202210310240,,0.0
202210310245,,0.0
202210310250,,0.0
202210310255,,0.0
202210310300,,0.0
202210310310,,0.0
202210310315,,0.0
202210310325,,0.0
202210310330,,0.0
202210310340,,0.0
202210310345,,0.0
202210310350,,0.0
202210310355,,0.0
202210310400,,0.0
202210310410,,0.0
202210310415,,0.0
202210310420,,0.0
202210310425,,0.0
202210310430,,0.0
202210310435,,0.0
202210310445,,0.0
202210310450,,0.0
202210310500,,0.0
202210310510,,0.0
202210310515,,0.0
202210310520,,0.0
202210310525,,0.0
202210310535,,0.0
202210310540,,0.0
202210310545,,0.0
202210310550,,0.0
202210310600,,0.0
202210310615,,0.0
202210310620,,0.0
202210310625,,0.0
202210310640,,0.0
202210310655,,0.0
202210310700,,0.0
202210310715,,0.0
202210310720,,0.0
202210310730,,0.0
202210310735,,0.0
202210310740,,0.0
202210310755,,0.0
202210310810,,0.0
202210310820,,0.0
202210310825,,0.0
202210310830,,0.0
202210310835,,0.0
202210310840,,0.0
202210310845,,0.0
202210310850,,0.0
202210310855,,0.0
202210310900,,0.0
202210310910,,0.0
202210310915,,0.0
202210310920,,0.0
202210310925,,0.0
202210310930,,0.0
202210310935,,0.0
202210310940,,0.0
202210310950,,0.0
202210310955,,0.0
202210311000,,0.0
202210311010,,0.0
202210311015,,0.0
202210311020,,0.0
202210311025,,0.0
202210311035,,0.0
202210311040,,0.0
202210311045,,0.0
202210311100,,0.0
202210311115,,0.0
202210311120,,0.0
202210311125,,0.0
202210311130,,0.0
202210311140,,0.0
202210311145,,0.0
202210311150,,0.0
202210311200,,0.0
202210311210,,0.0
202210311215,,0.0
202210311220,,0.0
202210311225,,0.0
202210311230,,0.0
202210311235,,0.0
202210311240,,0.0
202210311245,,0.0
202210311250,,0.0
202210311255,,0.0
202210311300,,0.0
202210311310,112.0,0.4
202210311315,,0.0
202210311320,,0.0
202210311325,,0.0
202210311335,,0.0
202210311340,,0.0
202210311345,,0.0
202210311350,,0.0
202210311355,,0.0
202210311400,,0.0
202210311410,,0.0
202210311420,,0.0
202210311425,,0.0
202210311430,,0.0
202210311435,,0.0
202210311440,,0.0
202210311445,,0.0
202210311450,,0.0
202210311455,,0.0
202210311500,,0.0
202210311525,139.0,0.4
202210311530,98.0,0.4
202210311535,100.0,0.4
202210311540,146.0,0.4
202210311545,,0.0
202210311550,,0.0
202210311555,,0.0
202210311600,,0.0
202210311615,,0.0
202210311620,,0.0
202210311630,,0.0
202210311635,,0.0
202210311640,,0.0
202210311645,212.0,0.9
202210311650,171.0,0.9
202210311655,215.0,1.3
202210311700,220.0,1.3
202210311710,221.0,0.9
202210311720,187.0,0.9
202210311725,155.0,0.9
202210311730,210.0,0.9
202210311735,188.0,0.9
202210311740,192.0,0.9
202210311745,193.0,0.9
202210311750,205.0,0.9
202210311755,214.0,0.4
202210311810,126.0,0.9
202210311815,,0.0
202210311820,,0.0
202210311830,,0.0
202210311835,170.0,0.4
202210311840,217.0,0.4
202210311845,201.0,0.9
202210311850,219.0,0.9
202210311855,190.0,0.9
202210311900,142.0,0.9
202210311910,178.0,0.9
202210311915,222.0,0.9
202210311920,219.0,0.9
202210311925,,0.0
202210311930,,0.0
202210311940,,0.0
202210311950,,0.0
202210311955,229.0,0.4
202210312000,72.0,0.4
202210312010,,0.0
202210312015,,0.0
202210312020,,0.0
202210312030,83.0,0.4
202210312040,248.0,0.4
202210312045,263.0,0.9
202210312050,132.0,0.9
202210312055,187.0,0.4
202210312100,191.0,0.4
202210312115,168.0,0.4
202210312120,123.0,0.4
202210312125,,0.0
202210312130,,0.0
202210312135,,0.0
202210312140,,0.0
202210312145,,0.0
202210312150,,0.0
202210312155,,0.0
202210312200,,0.0
202210312210,,0.0
202210312215,,0.0
202210312220,,0.0
202210312225,,0.0
202210312235,,0.0
202210312245,,0.0
202210312250,,0.0
202210312255,,0.0
202210312300,,0.0
202210312310,,0.0
202210312330,,0.0
202210312335,,0.0
202210312340,,0.0
202210312345,,0.0
202210312350,,0.0
202210312355,,0.0
202211010000,,0.0
202211010010,,0.0
202211010015,,0.0
202211010020,,0.0
202211010025,,0.0
202211010030,,0.0
202211010035,,0.0
202211010045,,0.0
202211010055,,0.0
202211010100,,0.0
202211010110,,0.0
202211010115,,0.0
202211010120,,0.0
202211010125,,0.0
202211010130,,0.0
202211010135,,0.0
202211010140,,0.0
202211010145,,0.0
202211010150,,0.0
202211010155,,0.0
202211010200,,0.0
202211010210,,0.0
202211010215,,0.0
202211010220,,0.0
202211010225,,0.0
202211010230,,0.0
202211010240,,0.0
202211010245,,0.0
202211010250,,0.0
202211010255,,0.0
202211010300,,0.0
202211010315,,0.0
202211010320,,0.0
202211010325,,0.0
202211010335,,0.0
202211010340,,0.0
202211010345,,0.0
202211010355,,0.0
202211010410,,0.0
202211010425,,0.0
202211010430,,0.0
202211010435,,0.0
202211010440,,0.0
202211010445,,0.0
202211010450,,0.0
202211010455,,0.0
202211010510,,0.0
202211010515,,0.0
202211010520,,0.0
202211010525,,0.0
202211010530,,0.0
202211010535,,0.0
202211010540,,0.0
202211010545,,0.0
202211010555,,0.0
202211010610,,0.0
202211010630,,0.0
202211010635,,0.0
202211010645,,0.0
202211010650,,0.0
202211010710,,0.0
202211010715,,0.0
202211010720,,0.0
202211010725,,0.0
202211010730,,0.0
202211010735,,0.0
202211010740,,0.0
202211010750,,0.0
202211010755,,0.0
202211010800,,0.0
202211010810,,0.0
202211010815,,0.0
202211010820,,0.0
202211010825,,0.0
202211010830,,0.0
202211010835,,0.0
202211010845,,0.0
202211010850,,0.0
202211010900,,0.0
202211010910,,0.0
202211010915,,0.0
202211010920,,0.0
202211010930,,0.0
202211010940,,0.0
202211010945,,0.0
202211010950,,0.0
202211010955,,0.0
202211011010,,0.0
202211011015,,0.0
202211011020,,0.0
202211011025,,0.0
202211011030,,0.0
202211011035,,0.0
202211011040,,0.0
202211011045,,0.0
202211011050,,0.0
202211011055,,0.0
202211011100,,0.0
202211011110,,0.0
202211011115,,0.0
202211011120,,0.0
202211011130,,0.0
202211011135,,0.0
202211011145,,0.0
202211011150,,0.0
202211011155,,0.0
202211011200,,0.0
202211011210,,0.0
202211011215,,0.0
202211011220,,0.0
202211011225,,0.0
202211011235,,0.0
202211011245,,0.0
202211011250,,0.0
202211011255,,0.0
202211011300,,0.0
202211011310,,0.0
202211011315,,0.0
202211011320,,0.0
202211011325,,0.0
202211011335,,0.0
202211011340,,0.0
202211011345,,0.0
202211011350,,0.0
202211011355,,0.0
202211011400,,0.0
202211011410,,0.0
202211011415,,0.0
202211011420,,0.0
202211011425,,0.0
202211011430,,0.0
202211011435,,0.0
202211011440,,0.0
202211011455,,0.0
202211011500,,0.0
202211011510,,0.0
202211011515,,0.0
202211011525,,0.0
202211011530,,0.0
202211011535,,0.0
202211011540,,0.0
202211011545,,0.0
202211011555,,0.0
202211011600,,0.0
202211011610,,0.0
202211011615,,0.0
202211011620,,0.0
202211011630,,0.0
202211011635,,0.0
202211011640,,0.0
202211011645,,0.0
202211011650,,0.0
202211011700,,0.0
202211011710,,0.0
202211011720,,0.0
202211011730,,0.0
202211011735,,0.0
202211011740,,0.0
202211011745,,0.0
202211011750,,0.0
202211011755,,0.0
202211011800,,0.0
202211011810,,0.0
202211011815,,0.0
202211011820,,0.0
202211011825,,0.0
202211011830,,0.0
202211011835,,0.0
202211011840,,0.0
202211011845,,0.0
202211011855,,0.0
202211011900,,0.0
202211011910,,0.0
202211011915,,0.0
202211011920,,0.0
202211011925,,0.0
202211011930,,0.0
202211011935,,0.0
202211011940,,0.0
202211011945,,0.0
202211011955,,0.0
202211012010,,0.0
202211012015,,0.0
202211012020,,0.0
202211012025,,0.0
202211012040,,0.0
202211012045,,0.0
202211012050,,0.0
202211012055,,0.0
202211012100,,0.0
202211012110,,0.0
202211012115,,0.0
202211012120,,0.0
202211012130,,0.0
202211012135,,0.0
202211012140,,0.0
202211012145,,0.0
202211012150,,0.0
202211012155,,0.0
202211012210,,0.0
202211012215,,0.0
202211012220,,0.0
202211012225,,0.0
202211012230,,0.0
202211012235,,0.0
202211012240,,0.0
202211012250,,0.0
202211012255,,0.0
202211012300,,0.0
202211012310,,0.0
202211012315,,0.0
202211012320,,0.0
202211012325,,0.0
202211012330,,0.0
202211012335,,0.0
202211012340,,0.0
202211012345,,0.0
202211012355,,0.0
202211020000,,0.0
202211020010,,0.0
202211020015,,0.0
202211020020,,0.0
202211020025,,0.0
202211020030,,0.0
202211020035,,0.0
202211020040,,0.0
202211020045,,0.0
202211020050,,0.0
202211020055,,0.0
202211020100,,0.0
202211020110,,0.0
202211020115,,0.0
202211020125,,0.0
202211020130,,0.0
202211020140,,0.0
202211020200,,0.0
202211020210,,0.0
202211020215,,0.0
202211020220,,0.0
202211020225,,0.0
202211020230,,0.0
202211020235,,0.0
202211020240,,0.0
202211020245,,0.0
202211020250,,0.0
202211020255,,0.0
202211020300,,0.0
202211020310,,0.0
202211020320,,0.0
202211020325,,0.0
202211020330,,0.0
202211020340,,0.0
202211020350,,0.0
202211020355,,0.0
202211020410,,0.0
202211020415,,0.0
202211020420,,0.0
202211020430,,0.0
202211020435,,0.0
202211020445,,0.0
202211020450,,0.0
202211020455,,0.0
202211020500,,0.0
202211020510,,0.0
202211020515,,0.0
202211020520,,0.0
202211020525,,0.0
202211020530,,0.0
202211020540,,0.0
202211020545,,0.0
202211020550,,0.0
202211020555,,0.0
202211020610,,0.0
202211020615,,0.0
202211020620,,0.0
202211020625,,0.0
202211020630,,0.0
202211020635,,0.0
202211020640,,0.0
202211020645,,0.0
202211020655,,0.0
202211020700,,0.0
202211020710,,0.0
202211020715,,0.0
202211020720,,0.0
202211020725,,0.0
202211020735,,0.0
202211020740,,0.0
202211020745,,0.0
202211020750,,0.0
202211020755,,0.0
202211020800,,0.0
202211020810,,0.0
202211020815,,0.0
202211020825,,0.0
202211020830,,0.0
202211020835,,0.0
202211020845,,0.0
202211020850,,0.0
202211020855,,0.0
202211020900,,0.0
202211020910,,0.0
202211020920,,0.0
202211020925,,0.0
202211020930,,0.0
202211020940,,0.0
202211020950,,0.0
202211020955,,0.0
202211021010,,0.0
202211021015,,0.0
202211021020,,0.0
202211021030,,0.0
202211021035,,0.0
202211021040,,0.0
202211021055,,0.0
202211021100,,0.0
202211021110,,0.0
202211021115,,0.0
202211021125,,0.0
202211021130,,0.0
202211021135,,0.0
202211021145,,0.0
202211021150,,0.0
202211021155,,0.0
202211021210,,0.0
202211021220,,0.0
202211021225,,0.0
202211021230,,0.0
202211021235,,0.0
202211021240,,0.0
202211021245,,0.0
202211021255,,0.0
202211021300,,0.0
202211021310,,0.0
202211021315,,0.0
202211021320,,0.0
202211021330,,0.0
202211021335,,0.0
202211021340,,0.0
202211021350,,0.0
202211021355,,0.0
202211021400,,0.0
202211021410,,0.0
202211021415,,0.0
202211021420,,0.0
202211021425,,0.0
202211021430,,0.0
202211021435,,0.0
202211021440,,0.0
202211021445,,0.0
202211021450,,0.0
202211021455,,0.0
202211021500,,0.0
202211021510,,0.0
202211021515,,0.0
202211021520,,0.0
202211021525,,0.0
202211021530,,0.0
202211021535,,0.0
202211021540,,0.0
202211021545,,0.0
202211021550,,0.0
202211021555,,0.0
202211021600,,0.0
202211021610,,0.0
202211021615,,0.0
202211021620,,0.0
202211021630,,0.0
202211021635,,0.0
202211021640,,0.0
202211021645,,0.0
202211021655,,0.0
202211021700,,0.0
202211021710,,0.0
202211021720,,0.0
202211021725,,0.0
202211021730,,0.0
202211021740,,0.0
202211021745,,0.0
202211021750,,0.0
202211021755,,0.0
202211021800,,0.0
202211021810,,0.0
202211021815,,0.0
202211021825,,0.0
202211021830,,0.0
202211021835,,0.0
202211021840,,0.0
202211021845,,0.0
202211021850,,0.0
202211021900,,0.0
202211021910,,0.0
202211021915,,0.0
202211021930,,0.0
202211021935,,0.0
202211021940,,0.0
202211021950,,0.0
202211021955,,0.0
202211022000,,0.0
202211022010,,0.0
202211022015,,0.0
202211022020,,0.0
202211022035,,0.0
202211022040,,0.0
202211022045,,0.0
202211022050,,0.0
202211022055,,0.0
202211022110,,0.0
202211022115,,0.0
202211022125,,0.0
202211022130,,0.0
202211022135,,0.0
202211022140,,0.0
202211022155,,0.0
202211022210,,0.0
202211022215,,0.0
202211022220,,0.0
202211022225,,0.0
202211022230,,0.0
202211022235,,0.0
202211022240,,0.0
202211022245,,0.0
202211022250,,0.0
202211022255,,0.0
202211022310,,0.0
202211022335,,0.0
202211022340,,0.0
202211022345,,0.0
202211022350,,0.0
202211022355,,0.0
202211030010,,0.0
202211030015,,0.0
202211030025,,0.0
202211030030,,0.0
202211030040,,0.0
202211030050,,0.0
202211030100,,0.0
202211030110,,0.0
202211030115,,0.0
202211030120,,0.0
202211030125,,0.0
202211030130,,0.0
202211030135,,0.0
202211030140,,0.0
202211030145,,0.0
202211030150,,0.0
202211030155,,0.0
202211030200,,0.0
202211030215,,0.0
202211030220,,0.0
202211030225,,0.0
202211030230,,0.0
202211030240,,0.0
202211030245,,0.0
202211030250,,0.0
202211030315,,0.0
202211030320,,0.0
202211030325,,0.0
202211030330,,0.0
202211030335,,0.0
202211030340,,0.0
202211030345,,0.0
202211030350,,0.0
202211030355,,0.0
202211030400,,0.0
202211030410,,0.0
202211030420,,0.0
202211030425,,0.0
202211030440,,0.0
202211030445,,0.0
202211030455,,0.0
202211030500,,0.0
202211030525,,0.0
202211030530,,0.0
202211030535,,0.0
202211030540,,0.0
202211030550,,0.0
202211030555,,0.0
202211030600,,0.0
202211030610,,0.0
202211030615,,0.0
202211030620,,0.0
202211030650,,0.0
202211030655,,0.0
202211030700,,0.0
202211030720,,0.0
202211030725,,0.0
202211030730,,0.0
202211030735,,0.0
202211030745,,0.0
202211030750,,0.0
202211030800,,0.0
202211030815,,0.0
202211030820,,0.0
202211030825,,0.0
202211030830,,0.0
202211030835,,0.0
202211030840,,0.0
202211030845,,0.0
202211030850,,0.0
202211030855,,0.0
202211030900,,0.0
202211030910,,0.0
202211030915,,0.0
202211030920,,0.0
202211030925,,0.0
202211030930,,0.0
202211030945,,0.0
202211030950,,0.0
202211030955,,0.0
202211031000,,0.0
202211031010,,0.0
202211031020,,0.0
202211031025,,0.0
202211031030,,0.0
202211031035,,0.0
202211031040,,0.0
202211031045,,0.0
202211031050,,0.0
202211031055,,0.0
202211031100,,0.0
202211031110,,0.0
202211031115,,0.0
202211031120,,0.0
202211031125,,0.0
202211031130,,0.0
202211031135,,0.0
202211031145,,0.0
202211031150,,0.0
202211031200,,0.0
202211031215,,0.0
202211031220,,0.0
202211031225,,0.0
202211031230,,0.0
202211031235,,0.0
202211031240,,0.0
202211031245,,0.0
202211031250,,0.0
202211031300,,0.0
202211031310,,0.0
202211031315,,0.0
202211031325,,0.0
202211031335,,0.0
202211031340,,0.0
202211031345,,0.0
202211031350,,0.0
202211031355,,0.0
202211031400,,0.0
202211031415,,0.0
202211031420,,0.0
202211031430,,0.0
202211031435,,0.0
202211031440,,0.0
202211031445,,0.0
202211031450,,0.0
202211031455,,0.0
202211031500,,0.0
202211031510,,0.0
202211031515,,0.0
202211031520,,0.0
202211031525,,0.0
202211031540,,0.0
202211031550,,0.0
202211031555,,0.0
202211031615,,0.0
202211031620,,0.0
202211031625,,0.0
202211031635,,0.0
202211031640,,0.0
202211031645,,0.0
202211031650,,0.0
202211031655,,0.0
202211031715,,0.0
202211031720,,0.0
202211031730,,0.0
202211031735,,0.0
202211031745,,0.0
202211031750,,0.0
202211031755,,0.0
202211031800,,0.0
202211031810,,0.0
202211031815,,0.0
202211031820,,0.0
202211031835,40.0,0.4
202211031840,27.0,0.4
202211031845,117.0,0.4
202211031855,,0.0
202211031900,,0.0
202211031910,349.0,0.9
202211031915,253.0,0.9
202211031925,302.0,0.4
202211031930,350.0,0.4
202211031935,9.0,0.4
202211031945,,0.0
202211031950,,0.0
202211031955,,0.0
202211032000,,0.0
202211032015,,0.0
202211032020,,0.0
202211032035,,0.0
202211032040,,0.0
202211032045,,0.0
202211032050,,0.0
202211032055,,0.0
202211032100,,0.0
202211032110,,0.0
202211032115,,0.0
202211032120,,0.0
202211032125,,0.0
202211032135,,0.0
202211032140,,0.0
202211032145,,0.0
202211032150,,0.0
202211032200,,0.0
202211032210,,0.0
202211032215,,0.0
202211032220,,0.0
202211032225,,0.0
202211032230,,0.0
202211032235,,0.0
202211032240,,0.0
202211032245,,0.0
202211032250,,0.0
202211032255,,0.0
202211032300,,0.0
202211032315,,0.0
202211032320,,0.0
202211032345,,0.0
202211032350,,0.0
202211032355,,0.0
202211040000,,0.0
202211040010,,0.0
202211040015,,0.0
202211040020,,0.0
202211040040,,0.0
202211040045,,0.0
202211040050,,0.0
202211040055,,0.0
202211040100,,0.0
202211040110,,0.0
202211040115,,0.0
202211040120,,0.0
202211040125,,0.0
202211040130,,0.0
202211040135,,0.0
202211040140,,0.0
202211040145,,0.0
202211040150,,0.0
202211040155,,0.0
202211040200,,0.0
202211040210,,0.0
202211040215,,0.0
202211040220,,0.0
202211040225,,0.0
202211040230,,0.0
202211040240,,0.0
202211040245,,0.0
202211040250,,0.0
202211040300,,0.0
202211040310,,0.0
202211040315,,0.0
202211040320,,0.0
202211040325,,0.0
202211040330,,0.0
202211040335,,0.0
202211040340,,0.0
202211040350,,0.0
202211040355,,0.0
202211040410,,0.0
202211040415,,0.0
202211040425,,0.0
202211040430,,0.0
202211040435,,0.0
202211040440,,0.0
202211040445,,0.0
202211040450,,0.0
202211040455,,0.0
202211040500,,0.0
202211040515,,0.0
202211040520,,0.0
202211040525,,0.0
202211040530,,0.0
202211040540,,0.0
202211040545,,0.0
202211040550,,0.0
202211040600,,0.0
202211040610,,0.0
202211040620,,0.0
202211040630,,0.0
202211040635,,0.0
202211040640,,0.0
202211040645,,0.0
202211040650,,0.0
202211040655,,0.0
202211040700,,0.0
202211040710,,0.0
202211040715,,0.0
202211040720,,0.0
202211040725,,0.0
202211040730,,0.0
202211040740,,0.0
202211040745,,0.0
202211040750,,0.0
202211040800,,0.0
202211040810,,0.0
202211040820,,0.0
202211040825,,0.0
202211040840,,0.0
202211040850,,0.0
202211040910,,0.0
202211040915,,0.0
202211040930,,0.0
202211040935,,0.0
202211040950,,0.0
202211040955,,0.0
202211041000,,0.0
202211041010,,0.0
202211041015,,0.0
202211041020,,0.0
202211041025,,0.0
202211041030,,0.0
202211041040,,0.0
202211041045,,0.0
202211041055,,0.0
202211041100,,0.0
202211041110,,0.0
202211041115,,0.0
202211041125,,0.0
202211041130,,0.0
202211041140,,0.0
202211041145,,0.0
202211041150,,0.0
202211041155,,0.0
202211041200,,0.0
202211041210,,0.0
202211041215,,0.0
202211041225,,0.0
202211041230,,0.0
202211041240,,0.0
202211041250,,0.0
202211041255,,0.0
202211041310,,0.0
202211041325,,0.0
202211041335,,0.0
202211041340,,0.0
202211041345,,0.0
202211041350,,0.0
202211041400,,0.0
202211041410,,0.0
202211041415,,0.0
202211041420,,0.0
202211041430,3.0,0.4
202211041440,,0.0
202211041445,,0.0
202211041450,,0.0
202211041500,,0.0
202211041510,,0.0
202211041515,332.0,0.4
202211041520,328.0,0.4
202211041525,341.0,0.4
202211041530,352.0,0.4
202211041535,350.0,0.4
202211041540,356.0,0.4
202211041545,6.0,0.4
202211041550,340.0,0.4
202211041600,344.0,0.9
202211041610,94.0,0.9
202211041620,,0.0
202211041625,0.0,0.4
202211041630,357.0,0.4
202211041635,,0.0
202211041645,8.0,0.9
202211041650,346.0,0.9
202211041655,107.0,0.4
202211041715,310.0,0.4
202211041720,261.0,0.4
202211041725,,0.0
202211041735,,0.0
202211041740,,0.0
202211041745,,0.0
202211041750,,0.0
202211041800,106.0,0.4
202211041810,,0.0
202211041815,,0.0
202211041820,,0.0
202211041825,91.0,0.4
202211041830,104.0,0.4
202211041835,,0.0
202211041850,,0.0
202211041910,,0.0
202211041915,,0.0
202211041925,,0.0
202211041930,,0.0
202211041935,,0.0
202211041950,,0.0
202211041955,,0.0
202211042000,,0.0
202211042010,,0.0
202211042015,,0.0
202211042020,,0.0
202211042025,,0.0
202211042030,,0.0
202211042040,,0.0
202211042045,,0.0
202211042050,,0.0
202211042055,,0.0
202211042100,,0.0
202211042110,,0.0
202211042115,,0.0
202211042120,,0.0
202211042130,,0.0
202211042140,,0.0
202211042145,,0.0
202211042150,,0.0
202211042155,,0.0
202211042200,,0.0
202211042215,,0.0
202211042220,,0.0
202211042230,,0.0
202211042235,,0.0
202211042240,,0.0
202211042250,,0.0
202211042255,,0.0
202211042310,,0.0
202211042315,,0.0
202211042320,,0.0
202211042325,,0.0
202211042330,,0.0
202211042350,,0.0
202211042355,,0.0
202211050000,,0.0
202211050015,,0.0
202211050020,,0.0
202211050030,,0.0
202211050045,,0.0
202211050050,,0.0
202211050055,,0.0
202211050110,,0.0
202211050115,,0.0
202211050120,,0.0
202211050125,,0.0
202211050130,,0.0
202211050135,,0.0
202211050140,,0.0
202211050145,,0.0
202211050150,,0.0
202211050200,,0.0
202211050210,,0.0
202211050215,,0.0
202211050220,,0.0
202211050225,,0.0
202211050235,,0.0
202211050240,,0.0
202211050245,,0.0
202211050250,,0.0
202211050255,,0.0
202211050300,,0.0
202211050310,,0.0
202211050315,,0.0
202211050320,,0.0
202211050325,,0.0
202211050330,,0.0
202211050340,,0.0
202211050345,,0.0
202211050350,,0.0
202211050355,,0.0
202211050400,,0.0
202211050410,,0.0
202211050415,,0.0
202211050425,,0.0
202211050430,,0.0
202211050435,,0.0
202211050440,,0.0
202211050445,,0.0
202211050450,,0.0
202211050455,,0.0
202211050500,,0.0
202211050515,,0.0
202211050520,,0.0
202211050525,,0.0
202211050530,,0.0
202211050535,,0.0
202211050540,,0.0
202211050545,,0.0
202211050550,,0.0
202211050600,,0.0
202211050610,,0.0
202211050615,,0.0
202211050620,,0.0
202211050630,,0.0
202211050635,,0.0
202211050640,,0.0
202211050645,,0.0
202211050655,,0.0
202211050710,,0.0
202211050715,,0.0
202211050720,,0.0
202211050735,,0.0
202211050740,,0.0
202211050745,,0.0
202211050750,,0.0
202211050755,,0.0
202211050800,,0.0
202211050815,,0.0
202211050825,,0.0
202211050830,,0.0
202211050840,,0.0
202211050845,,0.0
202211050850,,0.0
202211050855,,0.0
202211050900,,0.0
202211050910,,0.0
202211050915,,0.0
202211050925,,0.0
202211050935,,0.0
202211050940,,0.0
202211050945,,0.0
202211050950,,0.0
202211050955,,0.0
202211051000,,0.0
202211051010,,0.0
202211051015,,0.0
202211051020,,0.0
202211051025,,0.0
202211051030,,0.0
202211051035,,0.0
202211051040,,0.0
202211051045,,0.0
202211051050,,0.0
202211051055,,0.0
202211051100,,0.0
202211051110,,0.0
202211051120,,0.0
202211051125,,0.0
202211051130,,0.0
202211051135,,0.0
202211051140,,0.0
202211051145,,0.0
202211051150,,0.0
202211051155,,0.0
202211051200,,0.0
202211051210,,0.0
202211051220,,0.0
202211051230,,0.0
202211051235,,0.0
202211051240,,0.0
202211051245,,0.0
202211051250,,0.0
202211051255,,0.0
202211051300,,0.0
202211051310,,0.0
202211051325,,0.0
202211051330,,0.0
202211051335,,0.0
202211051340,,0.0
202211051350,,0.0
202211051355,,0.0
202211051400,,0.0
202211051410,,0.0
202211051415,,0.0
202211051420,,0.0
202211051425,,0.0
202211051430,,0.0
202211051435,,0.0
202211051445,,0.0
202211051450,,0.0
202211051455,,0.0
202211051500,,0.0
202211051510,,0.0
202211051515,,0.0
202211051520,,0.0
202211051530,,0.0
202211051545,,0.0
202211051555,,0.0
202211051600,,0.0
202211051610,,0.0
202211051615,,0.0
202211051620,,0.0
202211051625,,0.0
202211051635,,0.0
202211051645,,0.0
202211051655,,0.0
202211051700,,0.0
202211051710,,0.0
202211051715,181.0,0.4
202211051720,114.0,0.4
202211051725,159.0,0.4
202211051755,,0.0
202211051810,,0.0
202211051815,,0.0
202211051820,,0.0
202211051825,,0.0
202211051830,,0.0
202211051835,,0.0
202211051840,,0.0
202211051850,,0.0
202211051855,,0.0
202211051900,,0.0
202211051910,,0.0
202211051915,,0.0
202211051930,,0.0
202211051935,,0.0
202211051945,,0.0
202211051950,,0.0
202211051955,,0.0
202211052000,,0.0
202211052010,,0.0
202211052015,,0.0
202211052020,,0.0
202211052030,,0.0
202211052050,,0.0
202211052100,,0.0
202211052110,,0.0
202211052115,,0.0
202211052120,,0.0
202211052125,,0.0
202211052130,,0.0
202211052150,,0.0
202211052155,,0.0
202211052200,,0.0
202211052210,,0.0
202211052215,,0.0
202211052220,,0.0
202211052225,,0.0
202211052230,,0.0
202211052235,,0.0
202211052240,,0.0
202211052245,,0.0
202211052250,,0.0
202211052300,,0.0
202211052310,,0.0
202211052315,,0.0
202211052335,,0.0
202211052340,,0.0
202211052345,,0.0
202211052350,,0.0
202211052355,,0.0
202211060000,,0.0
202211060010,,0.0
202211060015,,0.0
202211060035,,0.0
202211060040,,0.0
202211060045,,0.0
202211060055,,0.0
202211060100,,0.0
202211060110,,0.0
202211060115,,0.0
202211060120,,0.0
202211060125,,0.0
202211060130,,0.0
202211060135,,0.0
202211060140,,0.0
202211060145,,0.0
202211060155,,0.0
202211060200,,0.0
202211060215,,0.0
202211060220,,0.0
202211060225,,0.0
202211060230,,0.0
202211060235,,0.0
202211060240,,0.0
202211060245,,0.0
202211060250,,0.0
202211060255,,0.0
202211060300,,0.0
202211060310,,0.0
202211060315,,0.0
202211060320,,0.0
202211060325,,0.0
202211060330,,0.0
202211060340,,0.0
202211060350,,0.0
202211060355,,0.0
202211060400,,0.0
202211060410,,0.0
202211060415,,0.0
202211060420,,0.0
202211060430,,0.0
202211060435,,0.0
202211060440,,0.0
202211060445,,0.0
202211060450,,0.0
202211060455,,0.0
202211060500,,0.0
202211060515,,0.0
202211060520,,0.0
202211060525,,0.0
202211060530,,0.0
202211060535,,0.0
202211060550,,0.0
202211060555,,0.0
202211060610,,0.0
202211060630,,0.0
202211060635,,0.0
202211060645,,0.0
202211060655,,0.0
202211060700,,0.0
202211060710,,0.0
202211060715,,0.0
202211060720,,0.0
202211060725,,0.0
202211060730,,0.0
202211060735,,0.0
202211060745,,0.0
202211060750,,0.0
202211060800,,0.0
202211060810,,0.0
202211060815,,0.0
202211060820,,0.0
202211060830,,0.0
202211060835,,0.0
202211060840,,0.0
202211060845,,0.0
202211060850,,0.0
202211060855,,0.0
202211060910,,0.0
202211060915,,0.0
202211060920,,0.0
202211060925,,0.0
202211060935,,0.0
202211060940,,0.0
202211060945,,0.0
202211060950,,0.0
202211061000,,0.0
202211061010,,0.0
202211061015,,0.0
202211061020,,0.0
202211061025,,0.0
202211061030,,0.0
202211061035,,0.0
202211061040,,0.0
202211061050,,0.0
202211061055,,0.0
202211061110,,0.0
202211061115,,0.0
202211061120,,0.0
202211061125,,0.0
202211061130,,0.0
202211061135,,0.0
202211061145,,0.0
202211061150,,0.0
202211061155,,0.0
202211061200,,0.0
202211061210,,0.0
202211061215,,0.0
202211061220,,0.0
202211061225,,0.0
202211061230,,0.0
202211061235,,0.0
202211061240,,0.0
202211061245,,0.0
202211061250,,0.0
202211061255,,0.0
202211061300,,0.0
202211061310,,0.0
202211061315,,0.0
202211061325,,0.0
202211061335,,0.0
202211061340,,0.0
202211061345,,0.0
202211061350,,0.0
202211061355,,0.0
202211061400,,0.0
202211061415,,0.0
202211061420,,0.0
202211061430,,0.0
202211061435,,0.0
202211061445,,0.0
202211061450,,0.0
202211061455,,0.0
202211061500,,0.0
202211061510,,0.0
202211061515,,0.0
202211061520,,0.0
202211061525,,0.0
202211061530,,0.0
202211061535,,0.0
202211061540,,0.0
202211061545,,0.0
202211061555,,0.0
202211061600,,0.0
202211061615,,0.0
202211061620,,0.0
202211061625,,0.0
202211061645,,0.0
202211061650,,0.0
202211061655,,0.0
202211061700,,0.0
202211061710,,0.0
202211061720,,0.0
202211061730,,0.0
202211061735,,0.0
202211061750,,0.0
202211061810,,0.0
202211061815,,0.0
202211061820,,0.0
202211061830,,0.0
202211061835,,0.0
202211061840,,0.0
202211061845,,0.0
202211061855,,0.0
202211061910,,0.0
202211061915,,0.0
202211061920,,0.0
202211061925,,0.0
202211061930,,0.0
202211061940,,0.0
202211061945,,0.0
202211061950,,0.0
202211061955,,0.0
202211062000,,0.0
202211062010,,0.0
202211062020,,0.0
202211062025,,0.0
202211062030,,0.0
202211062035,,0.0
202211062040,,0.0
202211062045,,0.0
202211062050,,0.0
202211062055,,0.0
202211062100,,0.0
202211062110,,0.0
202211062115,,0.0
202211062130,,0.0
202211062135,,0.0
202211062140,,0.0
202211062145,,0.0
202211062150,,0.0
202211062155,,0.0
202211062200,,0.0
202211062210,,0.0
202211062215,,0.0
202211062220,,0.0
202211062225,,0.0
202211062235,,0.0
202211062240,,0.0
202211062245,,0.0
202211062250,,0.0
202211062255,,0.0
202211062315,,0.0
202211062320,,0.0
202211062325,,0.0
202211062330,,0.0
202211062335,,0.0
202211062350,,0.0
202211062355,,0.0
202211070000,,0.0
202211070010,,0.0
202211070015,,0.0
202211070020,,0.0
202211070025,,0.0
202211070030,,0.0
202211070035,,0.0
202211070045,,0.0
202211070050,,0.0
202211070120,,0.0
202211070135,,0.0
202211070140,,0.0
202211070145,,0.0
202211070150,,0.0
202211070155,,0.0
202211070210,,0.0
202211070215,,0.0
202211070220,,0.0
202211070230,,0.0
202211070235,,0.0
202211070245,,0.0
202211070250,,0.0
202211070255,,0.0
202211070300,,0.0
202211070315,,0.0
202211070320,,0.0
202211070325,,0.0
202211070330,,0.0
202211070335,,0.0
202211070340,,0.0
202211070350,,0.0
202211070355,,0.0
202211070400,,0.0
202211070410,,0.0
202211070415,,0.0
202211070420,,0.0
202211070425,,0.0
202211070440,,0.0
202211070445,,0.0
202211070450,,0.0
202211070455,,0.0
202211070500,,0.0
202211070510,,0.0
202211070520,,0.0
202211070530,,0.0
202211070535,,0.0
202211070540,,0.0
202211070545,,0.0
202211070550,,0.0
202211070555,,0.0
202211070610,,0.0
202211070615,,0.0
202211070620,,0.0
202211070625,,0.0
202211070640,,0.0
202211070645,,0.0
202211070650,,0.0
202211070655,,0.0
202211070700,,0.0
202211070710,,0.0
202211070715,,0.0
202211070720,,0.0
202211070725,,0.0
202211070730,,0.0
202211070735,,0.0
202211070740,,0.0
202211070750,,0.0
202211070810,,0.0
202211070815,,0.0
202211070820,,0.0
202211070825,,0.0
202211070830,,0.0
202211070835,,0.0
202211070840,,0.0
202211070845,,0.0
202211070855,,0.0
202211070900,,0.0
202211070915,,0.0
202211070930,,0.0
202211070935,,0.0
202211070940,,0.0
202211070950,,0.0
202211070955,,0.0
202211071000,,0.0
202211071010,,0.0
202211071015,,0.0
202211071020,,0.0
202211071025,,0.0
202211071035,,0.0
202211071050,,0.0
202211071100,,0.0
202211071110,,0.0
202211071120,,0.0
202211071125,,0.0
202211071130,,0.0
202211071135,,0.0
202211071140,,0.0
202211071145,,0.0
202211071150,,0.0
202211071155,,0.0
202211071210,,0.0
202211071215,,0.0
202211071220,,0.0
202211071225,,0.0
202211071230,,0.0
202211071235,,0.0
202211071250,,0.0
202211071255,,0.0
202211071300,,0.0
202211071310,,0.0
202211071315,,0.0
202211071320,,0.0
202211071325,,0.0
202211071330,,0.0
202211071335,,0.0
202211071345,,0.0
202211071350,,0.0
202211071355,,0.0
202211071400,,0.0
202211071410,,0.0
202211071425,,0.0
202211071430,,0.0
202211071435,,0.0
202211071440,,0.0
202211071455,,0.0
202211071500,,0.0
202211071520,,0.0
202211071540,,0.0
202211071545,,0.0
202211071550,,0.0
202211071555,,0.0
202211071600,,0.0
202211071610,,0.0
202211071630,,0.0
202211071635,,0.0
202211071640,,0.0
202211071645,,0.0
202211071700,,0.0
202211071715,,0.0
202211071720,,0.0
202211071725,,0.0
202211071730,,0.0
202211071735,,0.0
202211071740,,0.0
202211071745,,0.0
202211071750,,0.0
202211071755,,0.0
202211071800,,0.0
202211071810,,0.0
202211071815,,0.0
202211071820,,0.0
202211071830,,0.0
202211071835,,0.0
202211071840,,0.0
202211071850,,0.0
202211071855,,0.0
202211071900,,0.0
202211071910,,0.0
202211071915,,0.0
202211071920,,0.0
202211071930,,0.0
202211071935,343.0,0.9
202211071940,332.0,0.9
202211071945,318.0,0.9
202211071955,346.0,0.9
202211072000,15.0,0.9
202211072010,332.0,0.9
202211072015,333.0,1.3
202211072020,325.0,1.3
202211072025,334.0,0.9
202211072030,20.0,0.9
202211072035,330.0,0.9
202211072045,348.0,0.9
202211072100,,0.0
202211072110,358.0,0.9
202211072115,349.0,2.2
202211072120,359.0,2.2
202211072125,359.0,0.9
202211072130,337.0,0.9
202211072135,341.0,0.9
202211072140,351.0,0.9
202211072145,355.0,0.9
202211072150,352.0,0.9
202211072155,335.0,0.9
202211072210,341.0,0.4
202211072215,,0.0
202211072225,,0.0
202211072230,,0.0
202211072235,,0.0
202211072240,,0.0
202211072245,,0.0
202211072250,,0.0
202211072310,,0.0
202211072315,,0.0
202211072325,,0.0
202211072335,,0.0
202211072340,,0.0
202211072345,,0.0
202211072350,,0.0
202211072355,,0.0
202211080000,,0.0
202211080010,,0.0
202211080015,,0.0
202211080025,,0.0
202211080030,,0.0
202211080035,,0.0
202211080040,,0.0
202211080045,,0.0
202211080050,,0.0
202211080100,,0.0
202211080110,,0.0
202211080115,,0.0
202211080125,,0.0
202211080130,,0.0
202211080135,,0.0
202211080140,,0.0
202211080145,,0.0
202211080150,,0.0
202211080155,,0.0
202211080200,,0.0
202211080210,,0.0
202211080215,,0.0
202211080220,,0.0
202211080225,,0.0
202211080230,,0.0
202211080235,,0.0
202211080240,,0.0
202211080250,,0.0
202211080255,,0.0
202211080310,,0.0
202211080315,,0.0
202211080320,,0.0
202211080325,,0.0
202211080330,,0.0
202211080340,,0.0
202211080345,,0.0
202211080355,,0.0
202211080400,,0.0
202211080410,,0.0
202211080415,,0.0
202211080420,,0.0
202211080430,,0.0
202211080435,,0.0
202211080440,,0.0
202211080445,,0.0
202211080450,,0.0
202211080455,,0.0
202211080500,,0.0
202211080515,,0.0
202211080520,,0.0
202211080525,,0.0
202211080530,,0.0
202211080535,,0.0
202211080540,,0.0
202211080545,,0.0
202211080550,,0.0
202211080555,,0.0
202211080600,,0.0
202211080610,,0.0
202211080635,,0.0
202211080640,,0.0
202211080645,,0.0
202211080700,,0.0
202211080715,,0.0
202211080720,,0.0
202211080725,,0.0
202211080730,,0.0
202211080740,,0.0
202211080745,,0.0
202211080750,,0.0
202211080755,,0.0
202211080800,,0.0
202211080810,,0.0
202211080815,,0.0
202211080825,,0.0
202211080835,,0.0
202211080840,,0.0
202211080845,,0.0
202211080850,,0.0
202211080900,,0.0
202211080915,,0.0
202211080920,,0.0
202211080925,,0.0
202211080930,,0.0
202211080935,,0.0
202211080945,,0.0
202211080950,,0.0
202211080955,,0.0
202211081000,,0.0
202211081010,,0.0
202211081015,,0.0
202211081020,,0.0
202211081025,,0.0
202211081030,,0.0
202211081035,355.0,0.4
202211081040,358.0,0.4
202211081045,,0.0
202211081050,,0.0
202211081055,,0.0
202211081110,,0.0
202211081115,,0.0
202211081120,,0.0
202211081125,356.0,0.4
202211081130,358.0,0.4
202211081135,,0.0
202211081140,,0.0
202211081145,,0.0
202211081200,,0.0
202211081215,,0.0
202211081220,,0.0
202211081230,,0.0
202211081235,,0.0
202211081240,,0.0
202211081245,,0.0
202211081250,,0.0
202211081255,,0.0
202211081300,,0.0
202211081315,,0.0
202211081320,,0.0
202211081325,,0.0
202211081330,,0.0
202211081335,,0.0
202211081340,,0.0
202211081345,30.0,0.4
202211081350,330.0,0.4
202211081355,22.0,0.4
202211081400,357.0,0.4
202211081415,331.0,0.4
202211081420,24.0,0.4
202211081425,358.0,0.9
202211081430,22.0,0.9
202211081435,,0.0
202211081440,,0.0
202211081445,14.0,0.9
202211081455,34.0,0.9
202211081500,302.0,0.9
202211081510,,0.0
202211081520,,0.0
202211081525,36.0,0.4
202211081530,36.0,0.4
202211081535,13.0,0.9
202211081540,354.0,0.9
202211081545,13.0,0.9
202211081550,356.0,0.9
202211081555,318.0,0.9
202211081600,42.0,0.9
202211081610,58.0,0.9
202211081620,53.0,0.4
202211081630,0.0,0.9
202211081635,31.0,0.9
202211081640,30.0,0.9
202211081645,357.0,0.9
202211081655,27.0,0.9
202211081700,72.0,0.9
202211081715,60.0,0.9
202211081720,359.0,0.9
202211081730,54.0,0.9
202211081735,344.0,0.4
202211081740,356.0,0.4
202211081755,20.0,0.9
202211081810,10.0,0.9
202211081815,34.0,1.3
202211081820,46.0,1.3
202211081825,29.0,0.9
202211081830,142.0,0.9
202211081835,352.0,0.9
202211081840,334.0,0.9
202211081845,33.0,0.9
202211081850,8.0,0.9
202211081855,21.0,0.9
202211081900,9.0,0.9
202211081910,2.0,0.9
202211081920,13.0,2.2
202211081925,19.0,1.3
202211081935,7.0,0.9
202211081940,14.0,0.9
202211081950,3.0,0.9
202211082000,50.0,0.9
202211082010,5.0,0.9
202211082015,337.0,1.3
202211082020,0.0,1.3
202211082025,339.0,1.3
202211082035,8.0,1.3
202211082040,345.0,1.3
202211082045,8.0,0.9
202211082050,11.0,0.9
202211082055,57.0,0.9
202211082100,1.0,0.9
202211082115,42.0,0.4
202211082120,332.0,0.4
202211082125,38.0,0.9
202211082130,32.0,0.9
202211082140,6.0,0.4
202211082145,335.0,0.4
202211082150,349.0,0.4
202211082155,0.0,0.9
202211082200,5.0,0.9
202211082210,,0.0
202211082215,,0.0
202211082225,,0.0
202211082230,,0.0
202211082235,,0.0
202211082240,,0.0
202211082315,,0.0
202211082325,,0.0
202211082330,,0.0
202211082335,,0.0
202211082350,,0.0
202211082355,,0.0
202211090000,,0.0
202211090010,,0.0
202211090015,,0.0
202211090025,,0.0
202211090035,,0.0
202211090045,,0.0
202211090100,,0.0
202211090110,,0.0
202211090120,,0.0
202211090125,,0.0
202211090130,,0.0
202211090135,,0.0
202211090140,,0.0
202211090150,,0.0
202211090155,,0.0
202211090200,,0.0
202211090210,,0.0
202211090215,,0.0
202211090220,,0.0
202211090225,,0.0
202211090230,,0.0
202211090235,,0.0
202211090255,,0.0
202211090310,,0.0
202211090320,,0.0
202211090325,,0.0
202211090340,,0.0
202211090345,,0.0
202211090350,,0.0
202211090355,,0.0
202211090400,,0.0
202211090410,,0.0
202211090415,,0.0
202211090420,,0.0
202211090425,,0.0
202211090430,,0.0
202211090440,309.0,0.4
202211090450,,0.0
202211090455,,0.0
202211090500,,0.0
202211090520,,0.0
202211090525,,0.0
202211090530,,0.0
202211090545,,0.0
202211090550,,0.0
202211090555,,0.0
202211090610,,0.0
202211090615,,0.0
202211090620,,0.0
202211090625,,0.0
202211090630,,0.0
202211090635,,0.0
202211090645,,0.0
202211090650,,0.0
202211090700,,0.0
202211090710,,0.0
202211090715,,0.0
202211090720,,0.0
202211090725,,0.0
202211090730,,0.0
202211090735,,0.0
202211090740,,0.0
202211090745,,0.0
202211090750,,0.0
202211090755,,0.0
202211090800,,0.0
202211090810,,0.0
202211090815,,0.0
202211090820,,0.0
202211090830,,0.0
202211090835,356.0,0.4
202211090850,,0.0
202211090855,,0.0
202211090900,,0.0
202211090910,341.0,0.9
202211090925,,0.0
202211090930,,0.0
202211090935,353.0,0.9
202211090940,0.0,0.9
202211090945,3.0,0.9
202211090950,356.0,0.9
202211090955,18.0,0.9
202211091000,36.0,0.9
202211091010,1.0,0.9
202211091015,20.0,0.9
202211091020,7.0,0.9
202211091025,,0.0
202211091030,,0.0
202211091040,348.0,0.4
202211091055,358.0,0.9
202211091100,14.0,0.9
202211091110,345.0,0.9
202211091115,27.0,0.9
202211091120,335.0,0.9
202211091130,351.0,1.3
202211091135,10.0,0.9
202211091145,353.0,1.3
202211091150,346.0,1.3
202211091200,347.0,1.3
202211091210,342.0,1.3
202211091215,4.0,0.9
202211091220,13.0,0.9
202211091225,347.0,0.9
202211091230,6.0,0.9
202211091240,357.0,0.9
202211091245,2.0,0.9
202211091250,1.0,0.9
202211091255,27.0,0.9
202211091300,332.0,0.9
202211091310,356.0,0.9
202211091315,2.0,0.9
202211091320,6.0,0.9
202211091325,19.0,0.9
202211091330,321.0,0.9
202211091335,10.0,0.9
202211091340,354.0,0.9
202211091345,349.0,0.9
202211091350,338.0,0.9
202211091355,343.0,0.9
202211091400,4.0,0.9
202211091410,1.0,1.3
202211091415,5.0,0.9
202211091420,24.0,0.9
202211091435,3.0,1.3
202211091440,350.0,1.3
202211091445,340.0,0.9
202211091450,37.0,0.9
202211091500,41.0,1.3
202211091510,20.0,0.9
202211091515,350.0,0.9
202211091520,48.0,0.9
202211091525,69.0,0.9
202211091530,349.0,0.9
202211091535,1.0,0.9
202211091540,0.0,0.9
202211091545,330.0,0.9
202211091555,13.0,0.9
202211091600,355.0,0.9
202211091610,353.0,1.3
202211091620,9.0,1.3
202211091625,32.0,1.3
202211091630,8.0,1.3
202211091635,21.0,1.3
202211091645,2.0,2.2
202211091700,341.0,1.3
202211091710,349.0,1.3
202211091715,343.0,2.2
202211091720,22.0,2.2
202211091730,358.0,1.3
202211091735,3.0,2.2
202211091740,8.0,2.2
202211091745,358.0,1.3
202211091750,352.0,1.3
202211091755,1.0,2.2
202211091800,3.0,2.2
202211091810,3.0,0.9
202211091820,350.0,0.9
202211091825,340.0,0.9
202211091830,2.0,0.9
202211091835,18.0,1.3
202211091840,355.0,1.3
202211091850,4.0,0.9
202211091855,21.0,0.9
202211091900,359.0,0.9
202211091910,17.0,0.9
202211091915,315.0,1.3
202211091920,354.0,1.3
202211091925,5.0,0.9
202211091930,350.0,0.9
202211091935,350.0,0.9
202211091940,75.0,0.9
202211091950,343.0,0.9
202211091955,358.0,0.9
202211092000,2.0,0.9
202211092015,10.0,0.4
202211092020,343.0,0.4
202211092025,0.0,0.9
202211092035,50.0,0.9
202211092040,28.0,0.9
202211092050,29.0,0.9
202211092055,14.0,0.9
202211092100,352.0,0.9
202211092110,356.0,1.3
202211092115,4.0,0.9
202211092120,350.0,0.9
202211092125,4.0,0.9
202211092130,349.0,0.9
202211092135,11.0,0.9
202211092140,11.0,0.9
202211092145,27.0,0.9
202211092150,352.0,0.9
202211092155,15.0,0.4
202211092200,3.0,0.4
202211092210,42.0,0.9
202211092215,350.0,0.9
202211092220,355.0,0.9
202211092225,347.0,0.9
202211092230,11.0,0.9
202211092235,2.0,1.3
202211092240,351.0,1.3
202211092245,5.0,0.9
202211092250,3.0,0.9
202211092255,329.0,0.9
202211092300,3.0,0.9
202211092310,50.0,0.9
202211092320,357.0,0.9
202211092325,16.0,0.9
202211092330,12.0,0.9
202211092335,8.0,0.9
202211092340,15.0,0.9
202211092345,298.0,0.4
202211092350,2.0,0.4
202211092355,11.0,0.9
202211100000,10.0,0.9
202211100010,,0.0
202211100015,4.0,0.4
202211100020,9.0,0.4
202211100025,4.0,0.9
202211100030,23.0,0.9
202211100035,338.0,0.4
202211100040,10.0,0.4
202211100055,1.0,0.9
202211100100,7.0,0.9
202211100110,24.0,0.9
202211100120,346.0,0.9
202211100125,348.0,0.9
202211100130,346.0,0.9
202211100135,353.0,0.9
202211100140,13.0,0.9
202211100145,349.0,0.9
202211100150,6.0,0.9
202211100155,6.0,0.9
202211100200,10.0,0.9
202211100210,346.0,0.9
202211100220,349.0,0.9
202211100225,,0.0
202211100230,,0.0
202211100240,,0.0
202211100250,,0.0
202211100255,,0.0
202211100310,,0.0
202211100315,,0.0
202211100320,,0.0
202211100325,,0.0
202211100330,,0.0
202211100335,,0.0
202211100350,10.0,0.4
202211100355,,0.0
202211100400,,0.0
202211100410,345.0,0.9
202211100415,,0.0
202211100420,,0.0
202211100425,,0.0
202211100435,,0.0
202211100440,,0.0
202211100445,,0.0
202211100450,,0.0
202211100455,358.0,0.9
202211100510,8.0,0.9
202211100515,347.0,0.9
202211100520,20.0,0.9
202211100525,12.0,0.9
202211100530,8.0,0.9
202211100535,354.0,0.9
202211100540,4.0,0.9
202211100550,358.0,0.9
202211100555,25.0,0.4
202211100600,348.0,0.4
202211100610,,0.0
202211100620,24.0,0.4
202211100625,,0.0
202211100630,,0.0
202211100640,,0.0
202211100645,,0.0
202211100650,,0.0
202211100655,7.0,0.4
202211100700,351.0,0.4
202211100710,,0.0
202211100720,349.0,0.9
202211100725,24.0,0.9
202211100730,4.0,0.9
202211100735,12.0,0.4
202211100740,48.0,0.4
202211100745,,0.0
202211100750,,0.0
202211100800,,0.0
202211100815,,0.0
202211100825,,0.0
202211100830,,0.0
202211100835,,0.0
202211100840,,0.0
202211100845,,0.0
202211100850,,0.0
202211100855,,0.0
202211100900,,0.0
202211100910,9.0,0.4
202211100915,342.0,0.4
202211100925,,0.0
202211100930,,0.0
202211100935,345.0,0.4
202211100940,344.0,0.4
202211100945,,0.0
202211100950,,0.0
202211100955,345.0,0.9
202211101000,343.0,0.9
202211101010,334.0,0.9
202211101015,345.0,0.9
202211101020,26.0,0.9
202211101025,5.0,0.9
202211101030,21.0,0.9
202211101035,359.0,0.9
202211101040,354.0,0.9
202211101045,7.0,0.9
202211101050,94.0,0.9
202211101055,342.0,0.9
202211101110,14.0,0.9
202211101115,15.0,0.9
202211101120,25.0,0.9
202211101125,357.0,0.9
202211101130,29.0,0.9
202211101135,26.0,0.9
202211101140,357.0,0.9
202211101150,4.0,0.9
202211101155,,0.0
202211101210,356.0,0.9
202211101215,5.0,0.9
202211101220,354.0,0.9
202211101230,336.0,0.9
202211101240,356.0,0.9
202211101245,335.0,0.9
202211101250,349.0,0.9
202211101255,5.0,0.9
202211101300,310.0,0.9
202211101310,4.0,0.9
202211101315,356.0,0.9
202211101325,26.0,0.9
202211101330,356.0,0.9
202211101340,10.0,0.9
202211101350,340.0,0.4
202211101355,15.0,0.9
202211101400,12.0,0.9
202211101410,39.0,0.9
202211101415,8.0,0.9
202211101425,4.0,0.9
202211101430,340.0,0.9
202211101435,88.0,0.9
202211101445,24.0,0.9
202211101450,13.0,0.9
202211101455,8.0,0.9
202211101500,19.0,0.9
202211101515,0.0,0.9
202211101520,352.0,0.9
202211101525,22.0,0.9
202211101530,4.0,0.9
202211101540,2.0,0.9
202211101545,5.0,0.9
202211101550,1.0,0.9
202211101555,349.0,0.9
202211101600,347.0,0.9
202211101610,358.0,1.3
202211101615,13.0,0.9
202211101620,13.0,0.9
202211101625,330.0,0.9
202211101630,51.0,0.9
202211101635,7.0,0.9
202211101645,349.0,0.9
202211101650,23.0,0.9
202211101655,38.0,0.9
202211101700,26.0,0.9
202211101710,23.0,0.9
202211101715,20.0,0.9
202211101720,23.0,0.9
202211101725,355.0,0.4
202211101730,5.0,0.4
202211101735,346.0,0.4
202211101740,346.0,0.4
202211101745,,0.0
202211101750,,0.0
202211101755,5.0,0.4
202211101800,354.0,0.4
202211101815,47.0,0.9
202211101820,358.0,0.9
202211101825,,0.0
202211101830,,0.0
202211101840,354.0,0.9
202211101850,36.0,0.4
202211101855,,0.0
202211101900,,0.0
202211101910,15.0,0.4
202211101915,,0.0
202211101920,,0.0
202211101925,,0.0
202211101935,,0.0
202211101945,,0.0
202211101955,,0.0
202211102010,,0.0
202211102015,,0.0
202211102020,,0.0
202211102025,,0.0
202211102030,,0.0
202211102035,,0.0
202211102040,,0.0
202211102050,,0.0
202211102055,,0.0
202211102100,,0.0
202211102120,27.0,0.4
202211102125,2.0,0.4
202211102135,,0.0
202211102140,,0.0
202211102145,,0.0
202211102150,,0.0
202211102155,,0.0
202211102210,31.0,0.4
202211102215,,0.0
202211102220,,0.0
202211102225,3.0,0.4
202211102230,50.0,0.4
202211102235,,0.0
202211102240,,0.0
202211102245,38.0,0.4
202211102255,27.0,0.9
202211102300,24.0,0.9
202211102310,,0.0
202211102320,,0.0
202211102325,,0.0
202211102340,,0.0
202211102345,,0.0
202211102350,,0.0
202211102355,,0.0
202211110000,,0.0
202211110010,38.0,0.9
202211110015,45.0,0.4
202211110020,42.0,0.4
202211110025,15.0,0.4
202211110030,23.0,0.4
202211110035,74.0,0.4
202211110045,,0.0
202211110050,,0.0
202211110055,,0.0
202211110100,,0.0
202211110110,,0.0
202211110115,,0.0
202211110125,,0.0
202211110130,,0.0
202211110140,,0.0
202211110145,,0.0
202211110150,,0.0
202211110155,,0.0
202211110215,,0.0
202211110225,,0.0
202211110230,,0.0
202211110235,,0.0
202211110240,,0.0
202211110245,,0.0
202211110250,,0.0
202211110255,,0.0
202211110300,,0.0
202211110310,,0.0
202211110315,,0.0
202211110320,,0.0
202211110325,,0.0
202211110335,,0.0
202211110345,,0.0
202211110350,,0.0
202211110400,,0.0
202211110410,,0.0
202211110415,,0.0
202211110430,,0.0
202211110445,,0.0
202211110450,,0.0
202211110455,,0.0
202211110500,,0.0
202211110515,,0.0
202211110525,,0.0
202211110535,,0.0
202211110545,,0.0
202211110550,,0.0
202211110555,,0.0
202211110600,,0.0
202211110615,,0.0
202211110620,,0.0
202211110630,,0.0
202211110635,,0.0
202211110645,,0.0
202211110650,,0.0
202211110655,,0.0
202211110700,,0.0
202211110715,,0.0
202211110720,,0.0
202211110725,,0.0
202211110730,,0.0
202211110735,,0.0
202211110745,,0.0
202211110755,,0.0
202211110800,,0.0
202211110810,107.0,0.4
202211110815,103.0,0.4
202211110820,85.0,0.4
202211110825,87.0,0.4
202211110830,97.0,0.4
202211110835,79.0,0.9
202211110840,102.0,0.9
202211110845,104.0,0.9
202211110850,123.0,0.9
202211110855,85.0,0.9
202211110900,67.0,0.9
202211110915,113.0,0.9
202211110920,96.0,0.9
202211110925,100.0,0.9
202211110930,77.0,0.9
202211110935,117.0,0.9
202211110940,65.0,0.9
202211110945,107.0,0.9
202211110950,85.0,0.9
202211110955,123.0,0.9
202211111000,88.0,0.9
202211111015,71.0,0.9
202211111025,84.0,0.9
202211111030,74.0,0.9
202211111045,94.0,0.9
202211111050,44.0,0.9
202211111055,303.0,0.9
202211111100,61.0,0.9
202211111110,80.0,0.9
202211111115,109.0,1.3
202211111125,92.0,1.3
202211111130,111.0,1.3
202211111135,105.0,1.3
202211111140,120.0,1.3
202211111145,91.0,0.9
202211111150,100.0,0.9
202211111200,95.0,0.9
202211111210,112.0,1.3
202211111215,100.0,1.3
202211111220,113.0,1.3
202211111230,120.0,0.9
202211111235,132.0,0.9
202211111240,82.0,0.9
202211111255,199.0,1.3
202211111300,155.0,1.3
202211111310,171.0,1.3
202211111315,163.0,2.2
202211111320,175.0,2.2
202211111325,167.0,1.3
202211111330,159.0,1.3
202211111340,64.0,0.9
202211111345,163.0,0.9
202211111350,161.0,0.9
202211111355,128.0,1.3
202211111400,159.0,1.3
202211111410,126.0,1.3
202211111415,166.0,1.3
202211111420,119.0,1.3
202211111425,152.0,2.2
202211111445,165.0,1.3
202211111450,177.0,1.3
202211111455,179.0,2.2
202211111500,171.0,2.2
202211111510,173.0,2.2
202211111515,176.0,2.2
202211111520,142.0,2.2
202211111525,160.0,2.7
202211111530,174.0,2.7
202211111535,162.0,2.7
202211111545,169.0,2.2
202211111550,183.0,2.2
202211111555,172.0,2.2
202211111600,157.0,2.2
202211111610,183.0,2.2
202211111625,164.0,2.2
202211111630,164.0,2.2
202211111635,209.0,0.9
202211111640,147.0,0.9
202211111645,165.0,0.9
202211111650,169.0,0.9
202211111655,180.0,0.9
202211111700,138.0,0.9
202211111720,188.0,0.4
202211111725,,0.0
202211111730,,0.0
202211111735,172.0,0.9
202211111740,198.0,0.9
202211111750,214.0,1.3
202211111800,204.0,1.3
202211111810,198.0,2.2
202211111815,193.0,2.2
202211111820,179.0,2.2
202211111830,182.0,2.2
202211111835,191.0,2.2
202211111840,177.0,2.2
202211111845,221.0,2.2
202211111850,180.0,2.2
202211111855,186.0,0.9
202211111910,172.0,1.3
202211111915,164.0,1.3
202211111930,208.0,0.9
202211111935,205.0,2.2
202211111940,159.0,2.2
202211111945,182.0,2.2
202211111950,219.0,2.2
202211111955,201.0,1.3
202211112010,146.0,1.3
202211112020,182.0,2.2
202211112025,191.0,2.2
202211112030,181.0,2.2
202211112035,168.0,2.2
202211112045,171.0,2.2
202211112050,205.0,2.2
202211112055,200.0,2.2
202211112100,213.0,2.2
202211112110,207.0,2.2
202211112125,188.0,2.2
202211112130,201.0,2.2
202211112135,161.0,1.3
202211112140,206.0,1.3
202211112145,214.0,2.2
202211112150,202.0,2.2
202211112155,207.0,2.2
202211112200,215.0,2.2
202211112210,205.0,2.2
202211112220,191.0,2.7
202211112225,188.0,2.2
202211112230,217.0,2.2
202211112235,179.0,2.7
202211112240,213.0,2.7
202211112245,182.0,2.7
202211112310,205.0,2.2
202211112315,195.0,1.3
202211112320,204.0,1.3
202211112325,201.0,0.9
202211112330,214.0,0.9
202211112335,,0.0
202211112340,,0.0
202211112350,,0.0
202211120000,185.0,0.4
202211120010,,0.0
202211120015,,0.0
202211120030,205.0,0.9
202211120035,203.0,0.4
202211120040,185.0,0.4
202211120045,,0.0
202211120050,,0.0
202211120055,209.0,0.9
202211120110,214.0,0.9
202211120115,191.0,0.9
202211120120,200.0,0.9
202211120125,216.0,0.9
202211120130,212.0,0.9
202211120140,235.0,2.2
202211120145,195.0,2.2
202211120150,234.0,2.2
202211120155,217.0,2.2
202211120200,202.0,2.2
202211120210,199.0,1.3
202211120220,236.0,2.2
202211120225,231.0,1.3
202211120230,180.0,1.3
202211120240,216.0,0.9
202211120250,216.0,1.3
202211120300,208.0,0.9
202211120310,230.0,0.9
202211120315,205.0,0.9
202211120320,254.0,0.9
202211120325,207.0,0.9
202211120330,196.0,0.9
202211120335,192.0,0.4
202211120340,208.0,0.4
202211120345,200.0,0.4
202211120350,207.0,0.4
202211120355,233.0,0.9
202211120400,196.0,0.9
202211120410,216.0,0.4
202211120415,,0.0
202211120420,,0.0
202211120425,,0.0
202211120430,,0.0
202211120435,,0.0
202211120440,,0.0
202211120445,189.0,0.4
202211120450,216.0,0.4
202211120455,,0.0
202211120500,,0.0
202211120510,,0.0
202211120515,,0.0
202211120520,,0.0
202211120525,,0.0
202211120530,,0.0
202211120535,210.0,0.4
202211120540,218.0,0.4
202211120545,224.0,0.9
202211120550,180.0,0.9
202211120555,210.0,0.4
202211120600,219.0,0.4
202211120610,,0.0
202211120615,213.0,0.4
202211120630,,0.0
202211120635,,0.0
202211120645,201.0,0.4
202211120650,207.0,0.4
202211120655,213.0,0.4
202211120700,193.0,0.4
202211120710,219.0,0.9
202211120715,218.0,0.9
202211120720,216.0,0.9
202211120730,214.0,0.4
202211120735,,0.0
202211120740,,0.0
202211120750,,0.0
202211120755,,0.0
202211120800,,0.0
202211120815,,0.0
202211120820,,0.0
202211120830,,0.0
202211120835,,0.0
202211120840,,0.0
202211120845,,0.0
202211120850,,0.0
202211120900,,0.0
202211120910,,0.0
202211120920,,0.0
202211120925,197.0,0.4
202211120930,231.0,0.4
202211120935,,0.0
202211120940,,0.0
202211120950,,0.0
202211120955,,0.0
202211121000,,0.0
202211121010,,0.0
202211121015,,0.0
202211121025,,0.0
202211121030,,0.0
202211121035,,0.0
202211121040,,0.0
202211121045,,0.0
202211121050,,0.0
202211121055,,0.0
202211121100,,0.0
202211121110,,0.0
202211121115,,0.0
202211121125,,0.0
202211121130,,0.0
202211121135,,0.0
202211121140,,0.0
202211121145,,0.0
202211121150,,0.0
202211121200,,0.0
202211121210,,0.0
202211121215,,0.0
202211121220,,0.0
202211121225,,0.0
202211121230,,0.0
202211121240,,0.0
202211121245,,0.0
202211121250,,0.0
202211121255,225.0,0.4
202211121300,218.0,0.4
202211121310,215.0,0.4
202211121315,216.0,0.9
202211121320,222.0,0.9
202211121325,225.0,0.4
202211121330,218.0,0.4
202211121335,197.0,0.9
202211121340,239.0,0.9
202211121345,203.0,0.9
202211121355,,0.0
202211121400,,0.0
202211121410,229.0,0.9
202211121420,,0.0
202211121425,205.0,0.9
202211121430,198.0,0.9
202211121435,217.0,0.4
202211121440,219.0,0.4
202211121445,235.0,0.4
202211121455,241.0,0.4
202211121515,206.0,0.9
202211121520,311.0,0.9
202211121535,262.0,0.9
202211121540,291.0,0.9
202211121550,,0.0
202211121600,217.0,0.9
202211121610,213.0,0.9
202211121625,196.0,0.9
202211121635,198.0,0.9
202211121640,215.0,0.9
202211121650,,0.0
202211121655,,0.0
202211121700,,0.0
202211121715,307.0,0.9
202211121720,240.0,0.9
202211121725,291.0,0.9
202211121730,204.0,0.9
202211121735,208.0,0.4
202211121740,241.0,0.4
202211121745,,0.0
202211121750,,0.0
202211121755,,0.0
202211121810,334.0,0.9
202211121815,,0.0
202211121820,,0.0
202211121825,269.0,2.2
202211121830,198.0,2.2
202211121835,161.0,1.3
202211121840,216.0,1.3
202211121845,184.0,1.3
202211121855,208.0,2.7
202211121900,207.0,2.7
202211121910,204.0,2.2
202211121920,214.0,2.2
202211121925,198.0,0.9
202211121940,262.0,2.2
202211121950,161.0,0.9
202211121955,196.0,0.9
202211122000,209.0,0.9
202211122010,227.0,1.3
202211122015,226.0,0.9
202211122020,192.0,0.9
202211122025,189.0,0.9
202211122030,214.0,0.9
202211122035,247.0,1.3
202211122040,188.0,1.3
202211122045,252.0,0.9
202211122050,213.0,0.9
202211122100,220.0,0.9
202211122115,220.0,2.2
202211122125,230.0,2.2
202211122130,209.0,2.2
202211122135,225.0,2.2
202211122140,194.0,2.2
202211122145,233.0,1.3
202211122150,193.0,1.3
202211122155,189.0,0.9
202211122200,137.0,0.9
202211122210,236.0,1.3
202211122215,234.0,0.9
202211122225,206.0,0.9
202211122230,199.0,0.9
202211122240,209.0,2.2
202211122245,316.0,1.3
202211122250,324.0,1.3
202211122255,212.0,1.3
202211122300,217.0,1.3
202211122310,225.0,0.9
202211122320,313.0,0.9
202211122325,,0.0
202211122330,,0.0
202211122335,,0.0
202211122345,,0.0
202211122355,,0.0
202211130010,,0.0
202211130020,,0.0
202211130025,,0.0
202211130030,,0.0
202211130035,,0.0
202211130040,,0.0
202211130050,,0.0
202211130100,,0.0
202211130110,,0.0
202211130115,,0.0
202211130120,,0.0
202211130125,,0.0
202211130135,,0.0
202211130140,,0.0
202211130150,343.0,0.4
202211130155,,0.0
202211130200,,0.0
202211130210,,0.0
202211130215,,0.0
202211130220,,0.0
202211130225,,0.0
202211130230,,0.0
202211130235,332.0,0.9
202211130240,325.0,0.9
202211130245,333.0,0.4
202211130300,299.0,0.9
202211130310,337.0,0.9
202211130315,306.0,0.9
202211130325,306.0,0.9
202211130330,339.0,0.9
202211130335,334.0,0.9
202211130340,323.0,0.9
202211130350,329.0,2.2
202211130355,336.0,2.2
202211130400,308.0,2.2
202211130410,336.0,1.3
202211130415,328.0,0.9
202211130425,326.0,1.3
202211130430,332.0,1.3
202211130440,326.0,2.2
202211130450,292.0,2.2
202211130455,344.0,1.3
202211130500,295.0,1.3
202211130515,329.0,1.3
202211130520,325.0,1.3
202211130525,334.0,2.2
202211130530,326.0,2.2
202211130535,321.0,2.2
202211130540,335.0,2.2
202211130545,349.0,2.2
202211130550,336.0,2.2
202211130555,347.0,2.2
202211130600,350.0,2.2
202211130610,321.0,1.3
202211130615,307.0,2.2
202211130620,307.0,2.2
202211130625,317.0,1.3
202211130635,326.0,1.3
202211130650,303.0,2.2
202211130655,345.0,0.9
202211130700,308.0,0.9
202211130710,318.0,0.9
202211130715,298.0,0.9
202211130720,322.0,0.9
202211130725,300.0,0.9
202211130735,302.0,0.9
202211130740,303.0,0.9
202211130745,312.0,0.9
202211130750,320.0,0.9
202211130755,305.0,0.9
202211130800,301.0,0.9
202211130810,319.0,0.9
202211130820,310.0,0.9
202211130825,295.0,0.9
202211130830,338.0,0.9
202211130835,326.0,0.9
202211130840,268.0,0.9
202211130845,324.0,0.4
202211130850,334.0,0.4
202211130855,340.0,0.9
202211130900,325.0,0.9
202211130910,348.0,0.9
202211130920,299.0,0.9
202211130925,334.0,1.3
202211130930,334.0,1.3
202211130940,322.0,0.9
202211130945,314.0,0.9
202211130950,320.0,0.9
202211130955,335.0,0.9
202211131000,316.0,0.9
202211131010,326.0,0.9
202211131015,332.0,0.9
202211131020,322.0,0.9
202211131025,313.0,0.9
202211131030,319.0,0.9
202211131035,,0.0
202211131040,,0.0
202211131045,331.0,0.9
202211131050,318.0,0.9
202211131055,321.0,0.9
202211131100,306.0,0.9
202211131110,295.0,0.9
202211131115,325.0,0.9
202211131120,312.0,0.9
202211131125,308.0,0.4
202211131130,312.0,0.4
202211131135,,0.0
202211131140,,0.0
202211131145,,0.0
202211131200,,0.0
202211131210,,0.0
202211131215,326.0,0.9
202211131220,322.0,0.9
202211131225,338.0,0.9
202211131230,330.0,0.9
202211131240,318.0,1.3
202211131245,333.0,1.3
202211131250,311.0,1.3
202211131255,346.0,1.3
202211131300,322.0,1.3
202211131315,332.0,1.3
202211131330,352.0,0.9
202211131335,308.0,1.3
202211131340,325.0,1.3
202211131345,328.0,0.9
202211131350,303.0,0.9
202211131355,325.0,0.9
202211131400,324.0,0.9
202211131410,358.0,0.9
202211131420,8.0,0.9
202211131425,327.0,1.3
202211131435,359.0,2.2
202211131450,330.0,0.9
202211131500,353.0,0.9
202211131510,352.0,0.9
202211131515,329.0,0.9
202211131520,343.0,0.9
202211131530,331.0,0.9
202211131535,329.0,0.9
202211131540,353.0,0.9
202211131545,302.0,1.3
202211131550,347.0,1.3
202211131555,320.0,0.9
202211131600,354.0,0.9
202211131620,327.0,0.9
202211131640,350.0,1.3
202211131650,348.0,2.2
202211131655,314.0,0.9
202211131715,331.0,2.2
202211131725,283.0,2.2
202211131730,277.0,2.2
202211131740,343.0,0.9
202211131745,324.0,2.2
202211131750,314.0,2.2
202211131755,310.0,1.3
202211131810,343.0,0.9
202211131815,328.0,1.3
202211131825,291.0,2.2
202211131830,345.0,2.2
202211131835,303.0,0.9
202211131840,324.0,0.9
202211131850,345.0,0.9
202211131900,354.0,1.3
202211131910,333.0,1.3
202211131920,336.0,1.3
202211131925,305.0,0.9
202211131940,335.0,0.9
202211131945,312.0,0.9
202211131950,316.0,0.9
202211131955,7.0,1.3
202211132010,349.0,0.4
202211132015,311.0,0.4
202211132020,319.0,0.4
202211132025,6.0,0.9
202211132030,322.0,0.9
202211132035,6.0,1.3
202211132045,331.0,1.3
202211132050,26.0,1.3
202211132100,327.0,1.3
202211132110,335.0,2.2
202211132115,1.0,0.9
202211132120,358.0,0.9
202211132130,327.0,0.9
202211132135,17.0,0.9
202211132140,351.0,0.9
202211132150,,0.0
202211132155,10.0,0.9
202211132200,344.0,0.9
202211132210,,0.0
202211132215,,0.0
202211132220,,0.0
202211132235,,0.0
202211132245,,0.0
202211132250,,0.0
202211132255,,0.0
202211132300,,0.0
202211132310,,0.0
202211132315,,0.0
202211132320,,0.0
202211132330,,0.0
202211132335,,0.0
202211132340,,0.0
202211132345,,0.0
202211132350,,0.0
202211132355,,0.0
202211140000,,0.0
202211140015,,0.0
202211140020,,0.0
202211140025,,0.0
202211140030,,0.0
202211140035,,0.0
202211140040,,0.0
202211140045,,0.0
202211140050,,0.0
202211140055,,0.0
202211140100,,0.0
202211140110,,0.0
202211140120,,0.0
202211140125,,0.0
202211140130,,0.0
202211140135,,0.0
202211140140,,0.0
202211140145,,0.0
202211140150,,0.0
202211140155,,0.0
202211140200,,0.0
202211140210,,0.0
202211140215,,0.0
202211140220,,0.0
202211140225,,0.0
202211140230,,0.0
202211140235,,0.0
202211140240,,0.0
202211140245,,0.0
202211140300,,0.0
202211140310,,0.0
202211140315,,0.0
202211140320,,0.0
202211140325,,0.0
202211140330,,0.0
202211140335,,0.0
202211140345,,0.0
202211140350,,0.0
202211140355,,0.0
202211140410,,0.0
202211140415,,0.0
202211140420,,0.0
202211140425,,0.0
202211140430,,0.0
202211140435,,0.0
202211140440,,0.0
202211140450,,0.0
202211140455,,0.0
202211140510,,0.0
202211140515,,0.0
202211140520,,0.0
202211140530,,0.0
202211140535,,0.0
202211140540,,0.0
202211140545,,0.0
202211140550,,0.0
202211140555,,0.0
202211140600,,0.0
202211140610,,0.0
202211140615,,0.0
202211140620,,0.0
202211140625,,0.0
202211140630,,0.0
202211140640,,0.0
202211140650,,0.0
202211140655,,0.0
202211140700,,0.0
202211140710,,0.0
202211140715,,0.0
202211140720,,0.0
202211140725,,0.0
202211140730,,0.0
202211140735,,0.0
202211140740,,0.0
202211140745,,0.0
202211140750,,0.0
202211140755,,0.0
202211140800,,0.0
202211140815,,0.0
202211140820,,0.0
202211140835,,0.0
202211140845,,0.0
202211140855,,0.0
202211140900,,0.0
202211140910,,0.0
202211140915,,0.0
202211140920,,0.0
202211140925,,0.0
202211140930,,0.0
202211140935,,0.0
202211140940,,0.0
202211140950,,0.0
202211141000,,0.0
202211141010,,0.0
202211141015,,0.0
202211141020,,0.0
202211141030,,0.0
202211141035,,0.0
202211141040,,0.0
202211141045,,0.0
202211141050,,0.0
202211141055,,0.0
202211141110,,0.0
202211141120,,0.0
202211141130,,0.0
202211141135,,0.0
202211141140,,0.0
202211141145,,0.0
202211141150,,0.0
202211141155,,0.0
202211141200,,0.0
202211141210,,0.0
202211141215,,0.0
202211141220,,0.0
202211141230,,0.0
202211141235,,0.0
202211141240,,0.0
202211141245,,0.0
202211141250,,0.0
202211141255,,0.0
202211141300,,0.0
202211141310,,0.0
202211141315,,0.0
202211141320,,0.0
202211141325,353.0,0.9
202211141330,6.0,0.9
202211141335,,0.0
202211141350,,0.0
202211141355,,0.0
202211141400,,0.0
202211141410,330.0,0.9
202211141415,342.0,0.9
202211141420,357.0,0.9
202211141430,26.0,0.9
202211141435,336.0,0.9
202211141440,351.0,0.9
202211141450,350.0,0.9
202211141510,1.0,0.9
202211141520,42.0,0.9
202211141525,214.0,0.9
202211141530,4.0,0.9
202211141535,327.0,0.9
202211141540,0.0,0.9
202211141545,49.0,0.9
202211141550,49.0,0.9
202211141555,,0.0
202211141600,,0.0
202211141610,,0.0
202211141620,340.0,0.9
202211141625,338.0,0.9
202211141630,13.0,0.9
202211141635,358.0,0.4
202211141640,30.0,0.4
202211141645,347.0,0.4
202211141650,347.0,0.4
202211141700,2.0,0.4
202211141710,59.0,0.4
202211141715,351.0,0.9
202211141720,0.0,0.9
202211141725,9.0,0.4
202211141730,335.0,0.4
202211141735,,0.0
202211141745,,0.0
202211141750,,0.0
202211141755,351.0,0.9
202211141800,356.0,0.9
202211141810,321.0,0.9
202211141815,26.0,0.4
202211141820,339.0,0.4
202211141825,,0.0
202211141835,59.0,0.4
202211141845,,0.0
202211141850,,0.0
202211141855,,0.0
202211141900,,0.0
202211141910,28.0,0.4
202211141915,344.0,0.4
202211141920,316.0,0.4
202211141930,,0.0
202211141935,,0.0
202211141940,,0.0
202211141945,,0.0
202211141950,,0.0
202211141955,53.0,0.9
202211142000,335.0,0.9
202211142010,,0.0
202211142015,,0.0
202211142025,,0.0
202211142030,,0.0
202211142035,,0.0
202211142040,,0.0
202211142045,339.0,0.4
202211142050,308.0,0.4
202211142055,,0.0
202211142100,,0.0
202211142115,,0.0
202211142120,,0.0
202211142125,,0.0
202211142130,,0.0
202211142135,357.0,0.4
202211142140,343.0,0.4
202211142145,26.0,0.9
202211142150,64.0,0.9
202211142155,,0.0
202211142200,,0.0
202211142210,,0.0
202211142220,,0.0
202211142225,,0.0
202211142230,,0.0
202211142235,,0.0
202211142240,,0.0
202211142250,,0.0
202211142255,,0.0
202211142310,,0.0
202211142315,,0.0
202211142320,,0.0
202211142325,,0.0
202211142330,,0.0
202211142335,,0.0
202211142340,,0.0
202211142345,,0.0
202211142350,,0.0
202211142355,,0.0
202211150000,,0.0
202211150010,,0.0
202211150020,,0.0
202211150025,,0.0
202211150030,,0.0
202211150035,,0.0
202211150040,,0.0
202211150045,,0.0
202211150050,,0.0
202211150055,,0.0
202211150100,,0.0
202211150110,,0.0
202211150115,,0.0
202211150120,,0.0
202211150125,,0.0
202211150130,,0.0
202211150135,,0.0
202211150140,,0.0
202211150150,,0.0
202211150155,,0.0
202211150200,,0.0
202211150210,,0.0
202211150220,,0.0
202211150225,,0.0
202211150230,,0.0
202211150245,,0.0
202211150250,,0.0
202211150300,,0.0
202211150310,,0.0
202211150315,,0.0
202211150320,,0.0
202211150325,,0.0
202211150330,,0.0
202211150335,,0.0
202211150340,,0.0
202211150350,,0.0
202211150355,,0.0
202211150410,,0.0
202211150415,,0.0
202211150420,,0.0
202211150430,,0.0
202211150435,,0.0
202211150440,,0.0
202211150445,,0.0
202211150450,,0.0
202211150455,,0.0
202211150500,,0.0
202211150510,,0.0
202211150515,,0.0
202211150520,,0.0
202211150525,,0.0
202211150530,,0.0
202211150545,,0.0
202211150550,,0.0
202211150555,,0.0
202211150600,,0.0
202211150610,,0.0
202211150615,,0.0
202211150620,,0.0
202211150635,,0.0
202211150640,,0.0
202211150645,,0.0
202211150650,,0.0
202211150700,,0.0
202211150710,,0.0
202211150715,,0.0
202211150720,,0.0
202211150725,,0.0
202211150730,,0.0
202211150735,,0.0
202211150740,,0.0
202211150745,,0.0
202211150750,,0.0
202211150755,,0.0
202211150800,,0.0
202211150810,,0.0
202211150815,,0.0
202211150820,,0.0
202211150830,,0.0
202211150835,,0.0
202211150840,,0.0
202211150845,,0.0
202211150850,,0.0
202211150855,,0.0
202211150900,,0.0
202211150910,,0.0
202211150915,,0.0
202211150930,,0.0
202211150940,,0.0
202211150945,,0.0
202211150950,,0.0
202211150955,,0.0
202211151010,,0.0
202211151015,,0.0
202211151020,,0.0
202211151025,,0.0
202211151030,,0.0
202211151040,,0.0
202211151050,,0.0
202211151055,,0.0
202211151110,,0.0
202211151120,,0.0
202211151125,,0.0
202211151130,,0.0
202211151135,,0.0
202211151140,,0.0
202211151145,,0.0
202211151150,,0.0
202211151210,,0.0
202211151215,,0.0
202211151220,,0.0
202211151225,,0.0
202211151230,,0.0
202211151235,,0.0
202211151240,,0.0
202211151250,,0.0
202211151255,,0.0
202211151300,,0.0
202211151310,,0.0
202211151315,,0.0
202211151320,,0.0
202211151325,,0.0
202211151330,,0.0
202211151335,,0.0
202211151340,,0.0
202211151345,,0.0
202211151350,,0.0
202211151355,,0.0
202211151400,,0.0
202211151410,,0.0
202211151415,,0.0
202211151420,,0.0
202211151425,,0.0
202211151430,,0.0
202211151435,,0.0
202211151440,,0.0
202211151445,,0.0
202211151450,,0.0
202211151455,,0.0
202211151500,,0.0
202211151510,,0.0
202211151515,,0.0
202211151530,,0.0
202211151535,,0.0
202211151545,,0.0
202211151550,,0.0
202211151555,,0.0
202211151600,,0.0
202211151610,,0.0
202211151615,,0.0
202211151620,,0.0
202211151630,,0.0
202211151640,,0.0
202211151645,,0.0
202211151650,,0.0
202211151655,,0.0
202211151700,,0.0
202211151710,,0.0
202211151715,,0.0
202211151720,,0.0
202211151725,,0.0
202211151730,,0.0
202211151735,,0.0
202211151740,,0.0
202211151745,,0.0
202211151750,,0.0
202211151755,,0.0
202211151800,,0.0
202211151810,,0.0
202211151815,,0.0
202211151820,,0.0
202211151825,,0.0
202211151830,,0.0
202211151835,,0.0
202211151840,,0.0
202211151845,,0.0
202211151855,,0.0
202211151900,,0.0
202211151910,,0.0
202211151925,,0.0
202211151930,,0.0
202211151935,,0.0
202211151945,,0.0
202211151950,,0.0
202211151955,,0.0
202211152010,,0.0
202211152020,,0.0
202211152025,,0.0
202211152030,,0.0
202211152035,,0.0
202211152040,,0.0
202211152045,,0.0
202211152050,,0.0
202211152055,,0.0
202211152110,,0.0
202211152115,,0.0
202211152120,,0.0
202211152125,,0.0
202211152130,,0.0
202211152135,,0.0
202211152140,,0.0
202211152150,,0.0
202211152155,,0.0
202211152200,,0.0
202211152215,,0.0
202211152220,,0.0
202211152225,,0.0
202211152230,,0.0
202211152235,,0.0
202211152240,,0.0
202211152245,,0.0
202211152250,,0.0
202211152255,,0.0
202211152300,,0.0
202211152310,,0.0
202211152315,341.0,0.9
202211152320,349.0,0.9
202211152330,328.0,0.9
202211152335,346.0,0.9
202211152340,326.0,0.9
202211152345,339.0,1.3
202211152355,,0.0
202211160010,,0.0
202211160015,0.0,0.4
202211160020,347.0,0.4
202211160030,348.0,0.4
202211160035,,0.0
202211160045,,0.0
202211160050,,0.0
202211160055,,0.0
202211160100,,0.0
202211160110,,0.0
202211160115,,0.0
202211160120,,0.0
202211160125,,0.0
202211160130,,0.0
202211160140,,0.0
202211160145,,0.0
202211160150,,0.0
202211160155,,0.0
202211160200,,0.0
202211160210,,0.0
202211160225,,0.0
202211160235,,0.0
202211160240,,0.0
202211160245,,0.0
202211160250,,0.0
202211160300,,0.0
202211160310,,0.0
202211160315,,0.0
202211160320,,0.0
202211160330,,0.0
202211160335,,0.0
202211160340,,0.0
202211160345,,0.0
202211160350,,0.0
202211160355,,0.0
202211160400,,0.0
202211160415,,0.0
202211160425,,0.0
202211160430,,0.0
202211160435,,0.0
202211160440,,0.0
202211160445,,0.0
202211160450,,0.0
202211160455,,0.0
202211160500,,0.0
202211160520,,0.0
202211160525,,0.0
202211160535,,0.0
202211160540,,0.0
202211160545,,0.0
202211160555,,0.0
202211160600,,0.0
202211160620,,0.0
202211160625,,0.0
202211160630,,0.0
202211160635,,0.0
202211160640,,0.0
202211160645,,0.0
202211160650,,0.0
202211160700,,0.0
202211160715,,0.0
202211160720,,0.0
202211160725,,0.0
202211160730,,0.0
202211160735,,0.0
202211160740,,0.0
202211160755,,0.0
202211160800,,0.0
202211160810,,0.0
202211160815,,0.0
202211160820,,0.0
202211160830,,0.0
202211160835,,0.0
202211160850,,0.0
202211160855,,0.0
202211160900,,0.0
202211160910,,0.0
202211160915,,0.0
202211160925,,0.0
202211160930,,0.0
202211160935,,0.0
202211160940,,0.0
202211160945,,0.0
202211160950,,0.0
202211160955,,0.0
202211161000,,0.0
202211161010,,0.0
202211161020,,0.0
202211161025,,0.0
202211161030,,0.0
202211161035,,0.0
202211161040,,0.0
202211161045,,0.0
202211161050,,0.0
202211161055,318.0,0.4
202211161100,331.0,0.4
202211161110,,0.0
202211161115,,0.0
202211161120,,0.0
202211161125,,0.0
202211161130,,0.0
202211161140,,0.0
202211161145,,0.0
202211161150,,0.0
202211161155,,0.0
202211161200,,0.0
202211161210,,0.0
202211161225,,0.0
202211161230,,0.0
202211161235,,0.0
202211161240,,0.0
202211161245,,0.0
202211161250,,0.0
202211161255,,0.0
202211161310,,0.0
202211161320,,0.0
202211161325,,0.0
202211161330,,0.0
202211161335,,0.0
202211161340,,0.0
202211161345,,0.0
202211161350,,0.0
202211161355,,0.0
202211161400,,0.0
202211161410,,0.0
202211161420,,0.0
202211161430,,0.0
202211161435,,0.0
202211161455,,0.0
202211161500,,0.0
202211161515,284.0,0.4
202211161520,318.0,0.4
202211161525,,0.0
202211161530,,0.0
202211161535,,0.0
202211161540,,0.0
202211161545,,0.0
202211161555,,0.0
202211161600,,0.0
202211161610,,0.0
202211161615,,0.0
202211161625,,0.0
202211161630,,0.0
202211161640,,0.0
202211161650,,0.0
202211161655,,0.0
202211161700,,0.0
202211161710,,0.0
202211161715,,0.0
202211161720,,0.0
202211161725,,0.0
202211161730,,0.0
202211161740,,0.0
202211161745,,0.0
202211161750,,0.0
202211161755,,0.0
202211161800,,0.0
202211161820,,0.0
202211161825,,0.0
202211161830,,0.0
202211161840,,0.0
202211161845,,0.0
202211161850,,0.0
202211161855,,0.0
202211161900,,0.0
202211161910,319.0,0.4
202211161915,357.0,0.4
202211161920,334.0,0.4
202211161925,,0.0
202211161930,,0.0
202211161935,,0.0
202211161940,,0.0
202211161945,,0.0
202211161950,,0.0
202211161955,,0.0
202211162000,,0.0
202211162010,,0.0
202211162020,,0.0
202211162025,,0.0
202211162030,,0.0
202211162035,339.0,0.9
202211162040,343.0,0.9
202211162045,302.0,2.2
202211162050,330.0,2.2
202211162055,292.0,0.9
202211162100,313.0,0.9
202211162110,331.0,0.9
202211162115,349.0,0.4
202211162120,318.0,0.4
202211162125,291.0,0.9
202211162130,286.0,0.9
202211162135,,0.0
202211162140,,0.0
202211162145,,0.0
202211162150,,0.0
202211162200,,0.0
202211162210,,0.0
202211162215,,0.0
202211162220,,0.0
202211162225,,0.0
202211162230,,0.0
202211162235,,0.0
202211162240,,0.0
202211162255,301.0,0.4
202211162300,319.0,0.4
202211162310,294.0,0.9
202211162315,,0.0
202211162320,,0.0
202211162325,,0.0
202211162335,,0.0
202211162345,,0.0
202211162355,,0.0
202211170000,,0.0
202211170010,,0.0
202211170015,,0.0
202211170025,,0.0
202211170030,,0.0
202211170035,321.0,0.4
202211170040,288.0,0.4
202211170045,,0.0
202211170050,,0.0
202211170055,302.0,0.9
202211170100,337.0,0.9
202211170110,280.0,1.3
202211170115,311.0,0.4
202211170120,324.0,0.4
202211170125,327.0,0.9
202211170130,325.0,0.9
202211170135,304.0,0.4
202211170145,340.0,0.9
202211170150,349.0,0.9
202211170200,312.0,0.9
202211170210,267.0,0.4
202211170215,341.0,0.4
202211170225,5.0,0.9
202211170230,327.0,0.9
202211170235,,0.0
202211170240,,0.0
202211170245,,0.0
202211170250,,0.0
202211170255,,0.0
202211170310,,0.0
202211170315,,0.0
202211170325,,0.0
202211170330,,0.0
202211170335,,0.0
202211170340,,0.0
202211170345,329.0,0.9
202211170350,293.0,0.9
202211170355,281.0,0.9
202211170400,313.0,0.9
202211170410,321.0,0.9
202211170415,328.0,0.4
202211170420,304.0,0.4
202211170425,326.0,0.9
202211170430,332.0,0.9
202211170435,329.0,1.3
202211170440,332.0,1.3
202211170445,339.0,0.9
202211170450,339.0,0.9
202211170500,328.0,2.2
202211170520,340.0,2.2
202211170525,333.0,1.3
202211170530,323.0,1.3
202211170535,321.0,1.3
202211170545,327.0,0.9
202211170555,332.0,0.9
202211170600,313.0,0.9
202211170610,309.0,0.9
202211170615,301.0,0.4
202211170625,309.0,0.4
202211170630,324.0,0.4
202211170635,343.0,1.3
202211170640,340.0,1.3
202211170645,306.0,0.9
202211170655,326.0,1.3
202211170710,309.0,1.3
202211170715,342.0,0.9
202211170725,328.0,2.2
202211170730,311.0,2.2
202211170735,331.0,1.3
202211170740,317.0,1.3
202211170745,333.0,2.2
202211170750,340.0,2.2
202211170800,324.0,1.3
202211170810,293.0,0.9
202211170815,284.0,0.9
202211170820,326.0,0.9
202211170825,311.0,0.4
202211170830,309.0,0.4
202211170845,,0.0
202211170850,,0.0
202211170855,,0.0
202211170900,,0.0
202211170910,,0.0
202211170920,,0.0
202211170925,,0.0
202211170950,,0.0
202211170955,,0.0
202211171000,,0.0
202211171010,,0.0
202211171015,,0.0
202211171020,,0.0
202211171025,,0.0
202211171030,,0.0
202211171035,,0.0
202211171040,,0.0
202211171050,,0.0
202211171100,,0.0
202211171110,,0.0
202211171115,,0.0
202211171125,,0.0
202211171130,,0.0
202211171135,,0.0
202211171140,,0.0
202211171150,,0.0
202211171200,,0.0
202211171210,,0.0
202211171215,,0.0
202211171220,,0.0
202211171225,,0.0
202211171230,,0.0
202211171235,,0.0
202211171240,,0.0
202211171245,,0.0
202211171250,,0.0
202211171255,,0.0
202211171310,219.0,0.4
202211171315,,0.0
202211171320,,0.0
202211171325,,0.0
202211171330,,0.0
202211171335,,0.0
202211171340,,0.0
202211171345,283.0,0.9
202211171355,323.0,0.4
202211171400,317.0,0.4
202211171410,,0.0
202211171415,,0.0
202211171425,,0.0
202211171430,,0.0
202211171440,,0.0
202211171450,346.0,0.4
202211171500,334.0,0.9
202211171510,,0.0
202211171515,323.0,0.9
202211171520,21.0,0.9
202211171525,11.0,0.9
202211171530,304.0,0.9
202211171535,206.0,0.4
202211171545,,0.0
202211171550,,0.0
202211171600,333.0,0.4
202211171610,274.0,0.9
202211171615,209.0,0.4
202211171620,17.0,0.4
202211171625,356.0,0.9
202211171630,130.0,0.9
202211171635,216.0,0.9
202211171650,355.0,0.9
202211171655,,0.0
202211171700,,0.0
202211171710,,0.0
202211171715,,0.0
202211171725,315.0,0.4
202211171730,327.0,0.4
202211171735,,0.0
202211171750,8.0,0.9
202211171755,347.0,0.4
202211171800,348.0,0.4
202211171815,315.0,0.9
202211171820,277.0,0.9
202211171825,357.0,0.4
202211171830,287.0,0.4
202211171835,336.0,0.4
202211171840,227.0,0.4
202211171845,5.0,0.9
202211171850,343.0,0.9
202211171855,334.0,0.9
202211171915,351.0,0.9
202211171920,344.0,0.9
202211171925,7.0,0.9
202211171930,271.0,0.9
202211171935,341.0,0.9
202211171940,330.0,0.9
202211171945,318.0,0.4
202211171950,22.0,0.4
202211171955,163.0,0.4
202211172000,213.0,0.4
202211172010,180.0,0.9
202211172015,274.0,0.9
202211172020,324.0,0.9
202211172025,,0.0
202211172030,,0.0
202211172035,,0.0
202211172040,,0.0
202211172045,,0.0
202211172050,,0.0
202211172055,326.0,0.9
202211172115,324.0,0.9
202211172120,2.0,0.9
202211172125,,0.0
202211172130,,0.0
202211172135,,0.0
202211172140,,0.0
202211172145,335.0,0.4
202211172150,347.0,0.4
202211172155,333.0,0.9
202211172200,322.0,0.9
202211172210,338.0,0.4
202211172220,316.0,0.9
202211172225,327.0,0.4
202211172230,316.0,0.4
202211172235,,0.0
202211172245,,0.0
202211172250,,0.0
202211172300,,0.0
202211172310,,0.0
202211172315,,0.0
202211172320,,0.0
202211172335,,0.0
202211172340,,0.0
202211172345,,0.0
202211172350,,0.0
202211172355,,0.0
202211180000,,0.0
202211180010,,0.0
202211180015,,0.0
202211180020,,0.0
202211180025,,0.0
202211180030,,0.0
202211180035,,0.0
202211180045,,0.0
202211180050,,0.0
202211180100,,0.0
202211180110,,0.0
202211180115,,0.0
202211180120,,0.0
202211180125,,0.0
202211180135,,0.0
202211180140,,0.0
202211180145,,0.0
202211180155,,0.0
202211180200,,0.0
202211180210,,0.0
202211180215,,0.0
202211180230,,0.0
202211180245,,0.0
202211180250,,0.0
202211180255,,0.0
202211180300,,0.0
202211180310,,0.0
202211180315,,0.0
202211180320,,0.0
202211180325,,0.0
202211180330,,0.0
202211180335,,0.0
202211180340,,0.0
202211180345,,0.0
202211180350,,0.0
202211180400,,0.0
202211180410,,0.0
202211180415,,0.0
202211180420,,0.0
202211180425,,0.0
202211180430,,0.0
202211180435,,0.0
202211180440,,0.0
202211180445,,0.0
202211180450,,0.0
202211180455,,0.0
202211180510,,0.0
202211180515,,0.0
202211180530,,0.0
202211180535,,0.0
202211180545,,0.0
202211180555,,0.0
202211180600,,0.0
202211180615,,0.0
202211180620,,0.0
202211180625,,0.0
202211180630,,0.0
202211180635,,0.0
202211180640,,0.0
202211180650,,0.0
202211180655,,0.0
202211180700,,0.0
202211180710,,0.0
202211180715,,0.0
202211180720,,0.0
202211180725,,0.0
202211180730,,0.0
202211180735,,0.0
202211180740,,0.0
202211180745,,0.0
202211180750,,0.0
202211180755,,0.0
202211180800,,0.0
202211180810,,0.0
202211180815,,0.0
202211180820,,0.0
202211180825,,0.0
202211180830,,0.0
202211180835,,0.0
202211180840,,0.0
202211180855,,0.0
202211180900,,0.0
202211180910,,0.0
202211180925,,0.0
202211180930,,0.0
202211180935,,0.0
202211180940,,0.0
202211180950,,0.0
202211180955,,0.0
202211181000,,0.0
202211181010,,0.0
202211181015,,0.0
202211181020,,0.0
202211181025,,0.0
202211181030,,0.0
202211181040,,0.0
202211181045,,0.0
202211181050,,0.0
202211181100,,0.0
202211181115,,0.0
202211181120,,0.0
202211181125,,0.0
202211181135,,0.0
202211181140,,0.0
202211181145,,0.0
202211181150,,0.0
202211181200,,0.0
202211181210,,0.0
202211181220,,0.0
202211181225,,0.0
202211181230,,0.0
202211181235,,0.0
202211181240,,0.0
202211181245,,0.0
202211181250,,0.0
202211181310,,0.0
202211181315,,0.0
202211181320,,0.0
202211181325,,0.0
202211181335,,0.0
202211181340,,0.0
202211181345,,0.0
202211181350,,0.0
202211181355,,0.0
202211181400,,0.0
202211181415,,0.0
202211181425,,0.0
202211181430,,0.0
202211181435,,0.0
202211181440,,0.0
202211181445,,0.0
202211181455,,0.0
202211181510,,0.0
202211181515,,0.0
202211181530,,0.0
202211181535,,0.0
202211181540,,0.0
202211181545,,0.0
202211181550,,0.0
202211181555,,0.0
202211181600,,0.0
202211181615,,0.0
202211181620,,0.0
202211181630,,0.0
202211181635,,0.0
202211181640,,0.0
202211181650,,0.0
202211181710,342.0,0.4
202211181720,,0.0
202211181725,,0.0
202211181730,,0.0
202211181735,,0.0
202211181745,,0.0
202211181750,,0.0
202211181755,216.0,0.9
202211181800,87.0,0.9
202211181810,,0.0
202211181815,,0.0
202211181820,,0.0
202211181825,357.0,0.9
202211181830,354.0,0.9
202211181845,,0.0
202211181900,333.0,0.9
202211181920,,0.0
202211181925,302.0,0.4
202211181935,,0.0
202211181945,201.0,0.9
202211181950,241.0,0.9
202211182010,,0.0
202211182020,,0.0
202211182025,,0.0
202211182030,,0.0
202211182040,,0.0
202211182050,,0.0
202211182100,,0.0
202211182110,,0.0
202211182120,,0.0
202211182125,,0.0
202211182135,,0.0
202211182140,,0.0
202211182145,,0.0
202211182150,,0.0
202211182155,,0.0
202211182210,,0.0
202211182215,,0.0
202211182220,,0.0
202211182225,,0.0
202211182235,,0.0
202211182240,,0.0
202211182245,,0.0
202211182250,,0.0
202211182255,,0.0
202211182300,,0.0
202211182310,,0.0
202211182315,,0.0
202211182320,,0.0
202211182325,,0.0
202211182330,,0.0
202211182335,,0.0
202211182340,,0.0
202211182345,,0.0
202211182350,,0.0
202211182355,,0.0
202211190000,,0.0
202211190010,,0.0
202211190015,,0.0
202211190020,,0.0
202211190025,,0.0
202211190035,,0.0
202211190040,,0.0
202211190055,,0.0
202211190110,,0.0
202211190120,,0.0
202211190125,,0.0
202211190130,,0.0
202211190135,,0.0
202211190150,,0.0
202211190155,,0.0
202211190200,,0.0
202211190210,,0.0
202211190215,,0.0
202211190220,,0.0
202211190225,,0.0
202211190230,,0.0
202211190235,,0.0
202211190250,,0.0
202211190255,,0.0
202211190300,,0.0
202211190310,,0.0
202211190315,,0.0
202211190320,,0.0
202211190325,,0.0
202211190330,,0.0
202211190335,,0.0
202211190345,,0.0
202211190350,,0.0
202211190355,,0.0
202211190410,,0.0
202211190415,,0.0
202211190425,,0.0
202211190430,,0.0
202211190435,,0.0
202211190440,,0.0
202211190445,,0.0
202211190450,,0.0
202211190455,,0.0
202211190500,,0.0
202211190515,,0.0
202211190520,,0.0
202211190525,,0.0
202211190530,,0.0
202211190535,,0.0
202211190540,,0.0
202211190545,,0.0
202211190550,,0.0
202211190555,,0.0
202211190600,,0.0
202211190610,,0.0
202211190615,,0.0
202211190620,,0.0
202211190625,,0.0
202211190635,,0.0
202211190645,,0.0
202211190650,,0.0
202211190700,,0.0
202211190710,,0.0
202211190715,,0.0
202211190725,,0.0
202211190730,,0.0
202211190735,,0.0
202211190740,,0.0
202211190745,,0.0
202211190750,,0.0
202211190755,,0.0
202211190800,,0.0
202211190810,,0.0
202211190820,,0.0
202211190835,,0.0
202211190840,,0.0
202211190845,,0.0
202211190850,,0.0
202211190855,,0.0
202211190910,,0.0
202211190915,,0.0
202211190920,,0.0
202211190925,,0.0
202211190930,,0.0
202211190940,,0.0
202211190955,,0.0
202211191000,,0.0
202211191010,,0.0
202211191015,,0.0
202211191020,,0.0
202211191025,,0.0
202211191030,,0.0
202211191035,,0.0
202211191040,,0.0
202211191050,,0.0
202211191110,,0.0
202211191115,,0.0
202211191120,,0.0
202211191125,,0.0
202211191135,,0.0
202211191140,,0.0
202211191150,,0.0
202211191155,,0.0
202211191200,,0.0
202211191210,,0.0
202211191220,,0.0
202211191225,,0.0
202211191230,,0.0
202211191235,,0.0
202211191245,,0.0
202211191250,,0.0
202211191300,,0.0
202211191320,,0.0
202211191330,,0.0
202211191335,341.0,0.9
202211191340,339.0,0.9
202211191345,334.0,0.9
202211191350,332.0,0.9
202211191355,299.0,0.9
202211191400,328.0,0.9
202211191410,319.0,1.3
202211191430,325.0,2.2
202211191435,330.0,0.9
202211191440,328.0,0.9
202211191445,333.0,2.2
202211191450,258.0,2.2
202211191455,336.0,1.3
202211191500,333.0,1.3
202211191515,340.0,1.3
202211191520,322.0,1.3
202211191525,344.0,2.2
202211191530,343.0,2.2
202211191535,345.0,2.7
202211191540,305.0,2.7
202211191545,326.0,1.3
202211191550,327.0,1.3
202211191555,349.0,2.2
202211191600,345.0,2.2
202211191615,336.0,2.2
202211191620,341.0,2.2
202211191635,298.0,2.7
202211191640,337.0,2.7
202211191650,306.0,1.3
202211191655,255.0,0.9
202211191700,344.0,0.9
202211191710,340.0,0.9
202211191715,321.0,0.9
202211191720,320.0,0.9
202211191730,242.0,0.9
202211191740,334.0,0.9
202211191745,261.0,2.2
202211191750,322.0,2.2
202211191755,290.0,0.9
202211191800,224.0,0.9
202211191820,324.0,0.9
202211191825,245.0,0.9
202211191830,312.0,0.9
202211191835,274.0,0.9
202211191840,295.0,0.9
202211191845,208.0,0.9
202211191850,275.0,0.9
202211191910,309.0,0.9
202211191920,220.0,0.9
202211191925,211.0,0.9
202211191930,230.0,0.9
202211191935,293.0,0.9
202211191940,299.0,0.9
202211191945,314.0,0.9
202211191955,320.0,0.9
202211192015,203.0,0.9
202211192020,230.0,0.9
202211192025,304.0,1.3
202211192030,192.0,1.3
202211192035,242.0,0.9
202211192040,288.0,0.9
202211192045,239.0,2.2
202211192110,315.0,1.3
202211192115,205.0,0.9
202211192120,229.0,0.9
202211192125,164.0,0.9
202211192130,197.0,0.9
202211192135,193.0,0.9
202211192140,338.0,0.9
202211192145,,0.0
202211192155,,0.0
202211192200,,0.0
202211192210,246.0,0.4
202211192215,192.0,0.4
202211192220,217.0,0.4
202211192225,259.0,0.9
202211192240,,0.0
202211192245,,0.0
202211192250,,0.0
202211192255,,0.0
202211192300,,0.0
202211192310,,0.0
202211192315,,0.0
202211192320,,0.0
202211192325,,0.0
202211192330,,0.0
202211192335,,0.0
202211192340,,0.0
202211192345,,0.0
202211192350,,0.0
202211192355,,0.0
202211200000,,0.0
202211200010,,0.0
202211200015,,0.0
202211200020,,0.0
202211200030,,0.0
202211200035,,0.0
202211200040,,0.0
202211200045,280.0,0.4
202211200050,181.0,0.4
202211200055,216.0,0.4
202211200100,325.0,0.4
202211200110,,0.0
202211200115,,0.0
202211200120,,0.0
202211200125,,0.0
202211200130,,0.0
202211200135,249.0,0.4
202211200145,225.0,0.4
202211200155,301.0,0.9
202211200200,177.0,0.9
202211200210,297.0,0.4
202211200215,183.0,0.4
202211200220,240.0,0.4
202211200225,,0.0
202211200230,,0.0
202211200235,,0.0
202211200240,,0.0
202211200245,,0.0
202211200255,,0.0
202211200300,,0.0
202211200310,316.0,0.4
202211200315,319.0,0.9
202211200320,304.0,0.9
202211200325,,0.0
202211200330,,0.0
202211200335,132.0,0.4
202211200345,,0.0
202211200400,212.0,0.9
202211200420,,0.0
202211200425,,0.0
202211200430,,0.0
202211200435,291.0,0.4
202211200440,325.0,0.4
202211200445,338.0,0.4
202211200450,285.0,0.4
202211200455,286.0,0.9
202211200515,,0.0
202211200520,,0.0
202211200525,291.0,0.9
202211200540,315.0,0.9
202211200545,262.0,0.9
202211200550,313.0,0.9
202211200555,302.0,0.4
202211200600,166.0,0.4
202211200610,,0.0
202211200615,,0.0
202211200625,,0.0
202211200630,,0.0
202211200635,,0.0
202211200640,,0.0
202211200645,,0.0
202211200700,305.0,0.9
202211200710,,0.0
202211200715,,0.0
202211200720,,0.0
202211200730,,0.0
202211200735,,0.0
202211200750,,0.0
202211200755,,0.0
202211200815,,0.0
202211200825,,0.0
202211200830,,0.0
202211200835,,0.0
202211200845,,0.0
202211200855,,0.0
202211200900,,0.0
202211200915,,0.0
202211200920,,0.0
202211200925,292.0,0.4
202211200935,,0.0
202211200940,,0.0
202211200945,,0.0
202211200950,,0.0
202211200955,,0.0
202211201000,,0.0
202211201015,287.0,0.9
202211201020,353.0,0.9
202211201030,249.0,0.4
202211201035,309.0,0.4
202211201040,331.0,0.4
202211201045,,0.0
202211201050,,0.0
202211201055,,0.0
202211201100,,0.0
202211201110,,0.0
202211201120,,0.0
202211201135,,0.0
202211201140,,0.0
202211201145,,0.0
202211201150,,0.0
202211201155,,0.0
202211201200,,0.0
202211201210,,0.0
202211201215,,0.0
202211201220,,0.0
202211201225,,0.0
202211201230,,0.0
202211201235,317.0,0.9
202211201240,320.0,0.9
202211201245,321.0,0.9
202211201250,319.0,0.9
202211201255,329.0,0.9
202211201300,314.0,0.9
202211201310,280.0,0.4
202211201315,325.0,0.9
202211201320,322.0,0.9
202211201325,329.0,0.9
202211201335,313.0,0.9
202211201345,340.0,0.4
202211201350,333.0,0.4
202211201400,,0.0
202211201410,,0.0
202211201415,329.0,0.4
202211201420,332.0,0.4
202211201425,326.0,2.2
202211201430,351.0,2.2
202211201440,335.0,0.9
202211201445,338.0,0.9
202211201450,338.0,0.9
202211201455,330.0,0.9
202211201510,322.0,1.3
202211201515,321.0,0.9
202211201520,342.0,0.9
202211201535,291.0,1.3
202211201540,339.0,1.3
202211201545,331.0,0.9
202211201550,332.0,0.9
202211201555,333.0,2.2
202211201600,5.0,2.2
202211201610,353.0,1.3
202211201615,310.0,0.9
202211201620,331.0,0.9
202211201625,336.0,0.9
202211201630,327.0,0.9
202211201635,343.0,1.3
202211201645,343.0,0.9
202211201650,321.0,0.9
202211201655,,0.0
202211201710,,0.0
202211201715,,0.0
202211201720,,0.0
202211201730,,0.0
202211201735,,0.0
202211201740,,0.0
202211201745,,0.0
202211201750,,0.0
202211201755,,0.0
202211201810,,0.0
202211201815,,0.0
202211201820,,0.0
202211201825,,0.0
202211201830,,0.0
202211201840,,0.0
202211201845,,0.0
202211201850,,0.0
202211201855,,0.0
202211201900,,0.0
202211201910,,0.0
202211201915,,0.0
202211201925,,0.0
202211201930,,0.0
202211201935,,0.0
202211201940,,0.0
202211201945,,0.0
202211201950,,0.0
202211201955,,0.0
202211202000,,0.0
202211202010,333.0,0.4
202211202015,323.0,0.4
202211202020,322.0,0.4
202211202025,325.0,0.4
202211202030,344.0,0.4
202211202035,,0.0
202211202045,,0.0
202211202050,,0.0
202211202055,,0.0
202211202100,,0.0
202211202110,,0.0
202211202115,,0.0
202211202120,,0.0
202211202125,,0.0
202211202130,,0.0
202211202135,,0.0
202211202140,,0.0
202211202145,,0.0
202211202150,,0.0
202211202210,,0.0
202211202235,,0.0
202211202240,,0.0
202211202245,,0.0
202211202250,,0.0
202211202255,,0.0
202211202300,,0.0
202211202310,,0.0
202211202315,,0.0
202211202320,,0.0
202211202325,,0.0
202211202330,,0.0
202211202340,,0.0
202211202345,,0.0
202211202350,,0.0
202211202355,,0.0
202211210000,,0.0
202211210010,,0.0
202211210015,,0.0
202211210020,,0.0
202211210025,,0.0
202211210030,,0.0
202211210035,,0.0
202211210050,,0.0
202211210100,,0.0
202211210110,,0.0
202211210115,,0.0
202211210120,,0.0
202211210130,,0.0
202211210135,,0.0
202211210140,,0.0
202211210145,,0.0
202211210150,,0.0
202211210155,,0.0
202211210200,,0.0
202211210210,,0.0
202211210215,,0.0
202211210220,,0.0
202211210225,,0.0
202211210230,,0.0
202211210235,,0.0
202211210250,,0.0
202211210300,,0.0
202211210315,,0.0
202211210325,,0.0
202211210330,,0.0
202211210340,,0.0
202211210345,,0.0
202211210355,,0.0
202211210400,,0.0
202211210410,,0.0
202211210420,,0.0
202211210425,,0.0
202211210430,,0.0
202211210435,,0.0
202211210440,,0.0
202211210450,,0.0
202211210455,,0.0
202211210500,,0.0
202211210510,,0.0
202211210515,,0.0
202211210520,,0.0
202211210525,,0.0
202211210535,,0.0
202211210540,,0.0
202211210545,,0.0
202211210550,,0.0
202211210555,,0.0
202211210600,,0.0
202211210610,,0.0
202211210615,,0.0
202211210630,,0.0
202211210645,,0.0
202211210655,,0.0
202211210700,,0.0
202211210710,,0.0
202211210715,,0.0
202211210725,,0.0
202211210730,,0.0
202211210735,,0.0
202211210740,,0.0
202211210745,,0.0
202211210750,,0.0
202211210755,,0.0
202211210810,,0.0
202211210815,,0.0
202211210825,,0.0
202211210830,,0.0
202211210835,,0.0
202211210840,,0.0
202211210845,,0.0
202211210855,,0.0
202211210900,,0.0
202211210910,,0.0
202211210915,,0.0
202211210920,,0.0
202211210925,,0.0
202211210935,,0.0
202211210940,,0.0
202211210950,,0.0
202211210955,,0.0
202211211010,,0.0
202211211015,,0.0
202211211020,,0.0
202211211035,,0.0
202211211040,,0.0
202211211045,,0.0
202211211050,,0.0
202211211055,,0.0
202211211100,,0.0
202211211110,,0.0
202211211115,,0.0
202211211120,,0.0
202211211125,,0.0
202211211130,,0.0
202211211135,,0.0
202211211140,,0.0
202211211145,,0.0
202211211150,,0.0
202211211155,,0.0
202211211200,,0.0
202211211210,,0.0
202211211215,,0.0
202211211220,,0.0
202211211230,,0.0
202211211235,,0.0
202211211240,,0.0
202211211250,,0.0
202211211255,,0.0
202211211300,,0.0
202211211310,,0.0
202211211315,,0.0
202211211320,,0.0
202211211325,,0.0
202211211335,,0.0
202211211345,,0.0
202211211350,,0.0
202211211400,,0.0
202211211415,,0.0
202211211420,,0.0
202211211430,,0.0
202211211435,,0.0
202211211440,,0.0
202211211445,,0.0
202211211450,,0.0
202211211500,,0.0
202211211515,,0.0
202211211535,,0.0
202211211545,,0.0
202211211550,,0.0
202211211555,,0.0
202211211610,,0.0
202211211615,,0.0
202211211620,,0.0
202211211625,359.0,0.9
202211211630,118.0,0.9
202211211635,,0.0
202211211640,,0.0
202211211645,7.0,0.4
202211211650,25.0,0.4
202211211655,344.0,0.9
202211211700,346.0,0.9
202211211710,,0.0
202211211715,,0.0
202211211725,,0.0
202211211735,,0.0
202211211740,,0.0
202211211745,,0.0
202211211750,,0.0
202211211755,,0.0
202211211810,,0.0
202211211815,,0.0
202211211825,,0.0
202211211830,,0.0
202211211835,,0.0
202211211840,,0.0
202211211845,318.0,1.3
202211211850,7.0,1.3
202211211855,50.0,0.9
202211211900,54.0,0.9
202211211910,13.0,0.4
202211211915,352.0,0.4
202211211920,9.0,0.4
202211211925,,0.0
202211211930,,0.0
202211211935,355.0,0.9
202211211940,316.0,0.9
202211211945,322.0,0.4
202211212000,,0.0
202211212015,349.0,1.3
202211212020,356.0,1.3
202211212025,318.0,0.9
202211212035,,0.0
202211212040,,0.0
202211212045,,0.0
202211212050,,0.0
202211212055,,0.0
202211212100,,0.0
202211212110,,0.0
202211212120,,0.0
202211212125,,0.0
202211212130,,0.0
202211212135,,0.0
202211212140,,0.0
202211212145,,0.0
202211212150,,0.0
202211212155,,0.0
202211212200,,0.0
202211212210,,0.0
202211212215,,0.0
202211212220,,0.0
202211212225,,0.0
202211212230,,0.0
202211212255,,0.0
202211212300,,0.0
202211212310,,0.0
202211212315,,0.0
202211212320,,0.0
202211212325,,0.0
202211212330,,0.0
202211212340,,0.0
202211212345,,0.0
202211212350,,0.0
202211212355,,0.0
202211220000,,0.0
202211220010,,0.0
202211220015,,0.0
202211220020,,0.0
202211220025,,0.0
202211220030,,0.0
202211220035,,0.0
202211220040,,0.0
202211220055,,0.0
202211220100,,0.0
202211220120,,0.0
202211220140,,0.0
202211220150,,0.0
202211220155,,0.0
202211220200,,0.0
202211220210,,0.0
202211220220,,0.0
202211220225,,0.0
202211220235,,0.0
202211220240,,0.0
202211220250,,0.0
202211220255,,0.0
202211220300,,0.0
202211220310,,0.0
202211220320,,0.0
202211220325,,0.0
202211220330,,0.0
202211220335,,0.0
202211220350,,0.0
202211220355,,0.0
202211220400,,0.0
202211220415,,0.0
202211220425,,0.0
202211220440,,0.0
202211220445,,0.0
202211220455,,0.0
202211220515,,0.0
202211220520,,0.0
202211220525,,0.0
202211220530,,0.0
202211220535,,0.0
202211220540,,0.0
202211220545,,0.0
202211220555,,0.0
202211220600,,0.0
202211220610,,0.0
202211220615,,0.0
202211220620,,0.0
202211220625,,0.0
202211220630,,0.0
202211220635,,0.0
202211220640,,0.0
202211220645,,0.0
202211220650,,0.0
202211220700,,0.0
202211220710,,0.0
202211220715,,0.0
202211220720,,0.0
202211220725,,0.0
202211220735,,0.0
202211220745,,0.0
202211220750,,0.0
202211220800,,0.0
202211220820,,0.0
202211220825,,0.0
202211220830,,0.0
202211220835,,0.0
202211220840,,0.0
202211220845,,0.0
202211220855,,0.0
202211220900,,0.0
202211220910,,0.0
202211220915,,0.0
202211220925,,0.0
202211220930,,0.0
202211220935,,0.0
202211220940,,0.0
202211220945,,0.0
202211220950,,0.0
202211220955,,0.0
202211221000,,0.0
202211221010,,0.0
202211221025,,0.0
202211221030,,0.0
202211221035,,0.0
202211221040,,0.0
202211221050,,0.0
202211221100,,0.0
202211221110,,0.0
202211221115,,0.0
202211221120,,0.0
202211221125,,0.0
202211221135,,0.0
202211221140,,0.0
202211221145,,0.0
202211221150,,0.0
202211221155,,0.0
202211221200,,0.0
202211221215,,0.0
202211221220,,0.0
202211221230,,0.0
202211221235,,0.0
202211221240,,0.0
202211221250,,0.0
202211221255,,0.0
202211221300,,0.0
202211221310,,0.0
202211221315,,0.0
202211221320,,0.0
202211221325,,0.0
202211221330,,0.0
202211221335,,0.0
202211221345,,0.0
202211221355,,0.0
202211221425,,0.0
202211221430,,0.0
202211221435,,0.0
202211221440,,0.0
202211221445,,0.0
202211221450,,0.0
202211221455,,0.0
202211221500,,0.0
202211221510,,0.0
202211221520,,0.0
202211221525,,0.0
202211221545,4.0,0.4
202211221600,351.0,0.9
202211221615,,0.0
202211221630,,0.0
202211221635,316.0,0.4
202211221640,341.0,0.4
202211221645,,0.0
202211221655,,0.0
202211221710,,0.0
202211221715,,0.0
202211221720,,0.0
202211221725,,0.0
202211221730,,0.0
202211221735,,0.0
202211221740,,0.0
202211221745,332.0,0.4
202211221750,92.0,0.4
202211221755,,0.0
202211221800,,0.0
202211221810,312.0,0.4
202211221815,,0.0
202211221820,,0.0
202211221825,,0.0
202211221830,,0.0
202211221835,,0.0
202211221840,,0.0
202211221850,330.0,0.4
202211221855,323.0,0.9
202211221915,326.0,0.9
202211221925,327.0,1.3
202211221930,319.0,1.3
202211221935,336.0,1.3
202211221940,315.0,1.3
202211221945,347.0,2.2
202211221950,0.0,2.2
202211221955,4.0,1.3
202211222000,327.0,1.3
202211222015,316.0,2.2
202211222020,327.0,2.2
202211222030,348.0,0.9
202211222035,22.0,1.3
202211222045,335.0,0.9
202211222050,349.0,0.9
202211222055,342.0,0.9
202211222100,338.0,0.9
202211222110,338.0,0.9
202211222115,309.0,0.9
202211222120,15.0,0.9
202211222125,17.0,0.4
202211222135,,0.0
202211222140,,0.0
202211222145,335.0,0.4
202211222150,330.0,0.4
202211222155,353.0,0.9
202211222200,342.0,0.9
202211222210,311.0,0.9
202211222215,349.0,0.4
202211222220,11.0,0.4
202211222225,357.0,0.4
202211222235,,0.0
202211222240,,0.0
202211222245,,0.0
202211222250,,0.0
202211222255,,0.0
202211222300,,0.0
202211222310,,0.0
202211222315,,0.0
202211222320,,0.0
202211222325,,0.0
202211222335,,0.0
202211222340,,0.0
202211222350,,0.0
202211230000,,0.0
202211230010,,0.0
202211230015,,0.0
202211230020,,0.0
202211230025,,0.0
202211230030,,0.0
202211230035,,0.0
202211230040,,0.0
202211230045,,0.0
202211230055,,0.0
202211230100,,0.0
202211230110,,0.0
202211230115,,0.0
202211230125,,0.0
202211230130,,0.0
202211230135,,0.0
202211230145,,0.0
202211230150,,0.0
202211230155,,0.0
202211230220,,0.0
202211230230,,0.0
202211230235,,0.0
202211230245,,0.0
202211230250,,0.0
202211230255,,0.0
202211230300,,0.0
202211230310,,0.0
202211230315,,0.0
202211230325,,0.0
202211230330,,0.0
202211230335,,0.0
202211230340,,0.0
202211230350,,0.0
202211230355,,0.0
202211230400,,0.0
202211230410,,0.0
202211230420,,0.0
202211230425,,0.0
202211230430,,0.0
202211230435,,0.0
202211230440,,0.0
202211230445,,0.0
202211230450,,0.0
202211230455,,0.0
202211230500,,0.0
202211230510,,0.0
202211230515,,0.0
202211230520,,0.0
202211230535,,0.0
202211230540,,0.0
202211230545,,0.0
202211230550,,0.0
202211230555,,0.0
202211230600,,0.0
202211230615,,0.0
202211230625,,0.0
202211230635,,0.0
202211230640,,0.0
202211230645,,0.0
202211230650,,0.0
202211230655,,0.0
202211230700,,0.0
202211230710,,0.0
202211230715,,0.0
202211230725,,0.0
202211230740,,0.0
202211230745,,0.0
202211230750,,0.0
202211230800,,0.0
202211230815,,0.0
202211230825,,0.0
202211230830,,0.0
202211230835,,0.0
202211230840,,0.0
202211230850,,0.0
202211230855,,0.0
202211230900,,0.0
202211230910,332.0,0.4
202211230915,,0.0
202211230920,,0.0
202211230930,,0.0
202211230935,,0.0
202211230940,,0.0
202211230945,,0.0
202211231000,,0.0
202211231010,,0.0
202211231015,,0.0
202211231020,,0.0
202211231025,,0.0
202211231030,,0.0
202211231040,,0.0
202211231050,,0.0
202211231120,332.0,0.9
202211231125,351.0,0.4
202211231135,,0.0
202211231140,,0.0
202211231145,,0.0
202211231150,,0.0
202211231155,,0.0
202211231200,,0.0
202211231210,,0.0
202211231215,,0.0
202211231225,,0.0
202211231230,,0.0
202211231240,,0.0
202211231245,,0.0
202211231255,,0.0
202211231300,,0.0
202211231315,,0.0
202211231320,,0.0
202211231325,,0.0
202211231330,,0.0
202211231335,,0.0
202211231340,,0.0
202211231350,,0.0
202211231355,,0.0
202211231400,,0.0
202211231410,,0.0
202211231415,16.0,0.4
202211231430,15.0,0.4
202211231435,355.0,0.4
202211231440,348.0,0.4
202211231445,,0.0
202211231455,354.0,0.9
202211231500,336.0,0.9
202211231510,34.0,0.4
202211231515,,0.0
202211231520,,0.0
202211231525,357.0,0.4
202211231530,324.0,0.4
202211231535,338.0,0.4
202211231540,31.0,0.4
202211231555,,0.0
202211231600,,0.0
202211231610,,0.0
202211231615,,0.0
202211231620,,0.0
202211231625,,0.0
202211231630,,0.0
202211231635,32.0,0.4
202211231645,,0.0
202211231655,,0.0
202211231700,,0.0
202211231710,,0.0
202211231715,352.0,0.4
202211231720,25.0,0.4
202211231725,323.0,0.9
202211231730,299.0,0.9
202211231735,,0.0
202211231740,,0.0
202211231745,324.0,0.4
202211231755,339.0,0.9
202211231800,292.0,0.9
202211231810,,0.0
202211231815,,0.0
202211231825,,0.0
202211231830,,0.0
202211231840,20.0,0.9
202211231855,,0.0
202211231900,,0.0
202211231915,28.0,0.9
202211231920,323.0,0.9
202211231925,339.0,0.9
202211231935,,0.0
202211231940,,0.0
202211231950,,0.0
202211232000,,0.0
202211232015,312.0,0.9
202211232025,,0.0
202211232030,,0.0
202211232035,,0.0
202211232040,,0.0
202211232045,,0.0
202211232050,,0.0
202211232055,,0.0
202211232100,,0.0
202211232110,,0.0
202211232115,,0.0
202211232120,,0.0
202211232130,,0.0
202211232135,,0.0
202211232140,,0.0
202211232145,,0.0
202211232150,,0.0
202211232155,,0.0
202211232200,,0.0
202211232210,,0.0
202211232220,,0.0
202211232225,,0.0
202211232230,,0.0
202211232240,,0.0
202211232245,,0.0
202211232250,,0.0
202211232300,,0.0
202211232315,,0.0
202211232325,,0.0
202211232330,,0.0
202211232340,,0.0
202211232345,,0.0
202211232350,,0.0
202211232355,,0.0
202211240000,,0.0
202211240010,,0.0
202211240015,,0.0
202211240020,,0.0
202211240025,,0.0
202211240030,,0.0
202211240035,,0.0
202211240045,,0.0
202211240050,,0.0
202211240115,,0.0
202211240120,,0.0
202211240125,,0.0
202211240130,,0.0
202211240135,,0.0
202211240140,,0.0
202211240145,,0.0
202211240150,,0.0
202211240155,,0.0
202211240200,,0.0
202211240220,,0.0
202211240230,,0.0
202211240235,,0.0
202211240240,,0.0
202211240245,,0.0
202211240250,,0.0
202211240255,,0.0
202211240300,,0.0
202211240310,,0.0
202211240320,,0.0
202211240325,,0.0
202211240330,,0.0
202211240335,,0.0
202211240340,,0.0
202211240345,,0.0
202211240350,,0.0
202211240355,,0.0
202211240400,,0.0
202211240410,,0.0
202211240415,,0.0
202211240420,,0.0
202211240425,,0.0
202211240445,,0.0
202211240455,,0.0
202211240500,,0.0
202211240510,,0.0
202211240515,,0.0
202211240520,,0.0
202211240525,,0.0
202211240530,,0.0
202211240535,,0.0
202211240540,,0.0
202211240550,,0.0
202211240555,,0.0
202211240600,,0.0
202211240615,,0.0
202211240620,,0.0
202211240625,,0.0
202211240630,,0.0
202211240635,,0.0
202211240640,,0.0
202211240645,,0.0
202211240650,,0.0
202211240655,,0.0
202211240700,,0.0
202211240710,,0.0
202211240715,,0.0
202211240720,,0.0
202211240725,,0.0
202211240730,,0.0
202211240740,,0.0
202211240745,,0.0
202211240750,,0.0
202211240800,,0.0
202211240810,,0.0
202211240830,,0.0
202211240835,,0.0
202211240845,,0.0
202211240850,,0.0
202211240855,,0.0
202211240915,,0.0
202211240920,,0.0
202211240930,,0.0
202211240935,,0.0
202211240940,,0.0
202211240945,,0.0
202211240950,,0.0
202211240955,,0.0
202211241000,,0.0
202211241010,,0.0
202211241020,,0.0
202211241025,,0.0
202211241030,,0.0
202211241035,,0.0
202211241040,,0.0
202211241045,,0.0
202211241050,,0.0
202211241055,,0.0
202211241100,,0.0
202211241110,,0.0
202211241120,,0.0
202211241125,,0.0
202211241130,,0.0
202211241135,,0.0
202211241140,,0.0
202211241145,,0.0
202211241150,,0.0
202211241155,,0.0
202211241200,,0.0
202211241215,,0.0
202211241220,,0.0
202211241225,,0.0
202211241230,,0.0
202211241235,,0.0
202211241240,,0.0
202211241245,,0.0
202211241250,,0.0
202211241255,,0.0
202211241300,,0.0
202211241310,,0.0
202211241315,,0.0
202211241320,,0.0
202211241325,,0.0
202211241330,,0.0
202211241335,,0.0
202211241340,,0.0
202211241355,,0.0
202211241410,,0.0
202211241420,,0.0
202211241430,,0.0
202211241435,,0.0
202211241440,,0.0
202211241445,,0.0
202211241450,,0.0
202211241455,,0.0
202211241500,,0.0
202211241510,,0.0
202211241515,,0.0
202211241520,,0.0
202211241530,,0.0
202211241535,,0.0
202211241540,,0.0
202211241550,,0.0
202211241555,319.0,0.4
202211241610,323.0,0.4
202211241615,348.0,0.9
202211241620,349.0,0.9
202211241625,3.0,0.9
202211241630,333.0,0.9
202211241635,337.0,0.9
202211241645,348.0,0.4
202211241655,,0.0
202211241700,,0.0
202211241710,355.0,0.4
202211241715,,0.0
202211241720,,0.0
202211241725,332.0,0.9
202211241730,357.0,0.9
202211241735,,0.0
202211241740,,0.0
202211241750,12.0,0.4
202211241755,,0.0
202211241800,,0.0
202211241810,,0.0
202211241815,,0.0
202211241820,,0.0
202211241825,,0.0
202211241830,,0.0
202211241835,,0.0
202211241840,,0.0
202211241845,356.0,0.9
202211241850,322.0,0.9
202211241855,343.0,0.9
202211241900,345.0,0.9
202211241910,3.0,0.9
202211241915,,0.0
202211241925,,0.0
202211241930,,0.0
202211241940,,0.0
202211241945,,0.0
202211241950,,0.0
202211241955,,0.0
202211242000,,0.0
202211242015,,0.0
202211242020,,0.0
202211242025,,0.0
202211242030,,0.0
202211242035,,0.0
202211242040,,0.0
202211242045,,0.0
202211242050,,0.0
202211242100,,0.0
202211242110,,0.0
202211242115,,0.0
202211242120,,0.0
202211242125,,0.0
202211242130,,0.0
202211242135,348.0,0.4
202211242140,38.0,0.4
202211242145,,0.0
202211242155,,0.0
202211242200,,0.0
202211242215,,0.0
202211242225,,0.0
202211242230,,0.0
202211242235,,0.0
202211242240,,0.0
202211242245,,0.0
202211242250,,0.0
202211242300,,0.0
202211242310,,0.0
202211242320,,0.0
202211242325,15.0,0.9
202211242330,312.0,0.9
202211242335,5.0,0.4
202211242340,339.0,0.4
202211242350,,0.0
202211250010,,0.0
202211250015,,0.0
202211250020,,0.0
202211250025,,0.0
202211250035,,0.0
202211250040,,0.0
202211250045,,0.0
202211250050,,0.0
202211250055,,0.0
202211250100,,0.0
202211250110,,0.0
202211250115,,0.0
202211250130,,0.0
202211250135,,0.0
202211250140,,0.0
202211250145,324.0,0.4
202211250150,6.0,0.4
202211250155,,0.0
202211250210,,0.0
202211250215,,0.0
202211250225,,0.0
202211250230,,0.0
202211250235,,0.0
202211250240,,0.0
202211250250,,0.0
202211250255,,0.0
202211250300,,0.0
202211250310,,0.0
202211250315,,0.0
202211250320,,0.0
202211250330,,0.0
202211250335,,0.0
202211250340,,0.0
202211250350,,0.0
202211250410,,0.0
202211250415,,0.0
202211250425,,0.0
202211250430,,0.0
202211250435,,0.0
202211250440,,0.0
202211250445,,0.0
202211250450,,0.0
202211250455,,0.0
202211250500,,0.0
202211250510,,0.0
202211250515,,0.0
202211250525,,0.0
202211250535,,0.0
202211250545,,0.0
202211250600,,0.0
202211250610,,0.0
202211250615,,0.0
202211250625,,0.0
202211250635,,0.0
202211250640,,0.0
202211250645,,0.0
202211250650,,0.0
202211250655,,0.0
202211250700,,0.0
202211250710,,0.0
202211250715,,0.0
202211250725,,0.0
202211250730,,0.0
202211250735,,0.0
202211250740,,0.0
202211250745,,0.0
202211250750,,0.0
202211250755,,0.0
202211250800,,0.0
202211250810,,0.0
202211250815,,0.0
202211250825,,0.0
202211250830,,0.0
202211250835,,0.0
202211250840,,0.0
202211250850,,0.0
202211250900,,0.0
202211250910,,0.0
202211250915,,0.0
202211250920,,0.0
202211250930,,0.0
202211250935,,0.0
202211250950,,0.0
202211250955,,0.0
202211251000,,0.0
202211251010,,0.0
202211251015,336.0,0.9
202211251020,349.0,0.9
202211251025,341.0,0.9
202211251030,340.0,0.9
202211251035,,0.0
202211251040,,0.0
202211251045,,0.0
202211251050,,0.0
202211251055,,0.0
202211251110,,0.0
202211251115,,0.0
202211251120,,0.0
202211251125,,0.0
202211251130,,0.0
202211251135,,0.0
202211251140,,0.0
202211251145,,0.0
202211251150,,0.0
202211251155,,0.0
202211251200,,0.0
202211251210,,0.0
202211251215,,0.0
202211251225,,0.0
202211251235,,0.0
202211251245,,0.0
202211251250,,0.0
202211251300,,0.0
202211251310,,0.0
202211251315,,0.0
202211251325,,0.0
202211251330,,0.0
202211251335,,0.0
202211251340,,0.0
202211251345,,0.0
202211251355,,0.0
202211251400,,0.0
202211251410,,0.0
202211251425,,0.0
202211251430,,0.0
202211251435,,0.0
202211251440,,0.0
202211251445,,0.0
202211251450,,0.0
202211251455,,0.0
202211251500,,0.0
202211251515,,0.0
202211251520,,0.0
202211251525,,0.0
202211251530,,0.0
202211251535,354.0,0.9
202211251540,1.0,0.9
202211251545,,0.0
202211251550,,0.0
202211251555,,0.0
202211251600,,0.0
202211251610,330.0,2.2
202211251615,358.0,2.2
202211251625,3.0,1.3
202211251635,326.0,0.9
202211251640,328.0,0.9
202211251645,323.0,1.3
202211251650,321.0,1.3
202211251655,339.0,2.2
202211251700,318.0,2.2
202211251710,6.0,1.3
202211251715,331.0,2.2
202211251720,324.0,2.2
202211251725,347.0,2.2
202211251730,10.0,2.2
202211251735,320.0,2.2
202211251745,352.0,0.9
202211251755,331.0,0.4
202211251810,,0.0
202211251815,,0.0
202211251825,,0.0
202211251830,,0.0
202211251835,,0.0
202211251840,,0.0
202211251845,,0.0
202211251850,,0.0
202211251855,,0.0
202211251900,,0.0
202211251910,,0.0
202211251915,,0.0
202211251920,,0.0
202211251925,,0.0
202211251930,,0.0
202211251935,,0.0
202211251940,,0.0
202211251950,,0.0
202211251955,,0.0
202211252000,,0.0
202211252010,,0.0
202211252015,,0.0
202211252020,,0.0
202211252025,,0.0
202211252030,,0.0
202211252035,,0.0
202211252040,,0.0
202211252045,,0.0
202211252050,,0.0
202211252055,,0.0
202211252100,,0.0
202211252110,,0.0
202211252115,,0.0
202211252130,,0.0
202211252135,,0.0
202211252140,,0.0
202211252145,,0.0
202211252150,,0.0
202211252155,,0.0
202211252200,,0.0
202211252215,,0.0
202211252220,,0.0
202211252225,,0.0
202211252230,,0.0
202211252235,,0.0
202211252240,,0.0
202211252245,,0.0
202211252250,,0.0
202211252255,,0.0
202211252300,,0.0
202211252310,,0.0
202211252320,,0.0
202211252325,,0.0
202211252330,,0.0
202211252335,,0.0
202211252345,,0.0
202211252350,,0.0
202211252355,,0.0
202211260000,,0.0
202211260010,,0.0
202211260015,,0.0
202211260020,,0.0
202211260025,,0.0
202211260030,,0.0
202211260035,,0.0
202211260040,,0.0
202211260050,,0.0
202211260055,,0.0
202211260100,,0.0
202211260110,,0.0
202211260115,,0.0
202211260120,,0.0
202211260130,,0.0
202211260135,,0.0
202211260140,,0.0
202211260145,,0.0
202211260150,,0.0
202211260210,,0.0
202211260215,,0.0
202211260220,,0.0
202211260225,,0.0
202211260230,,0.0
202211260235,,0.0
202211260240,,0.0
202211260245,,0.0
202211260250,,0.0
202211260255,,0.0
202211260310,,0.0
202211260315,,0.0
202211260320,,0.0
202211260325,,0.0
202211260340,,0.0
202211260350,,0.0
202211260355,,0.0
202211260400,,0.0
202211260410,,0.0
202211260415,,0.0
202211260425,,0.0
202211260430,,0.0
202211260435,,0.0
202211260440,,0.0
202211260445,,0.0
202211260450,,0.0
202211260455,,0.0
202211260500,,0.0
202211260510,,0.0
202211260515,,0.0
202211260520,,0.0
202211260525,,0.0
202211260530,,0.0
202211260535,,0.0
202211260540,,0.0
202211260545,,0.0
202211260550,,0.0
202211260555,,0.0
202211260600,,0.0
202211260610,,0.0
202211260615,,0.0
202211260620,,0.0
202211260625,,0.0
202211260630,,0.0
202211260645,,0.0
202211260650,,0.0
202211260655,,0.0
202211260700,,0.0
202211260710,,0.0
202211260715,,0.0
202211260720,,0.0
202211260730,,0.0
202211260740,,0.0
202211260745,,0.0
202211260750,,0.0
202211260755,,0.0
202211260800,,0.0
202211260815,,0.0
202211260820,,0.0
202211260835,,0.0
202211260840,,0.0
202211260845,,0.0
202211260850,,0.0
202211260910,,0.0
202211260915,,0.0
202211260920,,0.0
202211260925,,0.0
202211260930,,0.0
202211260935,,0.0
202211260940,,0.0
202211260945,,0.0
202211260950,,0.0
202211260955,,0.0
202211261000,,0.0
202211261025,,0.0
202211261030,,0.0
202211261035,,0.0
202211261040,,0.0
202211261045,,0.0
202211261050,,0.0
202211261055,,0.0
202211261100,,0.0
202211261110,,0.0
202211261115,,0.0
202211261130,,0.0
202211261135,,0.0
202211261140,,0.0
202211261150,,0.0
202211261155,,0.0
202211261200,,0.0
202211261210,,0.0
202211261215,,0.0
202211261225,,0.0
202211261230,,0.0
202211261235,,0.0
202211261240,,0.0
202211261245,,0.0
202211261250,,0.0
202211261255,,0.0
202211261300,,0.0
202211261310,,0.0
202211261315,,0.0
202211261320,,0.0
202211261325,,0.0
202211261330,,0.0
202211261335,,0.0
202211261340,,0.0
202211261355,,0.0
202211261400,,0.0
202211261410,,0.0
202211261415,,0.0
202211261420,,0.0
202211261425,,0.0
202211261440,,0.0
202211261445,,0.0
202211261450,,0.0
202211261455,,0.0
202211261510,,0.0
202211261515,,0.0
202211261525,,0.0
202211261530,,0.0
202211261535,,0.0
202211261540,,0.0
202211261545,,0.0
202211261550,,0.0
202211261555,56.0,0.9
202211261600,106.0,0.9
202211261610,,0.0
202211261615,,0.0
202211261620,,0.0
202211261630,,0.0
202211261635,305.0,0.4
202211261640,96.0,0.4
202211261645,113.0,0.9
202211261650,59.0,0.9
202211261710,111.0,0.9
202211261715,83.0,0.4
202211261730,184.0,0.4
202211261735,109.0,0.4
202211261740,67.0,0.4
202211261745,187.0,0.9
202211261750,115.0,0.9
202211261800,,0.0
202211261815,,0.0
202211261820,,0.0
202211261830,,0.0
202211261840,,0.0
202211261845,,0.0
202211261850,,0.0
202211261855,,0.0
202211261900,,0.0
202211261910,,0.0
202211261915,,0.0
202211261920,,0.0
202211261925,,0.0
202211261930,,0.0
202211261935,,0.0
202211261940,,0.0
202211261945,,0.0
202211261950,,0.0
202211261955,,0.0
202211262015,,0.0
202211262020,,0.0
202211262025,,0.0
202211262030,,0.0
202211262045,,0.0
202211262050,,0.0
202211262055,,0.0
202211262100,,0.0
202211262110,,0.0
202211262125,,0.0
202211262130,,0.0
202211262135,,0.0
202211262145,,0.0
202211262200,,0.0
202211262210,,0.0
202211262225,,0.0
202211262230,,0.0
202211262240,,0.0
202211262245,,0.0
202211262250,,0.0
202211262300,,0.0
202211262310,,0.0
202211262315,,0.0
202211262320,,0.0
202211262325,,0.0
202211262335,,0.0
202211262340,,0.0
202211262345,,0.0
202211262355,,0.0
202211270010,,0.0
202211270020,,0.0
202211270025,,0.0
202211270040,,0.0
202211270045,,0.0
202211270055,,0.0
202211270100,,0.0
202211270110,,0.0
202211270120,,0.0
202211270125,,0.0
202211270130,,0.0
202211270135,,0.0
202211270145,,0.0
202211270155,,0.0
202211270200,,0.0
202211270210,,0.0
202211270215,,0.0
202211270220,,0.0
202211270225,,0.0
202211270230,,0.0
202211270235,,0.0
202211270240,,0.0
202211270245,,0.0
202211270250,,0.0
202211270255,,0.0
202211270300,,0.0
202211270315,,0.0
202211270320,,0.0
202211270325,,0.0
202211270330,,0.0
202211270335,,0.0
202211270340,,0.0
202211270345,,0.0
202211270350,,0.0
202211270355,,0.0
202211270400,,0.0
202211270410,,0.0
202211270415,,0.0
202211270420,,0.0
202211270425,,0.0
202211270430,,0.0
202211270440,,0.0
202211270445,,0.0
202211270455,,0.0
202211270500,,0.0
202211270510,,0.0
202211270525,,0.0
202211270535,,0.0
202211270545,,0.0
202211270550,,0.0
202211270555,,0.0
202211270600,,0.0
202211270610,,0.0
202211270615,,0.0
202211270620,,0.0
202211270630,,0.0
202211270635,,0.0
202211270640,,0.0
202211270645,,0.0
202211270700,,0.0
202211270710,,0.0
202211270715,,0.0
202211270725,,0.0
202211270735,,0.0
202211270740,,0.0
202211270745,,0.0
202211270750,,0.0
202211270755,,0.0
202211270800,,0.0
202211270810,,0.0
202211270815,,0.0
202211270825,,0.0
202211270830,,0.0
202211270840,,0.0
202211270845,,0.0
202211270850,,0.0
202211270855,,0.0
202211270910,,0.0
202211270915,,0.0
202211270920,,0.0
202211270925,,0.0
202211270935,,0.0
202211270940,,0.0
202211270945,,0.0
202211270950,,0.0
202211270955,,0.0
202211271000,,0.0
202211271010,,0.0
202211271020,,0.0
202211271035,,0.0
202211271040,,0.0
202211271045,,0.0
202211271050,,0.0
202211271100,,0.0
202211271110,,0.0
202211271120,,0.0
202211271135,,0.0
202211271140,,0.0
202211271145,,0.0
202211271150,,0.0
202211271155,94.0,0.4
202211271200,63.0,0.4
202211271210,159.0,0.4
202211271220,103.0,0.9
202211271230,131.0,0.4
202211271235,108.0,0.9
202211271250,155.0,0.4
202211271255,171.0,0.9
202211271300,150.0,0.9
202211271315,167.0,0.9
202211271320,119.0,0.9
202211271330,175.0,0.9
202211271340,153.0,0.9
202211271345,146.0,1.3
202211271350,189.0,1.3
202211271355,168.0,2.2
202211271400,184.0,2.2
202211271420,183.0,2.2
202211271430,173.0,2.2
202211271440,208.0,2.7
202211271445,219.0,2.2
202211271450,206.0,2.2
202211271510,210.0,2.2
202211271515,279.0,2.7
202211271520,148.0,2.7
202211271525,194.0,2.2
202211271530,205.0,2.2
202211271535,223.0,2.7
202211271540,206.0,2.7
202211271545,223.0,2.2
202211271555,199.0,0.9
202211271600,220.0,0.9
202211271610,199.0,2.2
202211271615,175.0,2.7
202211271620,179.0,2.7
202211271625,209.0,3.1
202211271640,224.0,3.1
202211271645,221.0,3.1
202211271650,211.0,3.1
202211271655,201.0,3.1
202211271700,191.0,3.1
202211271710,208.0,4.0
202211271715,207.0,3.1
202211271730,201.0,3.6
202211271735,226.0,2.7
202211271740,197.0,2.7
202211271745,213.0,4.5
202211271750,203.0,4.5
202211271755,215.0,5.4
202211271800,201.0,5.4
202211271810,203.0,5.4
202211271815,223.0,4.0
202211271820,236.0,4.0
202211271825,203.0,3.6
202211271830,209.0,3.6
202211271840,194.0,4.0
202211271850,199.0,4.0
202211271855,218.0,3.1
202211271920,243.0,4.0
202211271925,235.0,4.0
202211271930,221.0,4.0
202211271935,241.0,3.1
202211271940,260.0,3.1
202211271945,224.0,3.1
202211271950,218.0,3.1
202211271955,222.0,3.1
202211272000,238.0,3.1
202211272015,205.0,2.7
202211272020,215.0,2.7
202211272025,192.0,3.1
202211272030,294.0,3.1
202211272035,216.0,2.2
202211272040,289.0,2.2
202211272045,237.0,2.2
202211272050,248.0,2.2
202211272055,214.0,2.2
202211272100,237.0,2.2
202211272110,218.0,2.7
202211272115,229.0,2.2
202211272125,206.0,3.1
202211272135,209.0,0.9
202211272140,209.0,0.9
202211272145,234.0,1.3
202211272150,215.0,1.3
202211272155,218.0,2.2
202211272200,226.0,2.2
202211272210,210.0,2.7
202211272215,250.0,2.7
202211272220,212.0,2.7
202211272225,195.0,2.2
202211272230,212.0,2.2
202211272235,206.0,1.3
202211272240,215.0,1.3
202211272255,231.0,0.4
202211272310,233.0,1.3
202211272315,236.0,2.2
202211272320,204.0,2.2
202211272325,211.0,2.2
202211272335,222.0,2.2
202211272340,228.0,2.2
202211272350,249.0,2.2
202211272355,232.0,1.3
202211280000,232.0,1.3
202211280010,218.0,1.3
202211280015,247.0,1.3
202211280025,232.0,1.3
202211280030,219.0,1.3
202211280035,231.0,1.3
202211280040,218.0,1.3
202211280045,203.0,2.2
202211280050,213.0,2.2
202211280055,220.0,0.9
202211280100,210.0,0.9
202211280110,222.0,1.3
202211280115,218.0,2.2
202211280120,199.0,2.2
202211280125,231.0,1.3
202211280130,213.0,1.3
202211280135,217.0,0.9
202211280140,172.0,0.9
202211280145,200.0,0.9
202211280150,224.0,0.9
202211280200,247.0,0.9
202211280210,217.0,0.9
202211280215,232.0,1.3
202211280220,221.0,1.3
202211280225,207.0,0.9
202211280230,226.0,0.9
202211280235,225.0,1.3
202211280240,219.0,1.3
202211280245,208.0,0.9
202211280250,203.0,0.9
202211280255,283.0,0.9
202211280300,206.0,0.9
202211280310,265.0,1.3
202211280315,246.0,0.4
202211280320,219.0,0.4
202211280325,175.0,0.9
202211280330,242.0,0.9
202211280335,283.0,0.9
202211280340,225.0,0.9
202211280345,165.0,0.9
202211280350,231.0,0.9
202211280355,208.0,0.9
202211280410,,0.0
202211280415,,0.0
202211280420,,0.0
202211280430,211.0,0.4
202211280435,265.0,0.9
202211280440,207.0,0.9
202211280445,193.0,0.4
202211280450,159.0,0.4
202211280455,263.0,0.9
202211280515,233.0,0.9
202211280520,208.0,0.9
202211280525,221.0,0.4
202211280530,200.0,0.4
202211280535,159.0,0.9
202211280540,200.0,0.9
202211280545,205.0,0.9
202211280600,226.0,0.4
202211280615,219.0,0.9
202211280620,239.0,0.9
202211280635,,0.0
202211280650,233.0,0.4
202211280655,224.0,0.4
202211280700,211.0,0.4
202211280715,,0.0
202211280720,,0.0
202211280725,206.0,0.9
202211280730,212.0,0.9
202211280735,213.0,0.9
202211280740,211.0,0.9
202211280745,233.0,0.9
202211280755,189.0,0.9
202211280800,228.0,0.9
202211280810,216.0,1.3
202211280815,226.0,0.9
202211280820,218.0,0.9
202211280825,,0.0
202211280830,,0.0
202211280835,223.0,0.9
202211280840,201.0,0.9
202211280845,203.0,1.3
202211280850,229.0,1.3
202211280855,223.0,1.3
202211280910,207.0,0.9
202211280915,228.0,0.9
202211280920,236.0,0.9
202211280925,239.0,0.9
202211280930,202.0,0.9
202211280935,267.0,0.9
202211280945,274.0,0.4
202211280950,98.0,0.4
202211280955,,0.0
202211281000,,0.0
202211281010,,0.0
202211281015,,0.0
202211281020,,0.0
202211281025,301.0,0.4
202211281035,,0.0
202211281045,,0.0
202211281050,,0.0
202211281055,84.0,0.4
202211281100,237.0,0.4
202211281110,,0.0
202211281115,,0.0
202211281120,,0.0
202211281125,225.0,0.4
202211281130,219.0,0.4
202211281135,238.0,0.9
202211281140,225.0,0.9
202211281145,245.0,0.9
202211281150,229.0,0.9
202211281155,216.0,0.9
202211281200,219.0,0.9
202211281210,218.0,0.4
202211281215,225.0,0.9
202211281220,228.0,0.9
202211281225,203.0,0.9
202211281230,201.0,0.9
202211281240,,0.0
202211281245,,0.0
202211281250,,0.0
202211281255,,0.0
202211281300,,0.0
202211281310,212.0,0.9
202211281315,215.0,1.3
202211281325,237.0,0.9
202211281335,235.0,0.9
202211281345,188.0,1.3
202211281350,191.0,1.3
202211281355,220.0,1.3
202211281400,238.0,1.3
202211281410,265.0,2.2
202211281415,230.0,1.3
202211281420,221.0,1.3
202211281425,222.0,1.3
202211281435,254.0,1.3
202211281440,343.0,1.3
202211281445,224.0,2.2
202211281450,271.0,2.2
202211281455,278.0,1.3
202211281500,330.0,1.3
202211281510,324.0,2.2
202211281530,261.0,1.3
202211281550,215.0,2.2
202211281555,258.0,2.2
202211281600,200.0,2.2
202211281610,308.0,2.2
202211281615,285.0,2.7
202211281620,285.0,2.7
202211281635,317.0,2.7
202211281640,317.0,2.7
202211281645,264.0,0.9
202211281650,254.0,2.2
202211281655,281.0,2.2
202211281700,323.0,2.2
202211281715,276.0,2.2
202211281720,318.0,2.2
202211281725,181.0,1.3
202211281730,236.0,1.3
202211281740,308.0,2.2
202211281745,290.0,2.2
202211281755,313.0,2.2
202211281800,257.0,2.2
202211281810,320.0,2.2
202211281815,335.0,2.2
202211281820,317.0,2.2
202211281830,303.0,2.2
202211281835,339.0,2.2
202211281840,304.0,2.2
202211281850,38.0,2.7
202211281855,340.0,0.9
202211281900,306.0,0.9
202211281920,333.0,2.2
202211281925,319.0,2.2
202211281940,298.0,2.2
202211281945,225.0,1.3
202211281950,203.0,1.3
202211281955,8.0,2.2
202211282000,214.0,2.2
202211282010,221.0,1.3
202211282015,288.0,1.3
202211282020,328.0,1.3
202211282025,244.0,1.3
202211282030,289.0,1.3
202211282035,297.0,0.9
202211282045,315.0,0.9
202211282050,305.0,0.9
202211282100,314.0,0.9
202211282110,317.0,0.9
202211282115,322.0,0.9
202211282125,298.0,0.9
202211282130,319.0,0.9
202211282135,334.0,0.9
202211282140,234.0,0.9
202211282145,320.0,0.9
202211282150,316.0,0.9
202211282155,302.0,0.4
202211282200,274.0,0.4
202211282210,305.0,0.9
202211282215,323.0,0.4
202211282220,323.0,0.4
202211282225,,0.0
202211282230,,0.0
202211282235,,0.0
202211282245,,0.0
202211282255,,0.0
202211282300,,0.0
202211282315,,0.0
202211282320,,0.0
202211282330,,0.0
202211282335,,0.0
202211282340,,0.0
202211282345,,0.0
202211282350,,0.0
202211290000,,0.0
202211290015,,0.0
202211290020,,0.0
202211290025,,0.0
202211290030,,0.0
202211290035,,0.0
202211290040,,0.0
202211290045,,0.0
202211290055,,0.0
202211290100,,0.0
202211290110,,0.0
202211290115,,0.0
202211290120,,0.0
202211290125,,0.0
202211290130,,0.0
202211290135,,0.0
202211290140,,0.0
202211290145,,0.0
202211290150,,0.0
202211290155,,0.0
202211290210,,0.0
202211290215,,0.0
202211290225,,0.0
202211290230,,0.0
202211290235,,0.0
202211290245,,0.0
202211290250,,0.0
202211290255,,0.0
202211290300,,0.0
202211290315,,0.0
202211290320,,0.0
202211290325,,0.0
202211290330,,0.0
202211290335,,0.0
202211290345,,0.0
202211290350,,0.0
202211290355,,0.0
202211290415,,0.0
202211290420,,0.0
202211290425,,0.0
202211290430,,0.0
202211290435,,0.0
202211290440,,0.0
202211290445,,0.0
202211290500,,0.0
202211290510,,0.0
202211290515,,0.0
202211290520,,0.0
202211290525,,0.0
202211290530,,0.0
202211290535,,0.0
202211290540,,0.0
202211290545,,0.0
202211290555,,0.0
202211290600,,0.0
202211290610,,0.0
202211290615,,0.0
202211290625,,0.0
202211290630,,0.0
202211290635,,0.0
202211290640,,0.0
202211290645,,0.0
202211290650,,0.0
202211290700,,0.0
202211290710,,0.0
202211290715,,0.0
202211290720,,0.0
202211290725,,0.0
202211290730,,0.0
202211290735,,0.0
202211290740,,0.0
202211290745,,0.0
202211290750,,0.0
202211290755,,0.0
202211290800,,0.0
202211290810,,0.0
202211290815,,0.0
202211290820,,0.0
202211290825,,0.0
202211290830,,0.0
202211290840,,0.0
202211290855,,0.0
202211290900,,0.0
202211290910,,0.0
202211290915,,0.0
202211290920,,0.0
202211290925,,0.0
202211290935,,0.0
202211290940,,0.0
202211290950,,0.0
202211290955,,0.0
202211291000,,0.0
202211291010,,0.0
202211291015,,0.0
202211291020,,0.0
202211291030,,0.0
202211291040,,0.0
202211291045,,0.0
202211291050,,0.0
202211291055,,0.0
202211291100,,0.0
202211291110,,0.0
202211291115,,0.0
202211291120,,0.0
202211291125,,0.0
202211291130,,0.0
202211291135,,0.0
202211291150,,0.0
202211291200,,0.0
202211291210,,0.0
202211291215,,0.0
202211291225,,0.0
202211291230,,0.0
202211291235,,0.0
202211291240,,0.0
202211291255,,0.0
202211291300,,0.0
202211291310,,0.0
202211291315,,0.0
202211291320,,0.0
202211291330,,0.0
202211291335,,0.0
202211291340,,0.0
202211291345,,0.0
202211291350,,0.0
202211291355,,0.0
202211291410,,0.0
202211291415,,0.0
202211291420,,0.0
202211291425,,0.0
202211291430,,0.0
202211291435,,0.0
202211291440,,0.0
202211291445,,0.0
202211291455,,0.0
202211291500,,0.0
202211291510,,0.0
202211291515,,0.0
202211291535,,0.0
202211291540,,0.0
202211291550,,0.0
202211291600,,0.0
202211291610,,0.0
202211291615,,0.0
202211291620,,0.0
202211291630,,0.0
202211291635,,0.0
202211291645,,0.0
202211291650,,0.0
202211291655,,0.0
202211291700,,0.0
202211291710,,0.0
202211291720,,0.0
202211291725,,0.0
202211291730,,0.0
202211291735,,0.0
202211291740,,0.0
202211291745,,0.0
202211291750,,0.0
202211291755,,0.0
202211291800,,0.0
202211291810,,0.0
202211291815,49.0,0.4
202211291820,298.0,0.4
202211291835,,0.0
202211291900,,0.0
202211291915,,0.0
202211291920,,0.0
202211291930,,0.0
202211291940,214.0,0.4
202211291945,,0.0
202211291950,,0.0
202211291955,,0.0
202211292010,,0.0
202211292020,,0.0
202211292025,111.0,0.4
202211292030,96.0,0.4
202211292035,,0.0
202211292040,,0.0
202211292045,,0.0
202211292050,,0.0
202211292055,107.0,0.9
202211292100,162.0,0.9
202211292110,,0.0
202211292115,,0.0
202211292120,,0.0
202211292135,,0.0
202211292140,,0.0
202211292145,,0.0
202211292150,,0.0
202211292155,,0.0
202211292200,,0.0
202211292210,,0.0
202211292215,,0.0
202211292225,,0.0
202211292230,,0.0
202211292235,,0.0
202211292240,,0.0
202211292245,,0.0
202211292250,,0.0
202211292255,,0.0
202211292300,,0.0
202211292310,,0.0
202211292315,,0.0
202211292325,,0.0
202211292330,,0.0
202211292335,,0.0
202211292340,,0.0
202211292345,,0.0
202211292350,,0.0
202211300015,,0.0
202211300020,,0.0
202211300035,,0.0
202211300040,,0.0
202211300045,,0.0
202211300055,,0.0
202211300100,,0.0
202211300110,,0.0
202211300115,,0.0
202211300120,,0.0
202211300125,,0.0
202211300130,,0.0
202211300135,,0.0
202211300145,,0.0
202211300150,,0.0
202211300155,,0.0
202211300200,,0.0
202211300210,,0.0
202211300215,,0.0
202211300245,,0.0
202211300250,,0.0
202211300255,,0.0
202211300300,,0.0
202211300310,,0.0
202211300315,,0.0
202211300320,,0.0
202211300325,98.0,0.4
202211300330,116.0,0.4
202211300335,121.0,0.4
202211300340,99.0,0.4
202211300345,93.0,0.4
202211300350,100.0,0.4
202211300355,140.0,0.4
202211300400,89.0,0.4
202211300410,98.0,0.4
202211300415,,0.0
202211300420,,0.0
202211300425,,0.0
202211300430,,0.0
202211300440,,0.0
202211300445,110.0,0.4
202211300450,112.0,0.4
202211300510,,0.0
202211300515,,0.0
202211300520,,0.0
202211300535,,0.0
202211300540,,0.0
202211300545,137.0,0.4
202211300555,,0.0
202211300600,,0.0
202211300610,119.0,0.4
202211300615,,0.0
202211300620,,0.0
202211300625,,0.0
202211300630,,0.0
202211300645,,0.0
202211300655,,0.0
202211300700,,0.0
202211300710,,0.0
202211300715,,0.0
202211300720,,0.0
202211300725,,0.0
202211300730,,0.0
202211300735,,0.0
202211300740,,0.0
202211300745,,0.0
202211300750,,0.0
202211300755,,0.0
202211300800,,0.0
202211300810,,0.0
202211300815,,0.0
202211300820,,0.0
202211300825,,0.0
202211300830,,0.0
202211300835,,0.0
202211300840,,0.0
202211300845,,0.0
202211300850,,0.0
202211300855,,0.0
202211300900,,0.0
202211300910,,0.0
202211300920,,0.0
202211300925,,0.0
202211300930,,0.0
202211300940,,0.0
202211300950,,0.0
202211300955,,0.0
202211301000,,0.0
202211301010,,0.0
202211301015,,0.0
202211301020,,0.0
202211301030,,0.0
202211301035,,0.0
202211301040,,0.0
202211301045,,0.0
202211301050,,0.0
202211301055,,0.0
202211301100,,0.0
202211301110,,0.0
202211301115,,0.0
202211301125,,0.0
202211301130,,0.0
202211301135,297.0,0.9
202211301145,125.0,0.9
202211301155,,0.0
202211301200,,0.0
202211301210,229.0,1.3
202211301215,190.0,2.2
202211301220,201.0,2.2
202211301225,199.0,2.2
202211301235,235.0,2.2
202211301240,204.0,2.2
202211301245,225.0,2.2
202211301250,225.0,2.2
202211301255,217.0,1.3
202211301300,209.0,1.3
202211301310,180.0,2.2
202211301315,120.0,0.9
202211301325,,0.0
202211301335,,0.0
202211301340,,0.0
202211301350,,0.0
202211301400,,0.0
202211301410,,0.0
202211301415,,0.0
202211301425,,0.0
202211301430,,0.0
202211301445,129.0,1.3
202211301450,120.0,1.3
202211301455,200.0,0.9
202211301500,210.0,0.9
202211301515,194.0,0.9
202211301520,173.0,0.9
202211301525,199.0,0.9
202211301540,234.0,1.3
202211301545,194.0,0.9
202211301555,191.0,0.9
202211301610,165.0,1.3
202211301615,190.0,1.3
202211301620,213.0,1.3
202211301625,217.0,1.3
202211301630,205.0,1.3
202211301635,220.0,2.2
202211301700,199.0,2.2
202211301710,217.0,2.2
202211301720,199.0,2.2
202211301725,209.0,2.7
202211301740,224.0,2.7
202211301745,217.0,2.7
202211301750,229.0,2.7
202211301755,230.0,2.2
202211301800,215.0,2.2
202211301815,211.0,2.2
202211301820,241.0,2.2
202211301825,244.0,2.2
202211301830,206.0,2.2
202211301835,211.0,2.2
202211301840,229.0,2.2
202211301845,236.0,2.2
202211301850,207.0,2.2
202211301855,226.0,2.2
202211301900,209.0,2.2
202211301910,211.0,2.2
202211301915,208.0,2.2
202211301920,198.0,2.2
202211301925,218.0,2.2
202211301930,219.0,2.2
202211301935,198.0,1.3
202211301940,192.0,1.3
202211301945,272.0,2.2
202211301950,226.0,2.2
202211301955,211.0,2.2
202211302010,245.0,2.7
202211302015,237.0,2.2
202211302025,230.0,2.2
202211302045,280.0,2.2
202211302050,243.0,2.2
202211302055,270.0,1.3
202211302100,322.0,1.3
202211302110,284.0,1.3
202211302115,11.0,1.3
202211302120,245.0,1.3
202211302125,263.0,1.3
202211302135,253.0,0.9
202211302145,276.0,0.9
202211302150,197.0,0.9
202211302155,226.0,0.9
202211302200,205.0,0.9
202211302210,210.0,0.9
202211302215,301.0,0.9
202211302220,143.0,0.9
202211302225,274.0,0.4
202211302230,313.0,0.4
202211302235,328.0,0.9
202211302240,317.0,0.9
202211302250,320.0,2.7
202211302255,321.0,2.7
202211302300,335.0,2.7
202211302310,339.0,2.7
202211302315,324.0,3.1
202211302320,320.0,3.1
202211302325,314.0,2.7
202211302330,318.0,2.7
202211302340,332.0,2.7
202211302350,323.0,2.2
202211302355,319.0,2.7
202212010000,331.0,2.7
202212010010,317.0,2.7
202212010015,315.0,2.7
202212010020,327.0,2.7
202212010025,330.0,3.1
202212010035,326.0,3.1
202212010050,331.0,2.7
202212010100,327.0,3.1
202212010110,332.0,3.6
202212010115,307.0,2.2
202212010120,330.0,2.2
202212010125,318.0,1.3
202212010130,298.0,1.3
202212010135,343.0,1.3
202212010140,323.0,1.3
202212010145,324.0,1.3
202212010150,329.0,1.3
202212010155,315.0,2.2
202212010200,330.0,2.2
202212010210,326.0,2.7
202212010215,323.0,3.1
202212010220,327.0,3.1
202212010225,350.0,2.2
202212010230,339.0,2.2
202212010235,319.0,3.1
202212010240,325.0,3.1
202212010250,329.0,2.7
202212010255,322.0,2.2
202212010300,327.0,2.2
202212010310,343.0,2.2
202212010320,326.0,2.2
202212010325,327.0,2.7
202212010330,304.0,2.7
202212010335,321.0,2.2
202212010340,329.0,2.2
202212010345,321.0,2.2
202212010350,318.0,2.2
202212010355,330.0,1.3
202212010400,307.0,1.3
202212010410,323.0,0.9
202212010415,335.0,0.9
202212010420,313.0,0.9
202212010425,321.0,1.3
202212010430,322.0,1.3
202212010435,326.0,2.2
202212010450,324.0,1.3
202212010455,329.0,0.9
202212010500,318.0,0.9
202212010510,320.0,0.9
202212010515,317.0,0.9
202212010520,324.0,0.9
202212010525,329.0,0.9
202212010540,313.0,0.9
202212010545,315.0,0.9
202212010550,321.0,0.9
202212010555,329.0,0.9
202212010600,334.0,0.9
202212010610,338.0,2.2
202212010615,327.0,2.7
202212010620,316.0,2.7
202212010625,324.0,2.2
202212010635,318.0,2.2
202212010640,316.0,2.2
202212010645,318.0,2.2
202212010650,328.0,2.2
202212010700,332.0,2.2
202212010710,318.0,2.2
202212010715,330.0,2.2
202212010720,325.0,2.2
202212010725,335.0,1.3
202212010730,322.0,1.3
202212010735,317.0,0.9
202212010740,327.0,0.9
202212010745,321.0,0.4
202212010750,317.0,0.4
202212010800,,0.0
202212010815,,0.0
202212010820,,0.0
202212010825,,0.0
202212010830,,0.0
202212010835,,0.0
202212010845,,0.0
202212010850,,0.0
202212010855,,0.0
202212010900,,0.0
202212010910,,0.0
202212010915,,0.0
202212010920,,0.0
202212010925,,0.0
202212010930,,0.0
202212010950,328.0,0.4
202212010955,,0.0
202212011000,,0.0
202212011020,,0.0
202212011030,,0.0
202212011035,,0.0
202212011045,,0.0
202212011050,,0.0
202212011055,,0.0
202212011110,,0.0
202212011115,,0.0
202212011120,,0.0
202212011130,,0.0
202212011135,,0.0
202212011140,,0.0
202212011145,,0.0
202212011150,,0.0
202212011155,,0.0
202212011200,,0.0
202212011210,,0.0
202212011220,,0.0
202212011230,,0.0
202212011235,,0.0
202212011250,,0.0
202212011255,,0.0
202212011310,,0.0
202212011315,9.0,0.9
202212011320,12.0,0.9
202212011325,,0.0
202212011335,,0.0
202212011340,,0.0
202212011345,331.0,0.4
202212011350,356.0,0.4
202212011355,8.0,0.4
202212011400,6.0,0.4
202212011410,338.0,0.9
202212011415,336.0,0.9
202212011420,12.0,0.9
202212011425,345.0,1.3
202212011435,339.0,0.9
202212011440,10.0,0.9
202212011445,275.0,0.9
202212011450,351.0,0.9
202212011455,343.0,0.9
202212011500,342.0,0.9
202212011510,331.0,0.4
202212011515,1.0,0.4
202212011520,37.0,0.4
202212011525,4.0,0.4
202212011530,2.0,0.4
202212011540,9.0,0.4
202212011545,46.0,0.4
202212011550,68.0,0.4
202212011555,23.0,0.4
202212011600,58.0,0.4
202212011610,8.0,0.9
202212011615,332.0,0.9
202212011625,339.0,0.4
202212011635,,0.0
202212011640,,0.0
202212011655,30.0,0.9
202212011700,82.0,0.9
202212011710,,0.0
202212011715,,0.0
202212011720,,0.0
202212011725,63.0,0.4
202212011730,118.0,0.4
202212011740,350.0,0.9
202212011755,210.0,0.4
202212011800,332.0,0.4
202212011815,,0.0
202212011830,,0.0
202212011835,,0.0
202212011840,,0.0
202212011845,130.0,0.9
202212011850,246.0,0.9
202212011855,349.0,0.9
202212011915,,0.0
202212011920,,0.0
202212011925,,0.0
202212011930,,0.0
202212011940,,0.0
202212011950,5.0,0.9
202212011955,,0.0
202212012000,,0.0
202212012010,,0.0
202212012015,,0.0
202212012020,,0.0
202212012025,,0.0
202212012030,,0.0
202212012035,354.0,0.4
202212012050,,0.0
202212012055,,0.0
202212012100,,0.0
202212012110,,0.0
202212012115,,0.0
202212012120,,0.0
202212012125,,0.0
202212012130,,0.0
202212012135,,0.0
202212012140,,0.0
202212012145,,0.0
202212012150,,0.0
202212012155,,0.0
202212012200,,0.0
202212012210,,0.0
202212012215,,0.0
202212012220,,0.0
202212012225,,0.0
202212012230,,0.0
202212012235,,0.0
202212012240,,0.0
202212012245,,0.0
202212012250,,0.0
202212012255,,0.0
202212012300,,0.0
202212012320,,0.0
202212012325,,0.0
202212012330,,0.0
202212012335,,0.0
202212012345,,0.0
202212012350,,0.0
202212012355,,0.0
202212020000,,0.0
202212020010,,0.0
202212020015,,0.0
202212020040,,0.0
202212020045,,0.0
202212020050,,0.0
202212020055,,0.0
202212020100,,0.0
202212020110,,0.0
202212020115,,0.0
202212020120,,0.0
202212020125,,0.0
202212020130,,0.0
202212020135,,0.0
202212020145,,0.0
202212020150,,0.0
202212020155,,0.0
202212020200,,0.0
202212020210,,0.0
202212020215,,0.0
202212020220,,0.0
202212020225,,0.0
202212020230,,0.0
202212020235,,0.0
202212020240,,0.0
202212020245,,0.0
202212020255,,0.0
202212020300,,0.0
202212020310,,0.0
202212020315,,0.0
202212020320,,0.0
202212020325,,0.0
202212020330,,0.0
202212020335,,0.0
202212020340,,0.0
202212020345,,0.0
202212020350,,0.0
202212020355,,0.0
202212020400,,0.0
202212020415,,0.0
202212020420,,0.0
202212020425,,0.0
202212020430,,0.0
202212020435,,0.0
202212020440,,0.0
202212020455,,0.0
202212020500,,0.0
202212020510,,0.0
202212020515,,0.0
202212020525,,0.0
202212020530,,0.0
202212020535,,0.0
202212020540,,0.0
202212020545,,0.0
202212020555,,0.0
202212020610,,0.0
202212020615,,0.0
202212020620,,0.0
202212020625,,0.0
202212020635,,0.0
202212020645,,0.0
202212020655,,0.0
202212020715,,0.0
202212020720,,0.0
202212020725,,0.0
202212020730,,0.0
202212020735,,0.0
202212020740,,0.0
202212020745,,0.0
202212020750,,0.0
202212020755,,0.0
202212020800,,0.0
202212020815,,0.0
202212020820,,0.0
202212020830,,0.0
202212020835,,0.0
202212020840,,0.0
202212020845,,0.0
202212020855,,0.0
202212020925,,0.0
202212020930,,0.0
202212020935,,0.0
202212020940,,0.0
202212020945,,0.0
202212020955,,0.0
202212021000,,0.0
202212021010,,0.0
202212021020,,0.0
202212021025,,0.0
202212021030,,0.0
202212021035,,0.0
202212021040,,0.0
202212021045,,0.0
202212021050,,0.0
202212021055,,0.0
202212021100,,0.0
202212021110,,0.0
202212021115,,0.0
202212021125,,0.0
202212021130,,0.0
202212021135,,0.0
202212021145,,0.0
202212021150,,0.0
202212021155,,0.0
202212021200,,0.0
202212021210,,0.0
202212021225,,0.0
202212021230,,0.0
202212021235,,0.0
202212021240,,0.0
202212021250,,0.0
202212021255,,0.0
202212021300,,0.0
202212021310,,0.0
202212021325,,0.0
202212021330,,0.0
202212021340,,0.0
202212021345,,0.0
202212021355,,0.0
202212021410,,0.0
202212021415,,0.0
202212021420,,0.0
202212021430,,0.0
202212021435,,0.0
202212021440,,0.0
202212021450,,0.0
202212021455,,0.0
202212021500,,0.0
202212021510,,0.0
202212021515,,0.0
202212021520,,0.0
202212021525,,0.0
202212021530,,0.0
202212021535,,0.0
202212021545,,0.0
202212021550,,0.0
202212021555,,0.0
202212021600,,0.0
202212021610,,0.0
202212021615,,0.0
202212021620,,0.0
202212021630,,0.0
202212021635,,0.0
202212021645,,0.0
202212021650,,0.0
202212021655,,0.0
202212021700,,0.0
202212021710,,0.0
202212021715,,0.0
202212021720,,0.0
202212021725,,0.0
202212021730,,0.0
202212021735,297.0,0.4
202212021745,,0.0
202212021750,,0.0
202212021810,,0.0
202212021820,,0.0
202212021825,,0.0
202212021830,,0.0
202212021835,,0.0
202212021840,,0.0
202212021855,,0.0
202212021900,,0.0
202212021910,,0.0
202212021915,,0.0
202212021920,,0.0
202212021930,,0.0
202212021950,,0.0
202212021955,,0.0
202212022000,,0.0
202212022010,,0.0
202212022015,,0.0
202212022025,,0.0
202212022030,,0.0
202212022040,,0.0
202212022045,,0.0
202212022050,,0.0
202212022100,,0.0
202212022110,,0.0
202212022115,,0.0
202212022120,,0.0
202212022125,,0.0
202212022130,,0.0
202212022135,,0.0
202212022140,,0.0
202212022150,,0.0
202212022200,,0.0
202212022210,,0.0
202212022215,,0.0
202212022220,,0.0
202212022230,,0.0
202212022235,,0.0
202212022240,,0.0
202212022245,,0.0
202212022250,,0.0
202212022255,,0.0
202212022300,,0.0
202212022310,,0.0
202212022315,,0.0
202212022325,,0.0
202212022335,,0.0
202212022350,,0.0
202212030000,,0.0
202212030010,,0.0
202212030015,,0.0
202212030025,,0.0
202212030030,,0.0
202212030035,,0.0
202212030045,,0.0
202212030050,,0.0
202212030055,,0.0
202212030100,,0.0
202212030110,,0.0
202212030120,,0.0
202212030130,,0.0
202212030135,,0.0
202212030140,,0.0
202212030150,,0.0
202212030155,,0.0
202212030200,,0.0
202212030215,,0.0
202212030220,,0.0
202212030230,,0.0
202212030245,,0.0
202212030250,,0.0
202212030255,,0.0
202212030310,,0.0
202212030315,,0.0
202212030320,,0.0
202212030325,,0.0
202212030330,,0.0
202212030335,,0.0
202212030345,,0.0
202212030350,,0.0
202212030355,,0.0
202212030400,,0.0
202212030410,,0.0
202212030415,,0.0
202212030420,,0.0
202212030425,,0.0
202212030430,,0.0
202212030435,,0.0
202212030440,,0.0
202212030445,,0.0
202212030455,,0.0
202212030510,,0.0
202212030525,,0.0
202212030530,,0.0
202212030535,,0.0
202212030540,,0.0
202212030545,,0.0
202212030550,,0.0
202212030555,,0.0
202212030600,,0.0
202212030610,,0.0
202212030630,,0.0
202212030640,,0.0
202212030645,,0.0
202212030650,,0.0
202212030710,,0.0
202212030715,,0.0
202212030720,,0.0
202212030725,,0.0
202212030730,,0.0
202212030735,,0.0
202212030740,,0.0
202212030750,,0.0
202212030755,,0.0
202212030815,,0.0
202212030820,,0.0
202212030825,,0.0
202212030835,,0.0
202212030840,,0.0
202212030845,,0.0
202212030855,,0.0
202212030900,,0.0
202212030910,,0.0
202212030915,,0.0
202212030925,,0.0
202212030935,,0.0
202212030940,,0.0
202212030945,,0.0
202212030950,,0.0
202212030955,,0.0
202212031000,,0.0
202212031010,,0.0
202212031015,,0.0
202212031025,,0.0
202212031030,,0.0
202212031035,,0.0
202212031040,,0.0
202212031050,,0.0
202212031055,,0.0
202212031110,,0.0
202212031115,,0.0
202212031120,,0.0
202212031125,,0.0
202212031130,,0.0
202212031135,,0.0
202212031140,,0.0
202212031145,,0.0
202212031150,,0.0
202212031155,,0.0
202212031200,,0.0
202212031210,,0.0
202212031215,,0.0
202212031220,,0.0
202212031230,,0.0
202212031235,,0.0
202212031240,,0.0
202212031245,,0.0
202212031250,,0.0
202212031255,,0.0
202212031300,,0.0
202212031310,,0.0
202212031315,,0.0
202212031320,,0.0
202212031335,,0.0
202212031340,,0.0
202212031345,,0.0
202212031350,,0.0
202212031355,185.0,0.9
202212031400,201.0,0.9
202212031410,154.0,2.2
202212031415,206.0,1.3
202212031420,171.0,1.3
202212031425,146.0,0.9
202212031430,256.0,0.9
202212031435,203.0,0.9
202212031440,221.0,0.9
202212031445,163.0,0.4
202212031455,213.0,0.4
202212031500,175.0,0.4
202212031510,219.0,0.9
202212031515,191.0,1.3
202212031520,173.0,1.3
202212031525,182.0,1.3
202212031530,188.0,1.3
202212031535,207.0,1.3
202212031540,187.0,1.3
202212031550,172.0,1.3
202212031600,131.0,1.3
202212031610,182.0,0.9
202212031615,190.0,2.2
202212031620,198.0,2.2
202212031625,226.0,1.3
202212031630,222.0,1.3
202212031635,216.0,2.2
202212031640,195.0,2.2
202212031645,221.0,0.9
202212031650,295.0,0.9
202212031655,231.0,0.9
202212031700,202.0,0.9
202212031710,197.0,2.2
202212031720,184.0,1.3
202212031725,202.0,0.9
202212031730,216.0,0.9
202212031735,197.0,0.9
202212031740,206.0,0.9
202212031750,226.0,1.3
202212031755,195.0,2.2
202212031800,206.0,2.2
202212031810,211.0,1.3
202212031815,9.0,0.9
202212031820,309.0,0.9
202212031830,335.0,0.4
202212031835,342.0,0.4
202212031845,325.0,0.9
202212031850,320.0,0.9
202212031855,335.0,0.9
202212031900,348.0,0.9
202212031910,340.0,2.2
202212031915,318.0,1.3
202212031925,289.0,0.9
202212031930,299.0,0.9
202212031935,,0.0
202212031940,,0.0
202212031945,,0.0
202212031950,,0.0
202212031955,,0.0
202212032000,,0.0
202212032010,,0.0
202212032015,,0.0
202212032025,209.0,0.4
202212032030,203.0,0.4
202212032035,,0.0
202212032040,,0.0
202212032045,,0.0
202212032050,,0.0
202212032055,,0.0
202212032110,,0.0
202212032115,,0.0
202212032120,,0.0
202212032125,,0.0
202212032130,,0.0
202212032135,,0.0
202212032150,,0.0
202212032155,,0.0
202212032200,,0.0
202212032210,,0.0
202212032215,,0.0
202212032220,,0.0
202212032225,,0.0
202212032230,,0.0
202212032235,,0.0
202212032240,,0.0
202212032245,,0.0
202212032255,,0.0
202212032300,,0.0
202212032310,,0.0
202212032320,,0.0
202212032325,,0.0
202212032330,,0.0
202212032340,,0.0
202212032345,,0.0
202212032350,,0.0
202212032355,,0.0
202212040000,,0.0
202212040010,,0.0
202212040015,,0.0
202212040025,,0.0
202212040030,,0.0
202212040035,,0.0
202212040040,,0.0
202212040045,227.0,0.9
202212040050,218.0,0.9
202212040055,233.0,0.4
202212040100,203.0,0.4
202212040110,,0.0
202212040115,209.0,0.4
202212040120,219.0,0.4
202212040130,230.0,0.4
202212040135,,0.0
202212040140,,0.0
202212040145,,0.0
202212040155,,0.0
202212040210,,0.0
202212040235,,0.0
202212040240,,0.0
202212040245,,0.0
202212040255,,0.0
202212040310,,0.0
202212040320,,0.0
202212040325,,0.0
202212040330,,0.0
202212040335,,0.0
202212040340,,0.0
202212040350,,0.0
202212040355,,0.0
202212040400,,0.0
202212040410,,0.0
202212040415,,0.0
202212040420,,0.0
202212040425,,0.0
202212040430,,0.0
202212040435,,0.0
202212040440,,0.0
202212040445,,0.0
202212040450,,0.0
202212040455,,0.0
202212040500,,0.0
202212040520,,0.0
202212040530,,0.0
202212040535,,0.0
202212040540,,0.0
202212040545,,0.0
202212040550,,0.0
202212040555,,0.0
202212040610,,0.0
202212040615,,0.0
202212040620,,0.0
202212040625,333.0,0.4
202212040630,331.0,0.4
202212040640,,0.0
202212040645,,0.0
202212040655,,0.0
202212040710,,0.0
202212040715,,0.0
202212040720,,0.0
202212040725,,0.0
202212040730,,0.0
202212040735,,0.0
202212040745,,0.0
202212040750,,0.0
202212040800,,0.0
202212040810,,0.0
202212040815,,0.0
202212040825,,0.0
202212040835,,0.0
202212040840,,0.0
202212040845,323.0,0.9
202212040850,347.0,0.9
202212040855,,0.0
202212040900,,0.0
202212040930,340.0,1.3
202212040935,347.0,0.9
202212040945,,0.0
202212040950,,0.0
202212040955,,0.0
202212041000,,0.0
202212041010,,0.0
202212041015,,0.0
202212041020,,0.0
202212041025,,0.0
202212041030,,0.0
202212041040,,0.0
202212041045,,0.0
202212041050,,0.0
202212041055,,0.0
202212041100,,0.0
202212041110,,0.0
202212041115,,0.0
202212041120,,0.0
202212041130,,0.0
202212041135,,0.0
202212041145,,0.0
202212041150,,0.0
202212041200,,0.0
202212041210,,0.0
202212041215,,0.0
202212041220,,0.0
202212041230,,0.0
202212041245,,0.0
202212041250,,0.0
202212041255,,0.0
202212041300,,0.0
202212041310,,0.0
202212041315,,0.0
202212041325,,0.0
202212041330,,0.0
202212041335,,0.0
202212041340,,0.0
202212041345,,0.0
202212041350,,0.0
202212041355,,0.0
202212041400,,0.0
202212041415,,0.0
202212041420,,0.0
202212041430,,0.0
202212041435,,0.0
202212041440,,0.0
202212041445,,0.0
202212041455,,0.0
202212041500,,0.0
202212041510,,0.0
202212041515,,0.0
202212041520,,0.0
202212041525,,0.0
202212041535,,0.0
202212041545,,0.0
202212041550,,0.0
202212041600,,0.0
202212041615,,0.0
202212041625,,0.0
202212041630,,0.0
202212041640,,0.0
202212041645,,0.0
202212041650,,0.0
202212041655,,0.0
202212041710,,0.0
202212041715,,0.0
202212041725,,0.0
202212041730,,0.0
202212041735,,0.0
202212041750,,0.0
202212041755,,0.0
202212041800,,0.0
202212041810,,0.0
202212041820,,0.0
202212041825,311.0,0.9
202212041835,235.0,0.9
202212041840,301.0,0.9
202212041845,235.0,0.9
202212041850,246.0,0.9
202212041855,178.0,0.9
202212041900,330.0,0.9
202212041910,354.0,0.9
202212041915,312.0,0.9
202212041920,328.0,0.9
202212041925,311.0,0.9
202212041930,335.0,0.9
202212041945,,0.0
202212041950,,0.0
202212042000,299.0,0.4
202212042020,,0.0
202212042025,,0.0
202212042040,,0.0
202212042045,,0.0
202212042050,,0.0
202212042055,300.0,0.4
202212042100,322.0,0.4
202212042110,321.0,1.3
202212042120,342.0,0.9
202212042130,322.0,1.3
202212042140,322.0,1.3
202212042150,296.0,2.2
202212042155,292.0,1.3
202212042200,316.0,1.3
202212042210,334.0,2.2
202212042215,335.0,1.3
202212042220,313.0,1.3
202212042225,301.0,0.9
202212042230,297.0,0.9
202212042235,,0.0
202212042240,,0.0
202212042245,,0.0
202212042250,,0.0
202212042255,,0.0
202212042310,,0.0
202212042315,,0.0
202212042320,,0.0
202212042325,,0.0
202212042330,,0.0
202212042335,,0.0
202212042340,,0.0
202212042345,,0.0
202212042350,,0.0
202212042355,,0.0
202212050010,,0.0
202212050015,,0.0
202212050020,,0.0
202212050030,,0.0
202212050035,,0.0
202212050040,,0.0
202212050050,,0.0
202212050055,,0.0
202212050100,,0.0
202212050110,,0.0
202212050115,,0.0
202212050120,,0.0
202212050125,,0.0
202212050130,,0.0
202212050135,,0.0
202212050155,,0.0
202212050210,,0.0
202212050215,,0.0
202212050225,,0.0
202212050230,,0.0
202212050235,,0.0
202212050240,,0.0
202212050245,,0.0
202212050255,,0.0
202212050300,,0.0
202212050310,,0.0
202212050315,,0.0
202212050320,,0.0
202212050325,,0.0
202212050330,,0.0
202212050335,,0.0
202212050340,,0.0
202212050350,,0.0
202212050355,,0.0
202212050400,,0.0
202212050410,,0.0
202212050415,,0.0
202212050420,,0.0
202212050425,,0.0
202212050430,,0.0
202212050435,,0.0
202212050440,,0.0
202212050450,,0.0
202212050455,,0.0
202212050510,,0.0
202212050515,,0.0
202212050520,,0.0
202212050525,,0.0
202212050530,,0.0
202212050535,,0.0
202212050545,,0.0
202212050550,,0.0
202212050555,,0.0
202212050600,,0.0
202212050610,,0.0
202212050620,,0.0
202212050625,,0.0
202212050635,,0.0
202212050640,,0.0
202212050650,,0.0
202212050710,,0.0
202212050715,,0.0
202212050720,,0.0
202212050730,,0.0
202212050740,,0.0
202212050745,,0.0
202212050750,,0.0
202212050755,,0.0
202212050800,,0.0
202212050810,,0.0
202212050815,,0.0
202212050820,,0.0
202212050825,,0.0
202212050830,,0.0
202212050835,,0.0
202212050845,,0.0
202212050850,,0.0
202212050855,,0.0
202212050910,,0.0
202212050915,,0.0
202212050920,,0.0
202212050930,,0.0
202212050935,,0.0
202212050940,,0.0
202212050945,,0.0
202212050950,,0.0
202212050955,,0.0
202212051000,,0.0
202212051010,,0.0
202212051015,,0.0
202212051020,,0.0
202212051025,,0.0
202212051030,,0.0
202212051035,,0.0
202212051045,,0.0
202212051050,,0.0
202212051110,,0.0
202212051115,,0.0
202212051120,,0.0
202212051125,,0.0
202212051130,,0.0
202212051135,,0.0
202212051140,,0.0
202212051145,,0.0
202212051150,,0.0
202212051155,,0.0
202212051200,,0.0
202212051210,,0.0
202212051215,,0.0
202212051220,,0.0
202212051230,,0.0
202212051235,,0.0
202212051240,,0.0
202212051245,,0.0
202212051255,,0.0
202212051300,,0.0
202212051310,,0.0
202212051315,,0.0
202212051320,,0.0
202212051325,,0.0
202212051335,,0.0
202212051350,,0.0
202212051400,,0.0
202212051410,,0.0
202212051415,,0.0
202212051430,,0.0
202212051435,,0.0
202212051440,,0.0
202212051445,,0.0
202212051455,,0.0
202212051500,,0.0
202212051510,,0.0
202212051515,,0.0
202212051520,,0.0
202212051525,,0.0
202212051530,,0.0
202212051535,,0.0
202212051545,,0.0
202212051550,,0.0
202212051555,,0.0
202212051600,,0.0
202212051620,,0.0
202212051630,,0.0
202212051635,,0.0
202212051640,,0.0
202212051645,,0.0
202212051655,327.0,0.4
202212051700,6.0,0.4
202212051710,,0.0
202212051715,,0.0
202212051720,,0.0
202212051740,,0.0
202212051745,,0.0
202212051755,,0.0
202212051800,,0.0
202212051810,,0.0
202212051815,,0.0
202212051820,,0.0
202212051825,,0.0
202212051830,,0.0
202212051835,,0.0
202212051840,,0.0
202212051850,,0.0
202212051855,,0.0
202212051900,,0.0
202212051910,,0.0
202212051915,,0.0
202212051920,,0.0
202212051930,,0.0
202212051935,,0.0
202212051945,,0.0
202212051950,,0.0
202212051955,,0.0
202212052010,,0.0
202212052015,,0.0
202212052020,,0.0
202212052025,,0.0
202212052030,,0.0
202212052035,,0.0
202212052040,,0.0
202212052110,,0.0
202212052120,,0.0
202212052125,,0.0
202212052135,,0.0
202212052145,,0.0
202212052150,,0.0
202212052155,,0.0
202212052200,,0.0
202212052215,,0.0
202212052220,,0.0
202212052235,,0.0
202212052255,,0.0
202212052300,,0.0
202212052320,,0.0
202212052325,,0.0
202212052330,,0.0
202212052335,,0.0
202212052340,,0.0
202212052350,,0.0
202212052355,,0.0
202212060000,,0.0
202212060010,,0.0
202212060015,,0.0
202212060020,,0.0
202212060025,,0.0
202212060030,,0.0
202212060035,,0.0
202212060040,,0.0
202212060045,,0.0
202212060050,,0.0
202212060055,,0.0
202212060100,,0.0
202212060110,,0.0
202212060115,,0.0
202212060120,,0.0
202212060125,,0.0
202212060135,,0.0
202212060140,,0.0
202212060145,,0.0
202212060155,,0.0
202212060200,,0.0
202212060210,,0.0
202212060215,,0.0
202212060225,,0.0
202212060230,,0.0
202212060235,,0.0
202212060240,,0.0
202212060245,,0.0
202212060250,,0.0
202212060255,,0.0
202212060300,,0.0
202212060310,,0.0
202212060315,,0.0
202212060320,,0.0
202212060325,,0.0
202212060345,,0.0
202212060350,,0.0
202212060355,,0.0
202212060400,,0.0
202212060415,,0.0
202212060420,,0.0
202212060425,,0.0
202212060430,,0.0
202212060440,,0.0
202212060450,,0.0
202212060455,,0.0
202212060500,,0.0
202212060510,,0.0
202212060515,,0.0
202212060520,,0.0
202212060525,,0.0
202212060530,,0.0
202212060535,,0.0
202212060540,,0.0
202212060545,,0.0
202212060550,,0.0
202212060600,,0.0
202212060610,,0.0
202212060615,,0.0
202212060620,,0.0
202212060625,,0.0
202212060630,,0.0
202212060635,,0.0
202212060650,,0.0
202212060655,,0.0
202212060700,,0.0
202212060710,,0.0
202212060715,,0.0
202212060720,,0.0
202212060730,,0.0
202212060735,,0.0
202212060740,,0.0
202212060755,,0.0
202212060800,,0.0
202212060810,,0.0
202212060815,,0.0
202212060820,,0.0
202212060825,,0.0
202212060830,,0.0
202212060835,,0.0
202212060840,,0.0
202212060845,,0.0
202212060855,,0.0
202212060900,,0.0
202212060910,,0.0
202212060920,,0.0
202212060925,,0.0
202212060930,,0.0
202212060940,,0.0
202212060945,,0.0
202212060955,,0.0
202212061000,,0.0
202212061010,,0.0
202212061015,,0.0
202212061020,,0.0
202212061025,,0.0
202212061030,,0.0
202212061035,,0.0
202212061040,,0.0
202212061050,,0.0
202212061055,,0.0
202212061100,,0.0
202212061110,,0.0
202212061120,,0.0
202212061125,,0.0
202212061130,,0.0
202212061135,,0.0
202212061140,,0.0
202212061150,,0.0
202212061200,,0.0
202212061210,,0.0
202212061215,,0.0
202212061230,,0.0
202212061235,,0.0
202212061240,,0.0
202212061245,,0.0
202212061250,,0.0
202212061300,,0.0
202212061310,,0.0
202212061325,,0.0
202212061330,,0.0
202212061340,,0.0
202212061345,,0.0
202212061400,,0.0
202212061420,,0.0
202212061435,,0.0
202212061440,,0.0
202212061445,,0.0
202212061450,,0.0
202212061500,,0.0
202212061510,,0.0
202212061515,,0.0
202212061530,,0.0
202212061535,,0.0
202212061540,,0.0
202212061550,,0.0
202212061555,,0.0
202212061600,,0.0
202212061610,,0.0
202212061615,,0.0
202212061630,,0.0
202212061635,,0.0
202212061640,,0.0
202212061645,,0.0
202212061650,,0.0
202212061655,,0.0
202212061700,,0.0
202212061710,,0.0
202212061715,,0.0
202212061720,,0.0
202212061725,,0.0
202212061730,,0.0
202212061735,,0.0
202212061745,,0.0
202212061750,,0.0
202212061755,,0.0
202212061800,,0.0
202212061810,,0.0
202212061815,,0.0
202212061820,,0.0
202212061825,,0.0
202212061835,,0.0
202212061840,,0.0
202212061900,,0.0
202212061910,,0.0
202212061915,,0.0
202212061920,,0.0
202212061925,,0.0
202212061930,,0.0
202212061935,,0.0
202212061945,,0.0
202212061950,,0.0
202212061955,,0.0
202212062000,,0.0
202212062010,,0.0
202212062015,,0.0
202212062020,,0.0
202212062025,,0.0
202212062035,,0.0
202212062040,,0.0
202212062045,,0.0
202212062050,,0.0
202212062055,,0.0
202212062110,,0.0
202212062115,,0.0
202212062120,,0.0
202212062125,,0.0
202212062130,,0.0
202212062135,,0.0
202212062140,,0.0
202212062150,,0.0
202212062220,,0.0
202212062225,,0.0
202212062230,,0.0
202212062240,,0.0
202212062245,,0.0
202212062250,,0.0
202212062255,,0.0
202212062300,,0.0
202212062315,,0.0
202212062320,,0.0
202212062325,,0.0
202212062330,,0.0
202212062335,,0.0
202212062340,,0.0
202212062350,,0.0
202212062355,,0.0
202212070010,,0.0
202212070015,,0.0
202212070020,,0.0
202212070030,,0.0
202212070035,,0.0
202212070040,,0.0
202212070055,,0.0
202212070110,,0.0
202212070115,,0.0
202212070120,,0.0
202212070125,,0.0
202212070135,,0.0
202212070140,,0.0
202212070145,,0.0
202212070150,,0.0
202212070155,,0.0
202212070210,,0.0
202212070215,,0.0
202212070220,,0.0
202212070225,,0.0
202212070230,,0.0
202212070235,,0.0
202212070240,,0.0
202212070300,,0.0
202212070310,,0.0
202212070315,,0.0
202212070320,,0.0
202212070325,,0.0
202212070330,,0.0
202212070335,,0.0
202212070340,,0.0
202212070345,,0.0
202212070400,,0.0
202212070410,,0.0
202212070415,,0.0
202212070420,,0.0
202212070430,,0.0
202212070435,,0.0
202212070440,,0.0
202212070445,,0.0
202212070450,,0.0
202212070500,,0.0
202212070510,,0.0
202212070515,,0.0
202212070520,,0.0
202212070525,,0.0
202212070530,,0.0
202212070535,,0.0
202212070540,,0.0
202212070545,,0.0
202212070550,,0.0
202212070555,,0.0
202212070610,,0.0
202212070615,,0.0
202212070620,,0.0
202212070630,,0.0
202212070635,,0.0
202212070640,,0.0
202212070655,,0.0
202212070700,,0.0
202212070710,,0.0
202212070715,,0.0
202212070725,,0.0
202212070730,,0.0
202212070735,,0.0
202212070740,,0.0
202212070745,,0.0
202212070750,,0.0
202212070755,,0.0
202212070800,,0.0
202212070810,,0.0
202212070815,,0.0
202212070820,,0.0
202212070825,,0.0
202212070835,,0.0
202212070840,,0.0
202212070845,,0.0
202212070850,,0.0
202212070900,,0.0
202212070910,,0.0
202212070915,,0.0
202212070920,,0.0
202212070925,,0.0
202212070935,,0.0
202212070940,,0.0
202212070945,,0.0
202212070950,,0.0
202212070955,,0.0
202212071000,,0.0
202212071010,,0.0
202212071015,,0.0
202212071020,,0.0
202212071035,,0.0
202212071040,,0.0
202212071050,,0.0
202212071100,,0.0
202212071115,,0.0
202212071120,,0.0
202212071125,,0.0
202212071130,,0.0
202212071135,,0.0
202212071140,,0.0
202212071145,,0.0
202212071150,,0.0
202212071155,,0.0
202212071200,,0.0
202212071215,,0.0
202212071225,,0.0
202212071230,,0.0
202212071235,,0.0
202212071240,,0.0
202212071245,,0.0
202212071250,,0.0
202212071255,,0.0
202212071300,,0.0
202212071320,,0.0
202212071335,,0.0
202212071340,,0.0
202212071345,,0.0
202212071355,,0.0
202212071410,,0.0
202212071425,,0.0
202212071430,,0.0
202212071435,,0.0
202212071440,,0.0
202212071445,,0.0
202212071450,,0.0
202212071455,,0.0
202212071500,,0.0
202212071515,,0.0
202212071520,,0.0
202212071525,,0.0
202212071530,,0.0
202212071535,,0.0
202212071540,,0.0
202212071545,,0.0
202212071550,,0.0
202212071555,229.0,0.4
202212071600,209.0,0.4
202212071620,,0.0
202212071630,,0.0
202212071635,205.0,0.4
202212071645,,0.0
202212071655,,0.0
202212071700,,0.0
202212071710,,0.0
202212071715,,0.0
202212071720,,0.0
202212071725,,0.0
202212071730,,0.0
202212071740,,0.0
202212071750,238.0,0.4
202212071755,227.0,0.9
202212071800,218.0,0.9
202212071810,226.0,0.9
202212071820,286.0,1.3
202212071825,225.0,2.2
202212071835,189.0,0.9
202212071840,243.0,0.9
202212071845,296.0,1.3
202212071850,210.0,1.3
202212071855,190.0,1.3
202212071900,247.0,1.3
202212071910,222.0,1.3
202212071915,252.0,1.3
202212071920,308.0,1.3
202212071925,240.0,0.9
202212071930,216.0,0.9
202212071945,200.0,0.9
202212071955,234.0,1.3
202212072000,255.0,1.3
202212072010,178.0,0.9
202212072015,213.0,0.9
202212072020,294.0,0.9
202212072025,254.0,0.9
202212072030,17.0,0.9
202212072035,300.0,0.9
202212072040,319.0,0.9
202212072050,283.0,0.9
202212072100,317.0,0.9
202212072110,331.0,0.9
202212072115,299.0,0.9
202212072120,305.0,0.9
202212072125,317.0,0.9
202212072130,323.0,0.9
202212072135,336.0,0.9
202212072140,327.0,0.9
202212072145,328.0,0.9
202212072155,,0.0
202212072200,,0.0
202212072215,,0.0
202212072225,,0.0
202212072230,,0.0
202212072240,,0.0
202212072245,,0.0
202212072250,,0.0
202212072255,216.0,0.4
202212072300,238.0,0.4
202212072310,223.0,0.9
202212072320,226.0,0.9
202212072325,208.0,0.9
202212072330,225.0,0.9
202212072335,217.0,0.4
202212072340,209.0,0.4
202212072350,222.0,0.9
202212072355,194.0,0.9
202212080010,192.0,0.9
202212080015,175.0,0.9
202212080020,211.0,0.9
202212080025,225.0,0.9
202212080030,226.0,0.9
202212080035,219.0,0.4
202212080040,214.0,0.4
202212080045,,0.0
202212080050,,0.0
202212080055,,0.0
202212080110,,0.0
202212080115,,0.0
202212080120,,0.0
202212080125,,0.0
202212080130,,0.0
202212080135,,0.0
202212080140,,0.0
202212080145,,0.0
202212080150,,0.0
202212080155,,0.0
202212080200,,0.0
202212080210,,0.0
202212080215,,0.0
202212080220,,0.0
202212080225,,0.0
202212080230,,0.0
202212080235,,0.0
202212080245,,0.0
202212080255,,0.0
202212080300,,0.0
202212080310,,0.0
202212080315,,0.0
202212080320,,0.0
202212080325,,0.0
202212080330,,0.0
202212080335,,0.0
202212080340,,0.0
202212080350,,0.0
202212080355,,0.0
202212080400,,0.0
202212080415,,0.0
202212080420,,0.0
202212080425,,0.0
202212080430,,0.0
202212080435,,0.0
202212080445,,0.0
202212080450,,0.0
202212080455,,0.0
202212080510,,0.0
202212080515,,0.0
202212080525,,0.0
202212080535,,0.0
202212080540,,0.0
202212080545,,0.0
202212080555,,0.0
202212080600,,0.0
202212080610,,0.0
202212080615,,0.0
202212080620,,0.0
202212080625,,0.0
202212080630,,0.0
202212080640,,0.0
202212080650,,0.0
202212080655,,0.0
202212080700,,0.0
202212080710,,0.0
202212080720,,0.0
202212080725,,0.0
202212080730,,0.0
202212080735,,0.0
202212080740,,0.0
202212080745,,0.0
202212080755,,0.0
202212080810,,0.0
202212080815,,0.0
202212080820,,0.0
202212080825,,0.0
202212080830,,0.0
202212080840,,0.0
202212080845,,0.0
202212080850,,0.0
202212080855,,0.0
202212080910,,0.0
202212080915,,0.0
202212080920,,0.0
202212080925,,0.0
202212080930,,0.0
202212080945,,0.0
202212080950,,0.0
202212080955,,0.0
202212081000,,0.0
202212081010,,0.0
202212081015,,0.0
202212081020,,0.0
202212081025,,0.0
202212081030,,0.0
202212081035,,0.0
202212081040,,0.0
202212081045,,0.0
202212081055,,0.0
202212081100,,0.0
202212081110,,0.0
202212081115,,0.0
202212081120,,0.0
202212081125,,0.0
202212081130,,0.0
202212081140,,0.0
202212081145,,0.0
202212081150,,0.0
202212081155,,0.0
202212081200,,0.0
202212081220,,0.0
202212081225,,0.0
202212081230,,0.0
202212081240,,0.0
202212081245,,0.0
202212081250,,0.0
202212081255,,0.0
202212081300,,0.0
202212081310,,0.0
202212081320,,0.0
202212081325,,0.0
202212081330,,0.0
202212081335,,0.0
202212081340,,0.0
202212081345,,0.0
202212081350,,0.0
202212081400,,0.0
202212081410,,0.0
202212081420,,0.0
202212081425,,0.0
202212081435,,0.0
202212081440,,0.0
202212081445,,0.0
202212081450,,0.0
202212081455,,0.0
202212081500,,0.0
202212081510,,0.0
202212081515,323.0,0.4
202212081525,329.0,0.4
202212081530,335.0,0.4
202212081540,295.0,1.3
202212081545,318.0,0.9
202212081600,309.0,2.2
202212081610,340.0,1.3
202212081615,344.0,0.9
202212081620,38.0,0.9
202212081625,7.0,0.4
202212081640,,0.0
202212081645,330.0,0.9
202212081700,17.0,0.9
202212081710,341.0,0.9
202212081715,92.0,0.9
202212081725,317.0,0.4
202212081730,236.0,0.4
202212081735,337.0,0.9
202212081740,15.0,0.9
202212081745,308.0,0.9
202212081750,48.0,0.9
202212081755,166.0,0.4
202212081800,343.0,0.4
202212081810,72.0,0.9
202212081815,98.0,0.4
202212081820,256.0,0.4
202212081825,331.0,0.9
202212081830,336.0,0.9
202212081835,7.0,0.9
202212081840,343.0,0.9
202212081845,25.0,1.3
202212081850,359.0,1.3
202212081855,325.0,0.9
202212081900,15.0,0.9
202212081915,331.0,1.3
202212081920,338.0,1.3
202212081925,212.0,0.9
202212081930,279.0,0.9
202212081940,317.0,0.9
202212081945,260.0,1.3
202212081950,246.0,1.3
202212082000,,0.0
202212082010,307.0,0.9
202212082015,336.0,0.9
202212082020,334.0,0.9
202212082025,350.0,2.2
202212082030,353.0,2.2
202212082035,336.0,2.2
202212082045,341.0,2.7
202212082100,319.0,2.2
202212082110,309.0,2.2
202212082120,350.0,1.3
202212082135,,0.0
202212082140,,0.0
202212082145,,0.0
202212082150,,0.0
202212082155,,0.0
202212082200,,0.0
202212082210,,0.0
202212082215,,0.0
202212082220,,0.0
202212082225,,0.0
202212082230,,0.0
202212082235,,0.0
202212082240,,0.0
202212082245,,0.0
202212082250,,0.0
202212082255,,0.0
202212082300,,0.0
202212082315,,0.0
202212082325,,0.0
202212082330,,0.0
202212082335,,0.0
202212082340,,0.0
202212082345,,0.0
202212082350,,0.0
202212082355,,0.0
202212090000,,0.0
202212090010,,0.0
202212090020,,0.0
202212090025,,0.0
202212090030,,0.0
202212090035,,0.0
202212090040,,0.0
202212090045,,0.0
202212090050,,0.0
202212090100,,0.0
202212090110,,0.0
202212090115,,0.0
202212090125,,0.0
202212090130,,0.0
202212090135,,0.0
202212090140,,0.0
202212090145,,0.0
202212090150,,0.0
202212090155,,0.0
202212090210,,0.0
202212090215,,0.0
202212090220,,0.0
202212090235,,0.0
202212090240,,0.0
202212090245,,0.0
202212090255,,0.0
202212090300,,0.0
202212090310,,0.0
202212090315,,0.0
202212090320,,0.0
202212090325,,0.0
202212090330,,0.0
202212090335,,0.0
202212090340,,0.0
202212090345,,0.0
202212090350,,0.0
202212090355,,0.0
202212090400,,0.0
202212090410,,0.0
202212090415,,0.0
202212090420,,0.0
202212090430,,0.0
202212090435,,0.0
202212090445,,0.0
202212090450,,0.0
202212090455,,0.0
202212090500,,0.0
202212090510,,0.0
202212090515,,0.0
202212090525,,0.0
202212090530,,0.0
202212090535,,0.0
202212090545,,0.0
202212090555,,0.0
202212090600,,0.0
202212090610,,0.0
202212090615,,0.0
202212090620,,0.0
202212090625,,0.0
202212090630,,0.0
202212090635,,0.0
202212090640,,0.0
202212090645,,0.0
202212090655,,0.0
202212090700,,0.0
202212090715,,0.0
202212090725,,0.0
202212090735,,0.0
202212090740,,0.0
202212090745,,0.0
202212090755,,0.0
202212090800,,0.0
202212090810,,0.0
202212090815,,0.0
202212090820,,0.0
202212090825,,0.0
202212090830,,0.0
202212090835,,0.0
202212090840,,0.0
202212090845,,0.0
202212090850,,0.0
202212090855,,0.0
202212090900,,0.0
202212090910,,0.0
202212090915,,0.0
202212090920,,0.0
202212090925,,0.0
202212090930,,0.0
202212090935,,0.0
202212090945,,0.0
202212090950,,0.0
202212090955,,0.0
202212091000,,0.0
202212091010,,0.0
202212091015,,0.0
202212091020,,0.0
202212091030,,0.0
202212091040,,0.0
202212091045,,0.0
202212091055,,0.0
202212091100,,0.0
202212091110,,0.0
202212091115,,0.0
202212091120,,0.0
202212091130,,0.0
202212091140,,0.0
202212091145,,0.0
202212091150,,0.0
202212091155,,0.0
202212091200,,0.0
202212091210,,0.0
202212091220,,0.0
202212091225,,0.0
202212091230,,0.0
202212091235,,0.0
202212091240,,0.0
202212091245,,0.0
202212091250,,0.0
202212091255,,0.0
202212091310,,0.0
202212091315,,0.0
202212091325,,0.0
202212091330,,0.0
202212091335,,0.0
202212091340,,0.0
202212091400,,0.0
202212091410,,0.0
202212091415,,0.0
202212091420,,0.0
202212091425,,0.0
202212091430,,0.0
202212091435,,0.0
202212091440,,0.0
202212091445,,0.0
202212091450,,0.0
202212091500,,0.0
202212091510,,0.0
202212091515,,0.0
202212091520,,0.0
202212091525,,0.0
202212091530,,0.0
202212091535,,0.0
202212091540,,0.0
202212091545,,0.0
202212091550,,0.0
202212091555,,0.0
202212091600,,0.0
202212091610,,0.0
202212091615,,0.0
202212091620,,0.0
202212091625,,0.0
202212091630,,0.0
202212091635,,0.0
202212091645,,0.0
202212091655,,0.0
202212091715,,0.0
202212091720,,0.0
202212091725,,0.0
202212091730,,0.0
202212091735,,0.0
202212091745,,0.0
202212091750,,0.0
202212091755,,0.0
202212091800,,0.0
202212091810,,0.0
202212091820,,0.0
202212091825,,0.0
202212091830,,0.0
202212091835,,0.0
202212091855,,0.0
202212091900,,0.0
202212091910,,0.0
202212091915,,0.0
202212091920,,0.0
202212091925,,0.0
202212091930,,0.0
202212091945,,0.0
202212091950,,0.0
202212091955,,0.0
202212092000,,0.0
202212092010,,0.0
202212092015,,0.0
202212092025,,0.0
202212092030,,0.0
202212092035,,0.0
202212092045,,0.0
202212092050,,0.0
202212092055,,0.0
202212092100,,0.0
202212092110,,0.0
202212092115,,0.0
202212092120,,0.0
202212092125,,0.0
202212092135,,0.0
202212092140,,0.0
202212092145,,0.0
202212092150,,0.0
202212092155,,0.0
202212092200,,0.0
202212092210,,0.0
202212092215,,0.0
202212092220,,0.0
202212092225,,0.0
202212092230,,0.0
202212092235,,0.0
202212092240,,0.0
202212092245,,0.0
202212092250,,0.0
202212092255,,0.0
202212092300,,0.0
202212092315,,0.0
202212092320,,0.0
202212092330,,0.0
202212092340,,0.0
202212092345,,0.0
202212092355,,0.0
202212100000,,0.0
202212100010,,0.0
202212100015,,0.0
202212100025,,0.0
202212100035,,0.0
202212100045,,0.0
202212100050,,0.0
202212100100,,0.0
202212100110,,0.0
202212100115,,0.0
202212100120,,0.0
202212100125,,0.0
202212100135,,0.0
202212100140,,0.0
202212100145,,0.0
202212100150,,0.0
202212100155,,0.0
202212100210,,0.0
202212100215,,0.0
202212100220,,0.0
202212100225,,0.0
202212100230,,0.0
202212100235,,0.0
202212100240,,0.0
202212100245,,0.0
202212100255,,0.0
202212100300,,0.0
202212100310,,0.0
202212100315,,0.0
202212100320,,0.0
202212100330,,0.0
202212100335,,0.0
202212100340,,0.0
202212100345,,0.0
202212100350,,0.0
202212100400,,0.0
202212100410,,0.0
202212100415,,0.0
202212100420,,0.0
202212100425,,0.0
202212100430,,0.0
202212100435,,0.0
202212100440,,0.0
202212100450,,0.0
202212100455,,0.0
202212100500,,0.0
202212100515,,0.0
202212100520,,0.0
202212100525,,0.0
202212100530,,0.0
202212100535,,0.0
202212100540,,0.0
202212100545,,0.0
202212100550,,0.0
202212100555,,0.0
202212100610,,0.0
202212100615,,0.0
202212100620,,0.0
202212100635,,0.0
202212100640,,0.0
202212100650,,0.0
202212100655,,0.0
202212100700,,0.0
202212100715,,0.0
202212100720,,0.0
202212100725,,0.0
202212100730,,0.0
202212100735,,0.0
202212100740,,0.0
202212100745,,0.0
202212100750,,0.0
202212100755,,0.0
202212100800,,0.0
202212100820,,0.0
202212100825,,0.0
202212100830,,0.0
202212100835,,0.0
202212100845,,0.0
202212100850,,0.0
202212100855,,0.0
202212100900,,0.0
202212100910,,0.0
202212100915,,0.0
202212100920,,0.0
202212100925,,0.0
202212100930,,0.0
202212100935,,0.0
202212100940,,0.0
202212100950,,0.0
202212100955,,0.0
202212101000,,0.0
202212101010,,0.0
202212101015,,0.0
202212101020,,0.0
202212101025,,0.0
202212101030,,0.0
202212101040,,0.0
202212101045,,0.0
202212101050,,0.0
202212101055,,0.0
202212101100,,0.0
202212101115,,0.0
202212101125,,0.0
202212101130,,0.0
202212101135,,0.0
202212101140,,0.0
202212101155,,0.0
202212101200,,0.0
202212101210,,0.0
202212101215,,0.0
202212101220,,0.0
202212101245,,0.0
202212101255,,0.0
202212101300,,0.0
202212101310,,0.0
202212101315,,0.0
202212101320,,0.0
202212101325,,0.0
202212101330,,0.0
202212101335,,0.0
202212101340,,0.0
202212101350,,0.0
202212101400,,0.0
202212101410,,0.0
202212101415,,0.0
202212101420,,0.0
202212101425,,0.0
202212101430,,0.0
202212101435,,0.0
202212101455,,0.0
202212101510,,0.0
202212101515,,0.0
202212101520,,0.0
202212101525,,0.0
202212101530,,0.0
202212101535,,0.0
202212101540,,0.0
202212101545,,0.0
202212101550,,0.0
202212101600,,0.0
202212101610,,0.0
202212101615,,0.0
202212101620,,0.0
202212101625,,0.0
202212101630,,0.0
202212101635,,0.0
202212101645,,0.0
202212101655,,0.0
202212101710,,0.0
202212101715,,0.0
202212101720,,0.0
202212101725,,0.0
202212101730,,0.0
202212101735,,0.0
202212101740,,0.0
202212101745,,0.0
202212101750,,0.0
202212101755,,0.0
202212101815,,0.0
202212101820,,0.0
202212101830,,0.0
202212101835,,0.0
202212101840,,0.0
202212101845,,0.0
202212101850,,0.0
202212101900,,0.0
202212101910,,0.0
202212101915,,0.0
202212101920,,0.0
202212101925,,0.0
202212101930,,0.0
202212101940,,0.0
202212101945,,0.0
202212101955,,0.0
202212102010,,0.0
202212102015,,0.0
202212102020,,0.0
202212102025,,0.0
202212102030,,0.0
202212102035,,0.0
202212102040,,0.0
202212102045,,0.0
202212102055,,0.0
202212102100,,0.0
202212102110,,0.0
202212102115,,0.0
202212102120,,0.0
202212102125,,0.0
202212102140,,0.0
202212102150,,0.0
202212102155,,0.0
202212102200,,0.0
202212102210,,0.0
202212102215,,0.0
202212102220,,0.0
202212102225,,0.0
202212102230,,0.0
202212102235,,0.0
202212102245,,0.0
202212102255,,0.0
202212102310,,0.0
202212102315,,0.0
202212102320,,0.0
202212102325,,0.0
202212102330,,0.0
202212102335,,0.0
202212102340,,0.0
202212102345,,0.0
202212102350,,0.0
202212102355,,0.0
202212110000,,0.0
202212110010,,0.0
202212110015,,0.0
202212110025,,0.0
202212110030,,0.0
202212110035,,0.0
202212110040,,0.0
202212110045,,0.0
202212110050,,0.0
202212110055,,0.0
202212110100,,0.0
202212110110,,0.0
202212110115,,0.0
202212110120,,0.0
202212110125,,0.0
202212110130,,0.0
202212110135,,0.0
202212110140,,0.0
202212110145,,0.0
202212110150,,0.0
202212110155,,0.0
202212110200,,0.0
202212110210,,0.0
202212110225,,0.0
202212110230,,0.0
202212110235,,0.0
202212110250,,0.0
202212110255,,0.0
202212110300,,0.0
202212110310,,0.0
202212110315,,0.0
202212110320,,0.0
202212110325,,0.0
202212110330,,0.0
202212110335,,0.0
202212110340,,0.0
202212110350,,0.0
202212110400,,0.0
202212110410,,0.0
202212110415,,0.0
202212110420,,0.0
202212110425,,0.0
202212110430,,0.0
202212110445,,0.0
202212110450,,0.0
202212110500,,0.0
202212110515,,0.0
202212110520,,0.0
202212110525,,0.0
202212110530,,0.0
202212110540,,0.0
202212110545,,0.0
202212110550,,0.0
202212110600,,0.0
202212110620,,0.0
202212110630,,0.0
202212110635,,0.0
202212110645,,0.0
202212110655,,0.0
202212110700,,0.0
202212110710,,0.0
202212110715,,0.0
202212110720,,0.0
202212110725,,0.0
202212110730,,0.0
202212110745,,0.0
202212110750,,0.0
202212110755,,0.0
202212110800,,0.0
202212110810,,0.0
202212110820,,0.0
202212110825,,0.0
202212110830,,0.0
202212110835,,0.0
202212110840,,0.0
202212110855,,0.0
202212110900,,0.0
202212110910,,0.0
202212110930,,0.0
202212110940,,0.0
202212110945,,0.0
202212110950,,0.0
202212110955,,0.0
202212111000,,0.0
202212111010,,0.0
202212111015,,0.0
202212111020,,0.0
202212111025,,0.0
202212111030,,0.0
202212111035,,0.0
202212111040,,0.0
202212111045,,0.0
202212111050,,0.0
202212111055,,0.0
202212111100,,0.0
202212111110,,0.0
202212111115,,0.0
202212111120,,0.0
202212111125,,0.0
202212111130,,0.0
202212111135,,0.0
202212111145,,0.0
202212111150,,0.0
202212111155,,0.0
202212111200,,0.0
202212111210,,0.0
202212111215,,0.0
202212111220,,0.0
202212111225,,0.0
202212111230,,0.0
202212111240,,0.0
202212111245,,0.0
202212111250,,0.0
202212111255,,0.0
202212111300,,0.0
202212111315,,0.0
202212111325,,0.0
202212111330,,0.0
202212111335,,0.0
202212111340,,0.0
202212111345,,0.0
202212111350,,0.0
202212111355,,0.0
202212111400,,0.0
202212111410,,0.0
202212111425,,0.0
202212111435,,0.0
202212111440,,0.0
202212111450,,0.0
202212111455,,0.0
202212111500,,0.0
202212111510,,0.0
202212111515,,0.0
202212111520,,0.0
202212111525,,0.0
202212111530,,0.0
202212111535,,0.0
202212111540,,0.0
202212111545,,0.0
202212111550,,0.0
202212111555,,0.0
202212111600,,0.0
202212111610,,0.0
202212111615,,0.0
202212111620,,0.0
202212111625,,0.0
202212111630,,0.0
202212111635,,0.0
202212111640,,0.0
202212111645,,0.0
202212111650,,0.0
202212111700,,0.0
202212111710,,0.0
202212111715,,0.0
202212111720,,0.0
202212111730,,0.0
202212111735,,0.0
202212111740,,0.0
202212111745,,0.0
202212111750,,0.0
202212111755,,0.0
202212111800,,0.0
202212111810,,0.0
202212111815,,0.0
202212111820,,0.0
202212111825,,0.0
202212111830,,0.0
202212111840,,0.0
202212111845,,0.0
202212111850,,0.0
202212111900,,0.0
202212111915,,0.0
202212111920,,0.0
202212111925,,0.0
202212111945,,0.0
202212111955,,0.0
202212112000,,0.0
202212112015,,0.0
202212112020,,0.0
202212112025,,0.0
202212112035,,0.0
202212112040,,0.0
202212112050,,0.0
202212112055,,0.0
202212112100,,0.0
202212112110,,0.0
202212112120,,0.0
202212112125,,0.0
202212112130,,0.0
202212112135,,0.0
202212112145,,0.0
202212112155,,0.0
202212112200,,0.0
202212112215,,0.0
202212112220,,0.0
202212112225,,0.0
202212112230,,0.0
202212112235,,0.0
202212112240,,0.0
202212112250,,0.0
202212112255,,0.0
202212112310,,0.0
202212112315,,0.0
202212112330,,0.0
202212112335,,0.0
202212112340,,0.0
202212112345,,0.0
202212112350,,0.0
202212112355,,0.0
202212120000,,0.0
202212120010,,0.0
202212120020,,0.0
202212120030,,0.0
202212120035,,0.0
202212120040,,0.0
202212120050,,0.0
202212120100,,0.0
202212120110,,0.0
202212120115,,0.0
202212120120,,0.0
202212120130,,0.0
202212120135,,0.0
202212120140,,0.0
202212120150,,0.0
202212120155,,0.0
202212120210,,0.0
202212120220,,0.0
202212120225,,0.0
202212120235,,0.0
202212120240,,0.0
202212120245,,0.0
202212120250,,0.0
202212120255,,0.0
202212120300,,0.0
202212120310,,0.0
202212120325,,0.0
202212120335,,0.0
202212120350,,0.0
202212120355,,0.0
202212120410,,0.0
202212120420,,0.0
202212120425,,0.0
202212120430,,0.0
202212120435,,0.0
202212120445,,0.0
202212120450,,0.0
202212120455,,0.0
202212120510,,0.0
202212120515,,0.0
202212120520,,0.0
202212120525,,0.0
202212120530,,0.0
202212120535,,0.0
202212120540,,0.0
202212120550,,0.0
202212120555,,0.0
202212120600,,0.0
202212120610,,0.0
202212120615,,0.0
202212120620,,0.0
202212120625,,0.0
202212120630,,0.0
202212120635,,0.0
202212120640,,0.0
202212120645,,0.0
202212120650,,0.0
202212120655,,0.0
202212120700,,0.0
202212120710,,0.0
202212120715,,0.0
202212120720,,0.0
202212120725,,0.0
202212120740,,0.0
202212120745,,0.0
202212120750,,0.0
202212120755,,0.0
202212120800,,0.0
202212120815,,0.0
202212120825,,0.0
202212120830,,0.0
202212120835,,0.0
202212120840,,0.0
202212120850,,0.0
202212120855,,0.0
202212120915,,0.0
202212120920,,0.0
202212120925,,0.0
202212120930,,0.0
202212120935,,0.0
202212120940,,0.0
202212120945,,0.0
202212120950,,0.0
202212120955,,0.0
202212121000,,0.0
202212121010,,0.0
202212121015,,0.0
202212121020,,0.0
202212121025,,0.0
202212121035,,0.0
202212121040,,0.0
202212121050,,0.0
202212121055,,0.0
202212121100,,0.0
202212121125,,0.0
202212121130,,0.0
202212121135,,0.0
202212121140,,0.0
202212121145,,0.0
202212121150,,0.0
202212121155,,0.0
202212121200,,0.0
202212121215,,0.0
202212121220,,0.0
202212121225,,0.0
202212121230,,0.0
202212121235,,0.0
202212121240,,0.0
202212121245,,0.0
202212121250,,0.0
202212121255,,0.0
202212121300,,0.0
202212121315,,0.0
202212121330,,0.0
202212121335,,0.0
202212121340,,0.0
202212121345,,0.0
202212121350,,0.0
202212121400,,0.0
202212121410,,0.0
202212121420,,0.0
202212121425,,0.0
202212121430,,0.0
202212121440,,0.0
202212121445,,0.0
202212121455,,0.0
202212121500,,0.0
202212121515,,0.0
202212121520,,0.0
202212121535,,0.0
202212121540,,0.0
202212121545,,0.0
202212121550,,0.0
202212121555,,0.0
202212121610,,0.0
202212121615,,0.0
202212121625,,0.0
202212121630,,0.0
202212121635,,0.0
202212121640,,0.0
202212121650,,0.0
202212121710,,0.0
202212121720,,0.0
202212121725,,0.0
202212121735,,0.0
202212121740,,0.0
202212121750,,0.0
202212121755,,0.0
202212121810,,0.0
202212121815,,0.0
202212121820,,0.0
202212121825,,0.0
202212121830,,0.0
202212121835,,0.0
202212121840,,0.0
202212121845,,0.0
202212121850,,0.0
202212121855,,0.0
202212121900,,0.0
202212121910,,0.0
202212121915,,0.0
202212121935,,0.0
202212121940,,0.0
202212121945,,0.0
202212121950,,0.0
202212121955,,0.0
202212122000,,0.0
202212122010,,0.0
202212122015,,0.0
202212122020,,0.0
202212122025,,0.0
202212122045,,0.0
202212122050,,0.0
202212122055,,0.0
202212122100,,0.0
202212122110,,0.0
202212122115,,0.0
202212122120,,0.0
202212122125,,0.0
202212122130,,0.0
202212122135,,0.0
202212122145,,0.0
202212122150,,0.0
202212122155,,0.0
202212122210,,0.0
202212122220,,0.0
202212122225,,0.0
202212122235,,0.0
202212122240,,0.0
202212122250,,0.0
202212122255,,0.0
202212122300,,0.0
202212122310,,0.0
202212122315,,0.0
202212122320,,0.0
202212122325,,0.0
202212122330,,0.0
202212122335,,0.0
202212122340,,0.0
202212122345,,0.0
202212122350,,0.0
202212122355,,0.0
202212130000,,0.0
202212130015,,0.0
202212130025,,0.0
202212130030,,0.0
202212130035,,0.0
202212130040,,0.0
202212130045,,0.0
202212130055,,0.0
202212130100,,0.0
202212130110,,0.0
202212130115,,0.0
202212130120,,0.0
202212130125,,0.0
202212130130,,0.0
202212130140,,0.0
202212130150,,0.0
202212130155,,0.0
202212130200,,0.0
202212130210,,0.0
202212130215,,0.0
202212130220,,0.0
202212130225,,0.0
202212130230,,0.0
202212130310,,0.0
202212130325,,0.0
202212130330,,0.0
202212130335,,0.0
202212130340,,0.0
202212130345,,0.0
202212130350,,0.0
202212130400,,0.0
202212130410,,0.0
202212130420,,0.0
202212130425,,0.0
202212130430,,0.0
202212130435,,0.0
202212130440,,0.0
202212130445,,0.0
202212130450,,0.0
202212130455,,0.0
202212130500,,0.0
202212130515,,0.0
202212130520,,0.0
202212130535,,0.0
202212130540,,0.0
202212130545,,0.0
202212130550,,0.0
202212130600,,0.0
202212130610,,0.0
202212130615,,0.0
202212130620,,0.0
202212130630,,0.0
202212130635,,0.0
202212130640,,0.0
202212130645,,0.0
202212130650,,0.0
202212130700,,0.0
202212130715,,0.0
202212130720,,0.0
202212130725,,0.0
202212130735,,0.0
202212130740,,0.0
202212130745,,0.0
202212130755,,0.0
202212130800,,0.0
202212130815,,0.0
202212130820,,0.0
202212130845,,0.0
202212130850,,0.0
202212130900,,0.0
202212130910,,0.0
202212130920,,0.0
202212130925,,0.0
202212130935,,0.0
202212130940,,0.0
202212130945,,0.0
202212130950,,0.0
202212130955,,0.0
202212131000,,0.0
202212131010,,0.0
202212131020,,0.0
202212131025,,0.0
202212131030,,0.0
202212131035,,0.0
202212131045,,0.0
202212131050,,0.0
202212131055,,0.0
202212131100,,0.0
202212131115,,0.0
202212131120,,0.0
202212131125,,0.0
202212131130,,0.0
202212131140,,0.0
202212131150,,0.0
202212131155,,0.0
202212131210,,0.0
202212131215,,0.0
202212131225,,0.0
202212131230,,0.0
202212131235,,0.0
202212131240,,0.0
202212131250,,0.0
202212131310,,0.0
202212131315,,0.0
202212131320,,0.0
202212131330,,0.0
202212131335,,0.0
202212131340,,0.0
202212131345,,0.0
202212131355,,0.0
202212131400,,0.0
202212131415,,0.0
202212131420,,0.0
202212131425,,0.0
202212131430,,0.0
202212131435,,0.0
202212131500,,0.0
202212131510,,0.0
202212131515,,0.0
202212131520,,0.0
202212131525,,0.0
202212131535,,0.0
202212131540,,0.0
202212131545,,0.0
202212131550,,0.0
202212131600,,0.0
202212131610,,0.0
202212131615,,0.0
202212131620,,0.0
202212131625,110.0,0.4
202212131630,53.0,0.4
202212131635,93.0,0.9
202212131640,132.0,0.9
202212131645,354.0,0.9
202212131650,49.0,0.9
202212131700,64.0,0.9
202212131710,0.0,0.9
202212131715,44.0,0.9
202212131725,31.0,0.9
202212131730,98.0,0.9
202212131735,358.0,0.9
202212131740,140.0,0.9
202212131745,94.0,0.9
202212131750,353.0,0.9
202212131800,29.0,0.9
202212131810,60.0,0.9
202212131815,7.0,0.9
202212131820,53.0,0.9
202212131825,16.0,0.9
202212131830,313.0,0.9
202212131835,333.0,0.9
202212131850,,0.0
202212131855,212.0,0.4
202212131900,75.0,0.4
202212131910,,0.0
202212131915,,0.0
202212131920,,0.0
202212131930,,0.0
202212131935,111.0,0.4
202212131945,,0.0
202212131950,,0.0
202212131955,,0.0
202212132000,,0.0
202212132010,118.0,0.4
202212132015,343.0,0.4
202212132025,,0.0
202212132030,,0.0
202212132035,,0.0
202212132040,,0.0
202212132045,,0.0
202212132050,,0.0
202212132055,,0.0
202212132100,,0.0
202212132110,,0.0
202212132115,,0.0
202212132120,,0.0
202212132125,,0.0
202212132130,,0.0
202212132145,,0.0
202212132150,,0.0
202212132200,,0.0
202212132210,,0.0
202212132220,,0.0
202212132225,,0.0
202212132230,,0.0
202212132235,,0.0
202212132240,,0.0
202212132245,,0.0
202212132250,,0.0
202212132300,,0.0
202212132310,,0.0
202212132315,,0.0
202212132320,,0.0
202212132335,,0.0
202212132340,,0.0
202212132345,,0.0
202212132350,,0.0
202212132355,,0.0
202212140000,,0.0
202212140010,,0.0
202212140020,,0.0
202212140030,,0.0
202212140035,,0.0
202212140040,,0.0
202212140045,,0.0
202212140055,,0.0
202212140100,,0.0
202212140110,,0.0
202212140115,,0.0
202212140120,,0.0
202212140125,,0.0
202212140130,,0.0
202212140135,,0.0
202212140145,,0.0
202212140150,,0.0
202212140155,,0.0
202212140200,,0.0
202212140215,,0.0
202212140220,,0.0
202212140225,,0.0
202212140230,,0.0
202212140235,,0.0
202212140240,,0.0
202212140245,,0.0
202212140250,,0.0
202212140255,,0.0
202212140300,,0.0
202212140310,,0.0
202212140315,,0.0
202212140320,,0.0
202212140325,,0.0
202212140330,,0.0
202212140340,,0.0
202212140345,,0.0
202212140355,,0.0
202212140410,,0.0
202212140420,,0.0
202212140425,,0.0
202212140430,,0.0
202212140435,,0.0
202212140445,,0.0
202212140450,,0.0
202212140500,,0.0
202212140510,,0.0
202212140515,,0.0
202212140520,,0.0
202212140530,,0.0
202212140535,,0.0
202212140540,,0.0
202212140545,,0.0
202212140550,,0.0
202212140600,,0.0
202212140610,,0.0
202212140615,,0.0
202212140620,,0.0
202212140630,,0.0
202212140635,,0.0
202212180430,300.0,0.9
202212180435,215.0,0.9
202212180440,240.0,0.9
202212180445,282.0,0.9
202212180450,277.0,0.9
202212180455,266.0,0.9
202212180500,263.0,0.9
202212180515,249.0,0.9
202212180520,249.0,0.9
202212180530,250.0,0.9
202212180540,299.0,0.9
202212180545,286.0,0.9
202212180555,237.0,0.9
202212180600,254.0,0.9
202212180610,221.0,0.9
202212180615,231.0,0.9
202212180620,236.0,0.9
202212180630,204.0,0.9
202212180635,204.0,0.9
202212180640,204.0,0.9
202212180645,237.0,0.9
202212180650,236.0,0.9
202212180655,263.0,0.9
202212180700,187.0,0.9
202212180710,234.0,0.9
202212180715,237.0,0.9
202212180720,247.0,0.9
202212180725,290.0,0.9
202212180730,296.0,0.9
202212180735,237.0,0.9
202212180745,229.0,0.4
202212180750,291.0,0.4
202212180755,266.0,0.9
202212180800,295.0,0.9
202212180810,262.0,0.9
202212180815,258.0,0.9
202212180820,243.0,0.9
202212180825,259.0,0.9
202212180830,252.0,0.9
202212180835,247.0,0.9
202212180840,219.0,0.9
202212180845,204.0,0.9
202212180850,286.0,0.9
202212180855,298.0,0.9
202212180900,290.0,0.9
202212180910,248.0,0.9
202212180915,243.0,0.9
202212180920,240.0,0.9
202212180930,299.0,0.9
202212180935,234.0,0.9
202212180940,304.0,0.9
202212180950,250.0,0.9
202212181010,248.0,0.9
202212181015,233.0,0.9
202212181020,236.0,0.9
202212181025,250.0,0.9
202212181040,226.0,0.4
202212181050,229.0,0.4
202212181100,225.0,0.9
202212181110,224.0,0.9
202212181115,227.0,0.9
202212181120,220.0,0.9
202212181130,238.0,0.9
202212181140,277.0,0.9
202212181145,,0.0
202212181150,,0.0
202212181155,263.0,0.4
202212181210,211.0,0.9
202212181215,297.0,0.4
202212181220,258.0,0.4
202212181230,266.0,0.9
202212181240,237.0,0.9
202212181245,215.0,0.9
202212181255,307.0,0.9
202212181300,301.0,0.9
202212181310,262.0,0.9
202212181320,290.0,0.9
202212181325,294.0,0.9
202212181330,275.0,0.9
202212181345,278.0,1.3
202212181350,306.0,1.3
202212181400,274.0,1.3
202212181415,338.0,1.3
202212181425,303.0,2.2
202212181430,349.0,2.2
202212181435,310.0,1.3
202212181450,336.0,1.3
202212181455,341.0,2.2
202212181500,299.0,2.2
202212181510,329.0,2.7
202212181520,328.0,1.3
202212181525,262.0,2.2
202212181530,324.0,2.2
202212181535,323.0,1.3
202212181540,328.0,1.3
202212181545,318.0,2.7
202212181550,240.0,2.7
202212181555,334.0,2.2
202212181600,318.0,2.2
202212181610,3.0,2.2
202212181615,319.0,2.2
202212181625,284.0,2.7
202212181630,290.0,2.7
202212181640,282.0,2.2
202212181645,310.0,2.2
202212181655,290.0,1.3
202212181700,349.0,1.3
202212181720,294.0,1.3
202212181725,326.0,1.3
202212181730,305.0,1.3
202212181735,327.0,1.3
202212181745,338.0,2.2
202212181750,320.0,2.2
202212181755,289.0,2.2
202212181800,318.0,2.2
202212181810,223.0,2.2
202212181815,296.0,1.3
202212181820,321.0,1.3
202212181825,271.0,2.2
202212181830,307.0,2.2
202212181835,323.0,2.2
202212181840,323.0,2.2
202212181845,332.0,2.7
202212181850,330.0,2.7
202212181900,325.0,2.2
202212181910,321.0,2.2
202212181915,333.0,0.9
202212181920,317.0,0.9
202212181925,241.0,1.3
202212181930,321.0,1.3
202212181935,328.0,2.2
202212181940,346.0,2.2
202212181945,334.0,2.2
202212181950,328.0,2.2
202212182010,312.0,0.9
202212182015,328.0,0.9
202212182020,333.0,0.9
202212182025,282.0,1.3
202212182035,302.0,2.2
202212182040,228.0,2.2
202212182045,291.0,0.9
202212182055,286.0,0.9
202212182100,337.0,0.9
202212182110,323.0,1.3
202212182115,332.0,1.3
202212182120,323.0,1.3
202212182125,335.0,2.2
202212182130,330.0,2.2
202212182135,327.0,0.9
202212182140,296.0,0.9
202212182150,317.0,0.9
202212182155,316.0,0.9
202212182210,302.0,0.9
202212182215,,0.0
202212182220,,0.0
202212182225,,0.0
202212182230,,0.0
202212182240,,0.0
202212182245,,0.0
202212182250,,0.0
202212182255,,0.0
202212182300,,0.0
202212182310,,0.0
202212182315,,0.0
202212182330,,0.0
202212182335,,0.0
202212182340,,0.0
202212182345,,0.0
202212182350,,0.0
202212182355,,0.0
202212190000,,0.0
202212190015,,0.0
202212190020,,0.0
202212190025,,0.0
202212190030,,0.0
202212190035,,0.0
202212190040,,0.0
202212190110,,0.0
202212190115,,0.0
202212190125,,0.0
202212190130,,0.0
202212190135,,0.0
202212190140,,0.0
202212190145,,0.0
202212190150,,0.0
202212190200,,0.0
202212190215,,0.0
202212190220,,0.0
202212190230,,0.0
202212190235,,0.0
202212190245,,0.0
202212190250,,0.0
202212190300,,0.0
202212190310,,0.0
202212190315,,0.0
202212190320,,0.0
202212190325,,0.0
202212190330,,0.0
202212190335,,0.0
202212190340,,0.0
202212190345,298.0,0.4
202212190350,305.0,0.4
202212190400,,0.0
202212190410,,0.0
202212190415,,0.0
202212190420,,0.0
202212190425,,0.0
202212190430,,0.0
202212190440,,0.0
202212190445,,0.0
202212190450,,0.0
202212190500,,0.0
202212190515,,0.0
202212190520,,0.0
202212190530,,0.0
202212190535,,0.0
202212190540,,0.0
202212190545,,0.0
202212190550,,0.0
202212190555,,0.0
202212190600,,0.0
202212190610,,0.0
202212190615,,0.0
202212190620,,0.0
202212190625,,0.0
202212190630,,0.0
202212190635,,0.0
202212190645,,0.0
202212190650,,0.0
202212190655,,0.0
202212190700,,0.0
202212190710,,0.0
202212190715,,0.0
202212190720,,0.0
202212190725,,0.0
202212190730,,0.0
202212190735,,0.0
202212190740,,0.0
202212190750,,0.0
202212190800,,0.0
202212190815,,0.0
202212190825,,0.0
202212190830,,0.0
202212190840,,0.0
202212190845,,0.0
202212190850,,0.0
202212190855,,0.0
202212190900,,0.0
202212190910,,0.0
202212190920,,0.0
202212190925,,0.0
202212190930,,0.0
202212190935,,0.0
202212190940,,0.0
202212190945,,0.0
202212190955,,0.0
202212191000,,0.0
202212191010,,0.0
202212191015,,0.0
202212191020,,0.0
202212191025,,0.0
202212191030,,0.0
202212191040,,0.0
202212191045,,0.0
202212191050,,0.0
202212191055,,0.0
202212191100,,0.0
202212191115,,0.0
202212191120,,0.0
202212191125,,0.0
202212191130,,0.0
202212191135,,0.0
202212191140,,0.0
202212191145,,0.0
202212191150,,0.0
202212191155,,0.0
202212191200,,0.0
202212191210,,0.0
202212191215,,0.0
202212191220,,0.0
202212191235,,0.0
202212191250,,0.0
202212191255,,0.0
202212191300,,0.0
202212191315,,0.0
202212191320,,0.0
202212191325,,0.0
202212191330,,0.0
202212191335,,0.0
202212191345,,0.0
202212191350,,0.0
202212191355,,0.0
202212191400,,0.0
202212191410,111.0,0.4
202212191415,43.0,0.4
202212191420,108.0,0.4
202212191425,,0.0
202212191435,104.0,0.9
202212191445,105.0,0.9
202212191450,78.0,0.9
202212191455,108.0,0.9
202212191500,80.0,0.9
202212191510,,0.0
202212191515,161.0,0.4
202212191520,313.0,0.4
202212191525,,0.0
202212191530,,0.0
202212191545,88.0,0.4
202212191550,339.0,0.4
202212191555,,0.0
202212191600,,0.0
202212191610,,0.0
202212191615,,0.0
202212191620,,0.0
202212191625,,0.0
202212191630,,0.0
202212191635,,0.0
202212191640,,0.0
202212191645,,0.0
202212191650,,0.0
202212191700,113.0,0.9
202212191710,,0.0
202212191715,,0.0
202212191720,,0.0
202212191725,,0.0
202212191730,,0.0
202212191740,,0.0
202212191755,78.0,0.9
202212191800,70.0,0.9
202212191810,,0.0
202212191815,,0.0
202212191820,,0.0
202212191825,125.0,0.9
202212191830,127.0,0.9
202212191835,352.0,0.9
202212191840,128.0,0.9
202212191845,297.0,0.4
202212191850,176.0,0.4
202212191855,83.0,0.9
202212191900,60.0,0.9
202212191910,,0.0
202212191915,2.0,0.4
202212191930,,0.0
202212191935,,0.0
202212191940,,0.0
202212191945,,0.0
202212191950,,0.0
202212191955,,0.0
202212192000,,0.0
202212192010,,0.0
202212192015,,0.0
202212192020,,0.0
202212192025,,0.0
202212192045,,0.0
202212192050,,0.0
202212192055,,0.0
202212192100,,0.0
202212192110,,0.0
202212192115,,0.0
202212192120,,0.0
202212192125,,0.0
202212192130,,0.0
202212192135,,0.0
202212192140,,0.0
202212192145,,0.0
202212192150,,0.0
202212192210,,0.0
202212192215,,0.0
202212192220,,0.0
202212192225,,0.0
202212192235,,0.0
202212192240,,0.0
202212192245,,0.0
202212192255,,0.0
202212192300,,0.0
202212192320,,0.0
202212192330,,0.0
202212192335,,0.0
202212192340,,0.0
202212192345,,0.0
202212192350,,0.0
202212192355,,0.0
202212200000,,0.0
202212200010,,0.0
202212200015,,0.0
202212200025,,0.0
202212200030,,0.0
202212200040,,0.0
202212200045,,0.0
202212200050,,0.0
202212200055,,0.0
202212200110,,0.0
202212200115,,0.0
202212200120,,0.0
202212200125,,0.0
202212200130,,0.0
202212200135,,0.0
202212200150,,0.0
202212200155,,0.0
202212200200,,0.0
202212200210,,0.0
202212200220,,0.0
202212200225,,0.0
202212200230,,0.0
202212200235,,0.0
202212200240,,0.0
202212200245,,0.0
202212200250,,0.0
202212200255,,0.0
202212200310,,0.0
202212200315,,0.0
202212200340,,0.0
202212200345,,0.0
202212200355,,0.0
202212200400,,0.0
202212200410,,0.0
202212200415,,0.0
202212200420,,0.0
202212200425,,0.0
202212200440,,0.0
202212200450,,0.0
202212200455,,0.0
202212200500,,0.0
202212200510,,0.0
202212200520,,0.0
202212200525,,0.0
202212200530,,0.0
202212200535,37.0,0.4
202212200540,357.0,0.4
202212200545,,0.0
202212200550,,0.0
202212200555,,0.0
202212200610,,0.0
202212200615,,0.0
202212200625,,0.0
202212200630,,0.0
202212200635,,0.0
202212200640,,0.0
202212200645,,0.0
202212200650,,0.0
202212200655,,0.0
202212200715,,0.0
202212200720,,0.0
202212200725,,0.0
202212200730,,0.0
202212200735,,0.0
202212200740,,0.0
202212200755,,0.0
202212200800,,0.0
202212200810,,0.0
202212200815,,0.0
202212200825,,0.0
202212200835,,0.0
202212200840,,0.0
202212200845,,0.0
202212200850,,0.0
202212200855,,0.0
202212200910,,0.0
202212200915,,0.0
202212200920,,0.0
202212200925,,0.0
202212200930,,0.0
202212200935,,0.0
202212200945,,0.0
202212200950,,0.0
202212201000,,0.0
202212201010,,0.0
202212201015,,0.0
202212201025,,0.0
202212201030,,0.0
202212201035,,0.0
202212201040,,0.0
202212201045,,0.0
202212201050,,0.0
202212201055,,0.0
202212201100,,0.0
202212201110,,0.0
202212201125,,0.0
202212201130,,0.0
202212201135,,0.0
202212201140,,0.0
202212201145,,0.0
202212201150,,0.0
202212201155,,0.0
202212201200,,0.0
202212201210,,0.0
202212201215,,0.0
202212201220,,0.0
202212201225,,0.0
202212201230,,0.0
202212201235,,0.0
202212201240,,0.0
202212201245,,0.0
202212201255,,0.0
202212201310,,0.0
202212201315,,0.0
202212201320,,0.0
202212201325,,0.0
202212201330,,0.0
202212201340,,0.0
202212201345,,0.0
202212201350,,0.0
202212201355,,0.0
202212201410,,0.0
202212201415,,0.0
202212201420,,0.0
202212201435,,0.0
202212201440,,0.0
202212201445,,0.0
202212201450,,0.0
202212201455,,0.0
202212201510,,0.0
202212201515,,0.0
202212201520,,0.0
202212201525,,0.0
202212201530,,0.0
202212201535,,0.0
202212201545,,0.0
202212201550,,0.0
202212201555,,0.0
202212201600,,0.0
202212201615,,0.0
202212201620,,0.0
202212201625,,0.0
202212201630,,0.0
202212201635,,0.0
202212201640,,0.0
202212201645,,0.0
202212201650,,0.0
202212201655,,0.0
202212201700,,0.0
202212201710,,0.0
202212201715,,0.0
202212201725,,0.0
202212201740,,0.0
202212201745,,0.0
202212201750,,0.0
202212201755,356.0,0.4
202212201810,,0.0
202212201815,,0.0
202212201820,,0.0
202212201830,,0.0
202212201835,,0.0
202212201840,,0.0
202212201845,16.0,0.4
202212201855,25.0,0.4
202212201900,20.0,0.4
202212201910,37.0,0.9
202212201915,15.0,0.9
202212201920,38.0,0.9
202212201930,,0.0
202212201935,113.0,0.4
202212201945,,0.0
202212201950,,0.0
202212202000,,0.0
202212202010,87.0,0.4
202212202015,,0.0
202212202020,,0.0
202212202030,,0.0
202212202035,,0.0
202212202040,,0.0
202212202045,,0.0
202212202055,,0.0
202212202110,,0.0
202212202120,,0.0
202212202125,,0.0
202212202130,,0.0
202212202135,,0.0
202212202145,,0.0
202212202150,,0.0
202212202155,,0.0
202212202200,,0.0
202212202210,,0.0
202212202215,,0.0
202212202220,,0.0
202212202225,,0.0
202212202230,,0.0
202212202235,,0.0
202212202240,,0.0
202212202245,,0.0
202212202250,,0.0
202212202300,,0.0
202212202310,,0.0
202212202315,,0.0
202212202320,,0.0
202212202330,,0.0
202212202335,,0.0
202212202345,,0.0
202212202350,,0.0
202212202355,,0.0
202212210000,,0.0
202212210035,353.0,0.9
202212210040,4.0,0.9
202212210045,7.0,0.9
202212210050,31.0,0.9
202212210055,0.0,0.9
202212210100,52.0,0.9
202212210110,8.0,0.4
202212210115,355.0,0.4
202212210120,1.0,0.4
202212210125,9.0,0.4
202212210130,40.0,0.4
202212210135,340.0,0.4
202212210145,,0.0
202212210155,,0.0
202212210200,,0.0
202212210215,,0.0
202212210220,,0.0
202212210225,,0.0
202212210230,,0.0
202212210235,,0.0
202212210245,,0.0
202212210250,,0.0
202212210255,,0.0
202212210300,,0.0
202212210310,,0.0
202212210315,,0.0
202212210320,,0.0
202212210325,,0.0
202212210340,15.0,0.9
202212210345,27.0,0.9
202212210355,,0.0
202212210400,,0.0
202212210415,352.0,0.4
202212210420,8.0,0.4
202212210430,45.0,0.4
202212210435,,0.0
202212210440,,0.0
202212210445,,0.0
202212210450,,0.0
202212210500,338.0,0.4
202212210515,,0.0
202212210520,,0.0
202212210525,,0.0
202212210530,,0.0
202212210535,,0.0
202212210540,,0.0
202212210545,,0.0
202212210555,,0.0
202212210600,,0.0
202212210615,,0.0
202212210620,,0.0
202212210625,,0.0
202212210630,,0.0
202212210640,,0.0
202212210645,,0.0
202212210650,,0.0
202212210655,338.0,0.4
202212210700,354.0,0.4
202212210710,,0.0
202212210715,,0.0
202212210720,,0.0
202212210725,,0.0
202212210730,,0.0
202212210735,,0.0
202212210740,,0.0
202212210745,,0.0
202212210750,,0.0
202212210755,,0.0
202212210800,,0.0
202212210810,,0.0
202212210815,,0.0
202212210820,,0.0
202212210825,,0.0
202212210830,,0.0
202212210845,,0.0
202212210850,,0.0
202212210855,,0.0
202212210910,,0.0
202212210915,,0.0
202212210930,,0.0
202212210935,,0.0
202212210940,,0.0
202212210945,,0.0
202212210950,,0.0
202212210955,,0.0
202212211000,,0.0
202212211010,,0.0
202212211015,,0.0
202212211020,,0.0
202212211025,,0.0
202212211030,,0.0
202212211040,,0.0
202212211045,,0.0
202212211050,,0.0
202212211100,,0.0
202212211110,,0.0
202212211115,,0.0
202212211120,,0.0
202212211125,,0.0
202212211130,,0.0
202212211140,,0.0
202212211145,,0.0
202212211150,,0.0
202212211210,,0.0
202212211215,,0.0
202212211220,,0.0
202212211230,337.0,0.4
202212211235,,0.0
202212211240,,0.0
202212211245,16.0,0.4
202212211250,9.0,0.4
202212211255,,0.0
202212211300,,0.0
202212211310,,0.0
202212211315,,0.0
202212211320,,0.0
202212211325,,0.0
202212211330,,0.0
202212211335,,0.0
202212211340,,0.0
202212211345,,0.0
202212211350,,0.0
202212211355,,0.0
202212211400,,0.0
202212211410,,0.0
202212211415,,0.0
202212211425,,0.0
202212211430,,0.0
202212211435,,0.0
202212211440,,0.0
202212211445,,0.0
202212211450,,0.0
202212211455,,0.0
202212211500,,0.0
202212211510,,0.0
202212211515,,0.0
202212211525,,0.0
202212211530,,0.0
202212211535,,0.0
202212211540,,0.0
202212211545,,0.0
202212211550,,0.0
202212211600,,0.0
202212211615,,0.0
202212211620,,0.0
202212211625,,0.0
202212211630,,0.0
202212211635,22.0,0.4
202212211640,39.0,0.4
202212211650,,0.0
202212211655,,0.0
202212211710,342.0,0.9
202212211715,,0.0
202212211720,,0.0
202212211725,58.0,0.4
202212211730,344.0,0.4
202212211735,3.0,0.9
202212211740,15.0,0.9
202212211755,2.0,0.9
202212211800,123.0,0.9
202212211810,108.0,0.9
202212211815,,0.0
202212211820,,0.0
202212211825,354.0,0.9
202212211830,9.0,0.9
202212211835,349.0,2.2
202212211845,349.0,1.3
202212211855,11.0,1.3
202212211900,7.0,1.3
202212211910,4.0,1.3
202212211915,329.0,1.3
202212211920,46.0,1.3
202212211925,358.0,0.9
202212211930,3.0,0.9
202212211935,10.0,1.3
202212211940,14.0,1.3
202212211945,8.0,0.9
202212211950,23.0,0.9
202212211955,,0.0
202212212000,,0.0
202212212010,25.0,0.9
202212212015,326.0,0.9
202212212020,38.0,0.9
202212212025,,0.0
202212212030,,0.0
202212212035,6.0,0.9
202212212040,349.0,0.9
202212212045,341.0,0.4
202212212050,18.0,0.4
202212212055,,0.0
202212212100,,0.0
202212212110,,0.0
202212212115,15.0,0.4
202212212120,20.0,0.4
202212212125,35.0,0.4
202212212140,,0.0
202212212145,,0.0
202212212150,,0.0
202212212155,,0.0
202212212200,,0.0
202212212210,,0.0
202212212220,,0.0
202212212245,6.0,0.9
202212212250,352.0,0.9
202212212255,310.0,0.4
202212212300,18.0,0.4
202212212315,2.0,1.3
202212212320,15.0,1.3
202212212325,13.0,0.9
202212212335,26.0,0.9
202212212345,10.0,0.4
202212212355,14.0,0.9
202212220000,326.0,0.9
202212220010,343.0,0.9
202212220020,336.0,0.9
202212220025,47.0,0.4
202212220030,348.0,0.4
202212220035,11.0,0.9
202212220045,345.0,0.9
202212220055,353.0,0.9
202212220100,26.0,0.9
202212220110,355.0,0.4
202212220120,18.0,0.9
202212220125,,0.0
202212220135,,0.0
202212220140,,0.0
202212220150,,0.0
202212220155,,0.0
202212220200,,0.0
202212220210,,0.0
202212220215,,0.0
202212220220,,0.0
202212220225,2.0,0.4
202212220240,,0.0
202212220245,,0.0
202212220250,,0.0
202212220300,,0.0
202212220310,,0.0
202212220315,329.0,0.4
202212220320,48.0,0.4
202212220325,,0.0
202212220330,,0.0
202212220335,,0.0
202212220350,,0.0
202212220355,,0.0
202212220400,,0.0
202212220415,,0.0
202212220420,,0.0
202212220430,,0.0
202212220435,,0.0
202212220440,,0.0
202212220450,,0.0
202212220455,,0.0
202212220500,,0.0
202212220510,,0.0
202212220520,,0.0
202212220525,,0.0
202212220535,,0.0
202212220545,,0.0
202212220550,,0.0
202212220555,,0.0
202212220600,,0.0
202212220610,,0.0
202212220615,,0.0
202212220620,,0.0
202212220625,354.0,0.4
202212220630,354.0,0.4
202212220635,354.0,0.4
202212220645,19.0,0.4
202212220710,,0.0
202212220720,,0.0
202212220725,,0.0
202212220730,,0.0
202212220735,338.0,0.4
202212220740,344.0,0.4
202212220750,,0.0
202212220755,,0.0
202212220800,,0.0
202212220810,7.0,0.9
202212220815,1.0,0.4
202212220820,353.0,0.4
202212220825,355.0,0.4
202212220830,350.0,0.4
202212220840,342.0,1.3
202212220845,351.0,0.9
202212220850,353.0,0.9
202212220855,354.0,1.3
202212220900,8.0,1.3
202212220915,19.0,0.9
202212220920,357.0,0.9
202212220930,354.0,0.9
202212220935,359.0,1.3
202212220940,2.0,1.3
202212220945,353.0,2.2
202212220950,354.0,2.2
202212220955,346.0,2.2
202212221000,356.0,2.2
202212221010,341.0,2.2
202212221015,331.0,2.2
202212221020,319.0,2.2
202212221025,339.0,1.3
202212221030,358.0,1.3
202212221035,326.0,2.2
202212221040,334.0,2.2
202212221045,352.0,2.7
202212221050,350.0,2.7
202212221055,345.0,2.2
202212221100,338.0,2.2
202212221110,352.0,2.2
202212221125,338.0,2.2
202212221130,353.0,2.2
202212221140,358.0,2.2
202212221145,335.0,2.2
202212221200,316.0,2.2
202212221210,350.0,2.7
202212221215,345.0,2.7
202212221220,356.0,2.7
202212221225,341.0,2.2
202212221230,347.0,2.2
202212221240,5.0,2.7
202212221250,8.0,3.1
202212221255,0.0,2.2
202212221300,337.0,2.2
202212221310,330.0,2.2
202212221315,332.0,2.2
202212221320,352.0,2.2
202212221330,358.0,2.2
202212221335,341.0,1.3
202212221340,337.0,1.3
202212221345,332.0,2.2
202212221350,323.0,2.2
202212221355,346.0,2.2
202212221400,358.0,2.2
202212221410,354.0,1.3
202212221415,8.0,0.9
202212221420,73.0,0.9
202212221425,341.0,0.4
202212221430,47.0,0.4
202212221435,332.0,0.9
202212221440,322.0,0.9
202212221445,,0.0
202212221450,,0.0
202212221455,350.0,2.2
202212221500,321.0,2.2
202212221515,340.0,1.3
202212221520,268.0,1.3
202212221530,328.0,0.9
202212221535,329.0,0.9
202212221540,296.0,0.9
202212221545,323.0,0.9
202212221555,327.0,0.9
202212221610,303.0,0.4
202212221615,,0.0
202212221625,325.0,0.9
202212221630,344.0,0.9
202212221645,324.0,0.9
202212221650,337.0,0.9
202212221655,342.0,0.4
202212221710,,0.0
202212221720,,0.0
202212221725,,0.0
202212221730,,0.0
202212221735,,0.0
202212221740,,0.0
202212221745,,0.0
202212221750,,0.0
202212221755,,0.0
202212221810,,0.0
202212221815,,0.0
202212221830,352.0,0.4
202212221835,301.0,0.4
202212221840,330.0,0.4
202212221845,,0.0
202212221850,,0.0
202212221855,,0.0
202212221910,287.0,0.4
202212221915,,0.0
202212221920,,0.0
202212221925,,0.0
202212221935,322.0,0.9
202212221940,302.0,0.9
202212221945,330.0,0.4
202212221950,332.0,0.4
202212221955,,0.0
202212222000,,0.0
202212222010,298.0,0.4
202212222015,,0.0
202212222020,,0.0
202212222025,,0.0
202212222030,,0.0
202212222035,,0.0
202212222040,,0.0
202212222045,,0.0
202212222055,,0.0
202212222100,,0.0
202212222110,,0.0
202212222120,,0.0
202212222125,225.0,0.4
202212222130,231.0,0.4
202212222135,210.0,0.4
202212222140,194.0,0.4
202212222150,,0.0
202212222155,,0.0
202212222200,,0.0
202212222210,192.0,0.4
202212222215,242.0,0.9
202212222225,206.0,0.9
202212222230,202.0,0.9
202212222240,236.0,0.4
202212222245,220.0,0.9
202212222255,167.0,0.9
202212222300,260.0,0.9
202212222310,,0.0
202212222315,309.0,0.4
202212222320,238.0,0.4
202212222325,204.0,0.4
202212222335,,0.0
202212222340,,0.0
202212222345,,0.0
202212222355,253.0,0.9
202212230010,236.0,0.4
202212230020,237.0,0.9
202212230025,213.0,0.9
202212230040,222.0,0.9
202212230045,240.0,0.9
202212230050,223.0,0.9
202212230055,249.0,0.9
202212230100,206.0,0.9
202212230115,170.0,0.9
202212230125,207.0,0.9
202212230130,215.0,0.9
202212230135,221.0,0.9
202212230140,221.0,0.9
202212230145,172.0,1.3
202212230155,254.0,0.9
202212230200,204.0,0.9
202212230210,194.0,0.9
202212230215,266.0,0.9
202212230230,220.0,0.9
202212230245,222.0,0.9
202212230250,222.0,0.9
202212230255,209.0,0.9
202212230300,239.0,0.9
202212230310,258.0,0.9
202212230315,208.0,0.4
202212230325,217.0,0.4
202212230330,185.0,0.4
202212230335,221.0,0.9
202212230340,193.0,0.9
202212230345,130.0,0.4
202212230350,172.0,0.4
202212230400,204.0,0.4
202212230415,210.0,0.4
202212230420,247.0,0.4
202212230425,214.0,0.9
202212230430,161.0,0.9
202212230435,235.0,0.9
202212230440,152.0,0.9
202212230445,172.0,0.9
202212230450,192.0,0.9
202212230500,202.0,0.9
202212230515,208.0,2.2
202212230525,204.0,1.3
202212230530,168.0,1.3
202212230535,207.0,2.2
202212230545,215.0,1.3
202212230550,191.0,1.3
202212230555,198.0,0.9
202212230600,211.0,0.9
202212230610,184.0,1.3
202212230615,191.0,2.2
202212230620,183.0,2.2
202212230625,215.0,2.2
202212230630,185.0,2.2
202212230635,201.0,1.3
202212230640,208.0,1.3
202212230645,167.0,2.2
202212230650,184.0,2.2
202212230655,190.0,2.2
202212230700,207.0,2.2
202212230710,207.0,2.7
202212230715,192.0,2.7
202212230720,199.0,2.7
202212230725,213.0,2.7
202212230735,188.0,3.1
202212230740,203.0,3.1
202212230745,198.0,2.7
202212230750,211.0,2.7
202212230755,203.0,3.1
202212230800,195.0,3.1
202212230810,208.0,3.1
202212230815,225.0,4.0
202212230820,228.0,4.0
202212230835,217.0,3.1
202212230840,203.0,3.1
202212230845,208.0,3.1
202212230850,213.0,3.1
202212230855,199.0,3.6
202212230900,190.0,3.6
202212230910,203.0,3.6
202212230915,205.0,3.6
202212230920,208.0,3.6
202212230925,211.0,3.6
202212230930,210.0,3.6
202212230945,210.0,3.6
202212230950,244.0,3.6
202212231000,302.0,2.7
202212231015,303.0,3.1
202212231020,221.0,3.1
202212231030,265.0,3.1
202212231035,281.0,3.1
202212231040,314.0,3.1
202212231045,300.0,4.0
202212231050,302.0,4.0
202212231100,325.0,4.0
202212231110,313.0,3.6
202212231115,317.0,3.6
202212231120,327.0,3.6
202212231125,294.0,5.8
202212231130,318.0,5.8
202212231150,307.0,4.5
202212231200,293.0,4.0
202212231210,280.0,4.0
202212231215,316.0,4.0
202212231225,308.0,3.6
202212231230,259.0,3.6
202212231240,292.0,3.6
202212231245,316.0,4.5
202212231250,288.0,4.5
202212231255,311.0,3.6
202212231300,286.0,3.6
202212231315,303.0,4.0
202212231320,286.0,4.0
202212231325,305.0,3.1
202212231330,331.0,3.1
202212231335,290.0,3.6
202212231340,307.0,3.6
202212231345,327.0,4.0
202212231350,238.0,4.0
202212231400,325.0,3.6
202212231415,319.0,3.1
202212231420,310.0,3.1
202212231430,284.0,4.5
202212231440,294.0,3.6
202212231455,295.0,3.6
202212231500,308.0,3.6
202212231510,329.0,3.6
202212231515,326.0,4.0
202212231520,298.0,4.0
202212231525,309.0,5.4
202212231530,301.0,5.4
202212231535,304.0,4.0
202212231540,318.0,4.0
202212231545,288.0,4.0
202212231615,311.0,4.0
202212231620,272.0,4.0
202212231625,325.0,3.6
202212231630,302.0,3.6
202212231635,221.0,3.1
202212231640,300.0,3.1
202212231645,269.0,4.0
202212231650,296.0,4.0
202212231655,308.0,3.6
202212231700,312.0,3.6
202212231710,337.0,4.0
202212231715,295.0,4.5
202212231720,295.0,4.5
202212231730,330.0,3.6
202212231735,329.0,5.4
202212231740,270.0,5.4
202212231745,310.0,3.1
202212231750,293.0,3.1
202212231755,308.0,3.6
202212231800,324.0,3.6
202212231810,325.0,3.6
202212231820,319.0,3.1
202212231825,319.0,3.6
202212231830,291.0,3.6
202212231840,306.0,3.1
202212231845,285.0,2.7
202212231850,285.0,2.7
202212231910,307.0,4.5
202212231920,333.0,4.0
202212231925,293.0,4.0
202212231930,300.0,4.0
202212231935,309.0,3.6
202212231940,310.0,3.6
202212231945,325.0,4.0
202212231950,328.0,4.0
202212231955,329.0,3.6
202212232000,318.0,3.6
202212232010,269.0,3.1
202212232015,316.0,2.7
202212232025,314.0,4.0
202212232030,309.0,4.0
202212232045,301.0,4.0
202212232100,303.0,3.1
202212232110,324.0,3.1
202212232115,254.0,3.1
202212232120,266.0,3.1
202212232125,294.0,2.7
202212232130,284.0,2.7
202212232135,301.0,3.1
202212232140,301.0,3.1
202212232145,262.0,3.1
202212232150,329.0,3.1
202212232155,318.0,3.1
202212232200,308.0,3.1
202212232210,296.0,2.2
202212232215,328.0,2.2
202212232220,305.0,2.2
202212232230,294.0,2.7
202212232235,305.0,2.7
202212232245,320.0,2.7
202212232250,329.0,2.7
202212232255,256.0,2.2
202212232300,267.0,2.2
202212232310,238.0,2.2
202212232315,284.0,2.7
202212232325,321.0,2.2
202212232330,318.0,2.2
202212232335,297.0,2.7
202212232340,303.0,2.7
202212232350,268.0,2.2
202212232355,308.0,2.7
202212240000,270.0,2.7
202212240010,272.0,2.7
202212240015,293.0,3.1
202212240020,291.0,3.1
202212240025,295.0,2.7
202212240030,304.0,2.7
202212240040,286.0,3.1
202212240050,321.0,2.2
202212240055,313.0,2.2
202212240100,291.0,2.2
202212240115,321.0,2.7
202212240120,265.0,2.7
202212240125,316.0,3.1
202212240130,303.0,3.1
202212240135,303.0,2.2
202212240145,278.0,2.2
202212240155,286.0,2.7
202212240200,308.0,2.7
202212240215,293.0,1.3
202212240220,306.0,1.3
202212240225,316.0,2.7
202212240230,288.0,2.7
202212240235,304.0,2.7
202212240240,305.0,2.7
202212240245,290.0,2.7
202212240250,303.0,2.7
202212240255,288.0,2.2
202212240300,317.0,2.2
202212240310,295.0,3.1
202212240320,317.0,2.7
202212240335,325.0,2.7
202212240340,320.0,2.7
202212240350,309.0,2.7
202212240355,299.0,2.2
202212240400,276.0,2.2
202212240410,284.0,2.7
202212240415,276.0,2.7
202212240420,311.0,2.7
202212240425,324.0,2.2
202212240430,305.0,2.2
202212240435,318.0,3.1
202212240440,320.0,3.1
202212240445,320.0,2.7
202212240450,310.0,2.7
202212240455,287.0,3.1
202212240500,318.0,3.1
202212240510,306.0,2.2
202212240515,277.0,3.1
202212240520,293.0,3.1
202212240525,301.0,2.2
202212240530,284.0,2.2
202212240535,306.0,3.1
202212240540,311.0,3.1
202212240545,301.0,2.7
202212240550,307.0,2.7
202212240555,280.0,2.7
202212240600,305.0,2.7
202212240610,312.0,2.7
202212240615,295.0,2.7
202212240620,310.0,2.7
202212240625,271.0,2.2
202212240630,266.0,2.2
202212240640,295.0,2.2
202212240650,273.0,2.7
202212240700,271.0,2.7
202212240710,311.0,2.7
202212240715,342.0,2.7
202212240720,342.0,2.7
202212240725,344.0,2.2
202212240730,290.0,2.2
202212240735,302.0,2.7
202212240740,314.0,2.7
202212240750,299.0,2.7
202212240800,261.0,2.7
202212240810,283.0,2.2
202212240815,292.0,2.2
202212240825,299.0,2.2
202212240835,302.0,2.2
202212240840,290.0,2.2
202212240845,315.0,2.2
202212240850,309.0,2.2
202212240855,281.0,2.2
202212240910,324.0,2.2
202212240915,308.0,2.2
202212240920,317.0,2.2
202212240925,302.0,2.2
202212240935,305.0,2.2
202212240940,309.0,2.2
202212240945,306.0,2.2
202212240950,311.0,2.2
202212240955,323.0,2.2
202212241000,273.0,2.2
202212241010,317.0,2.2
202212241020,293.0,2.2
202212241030,303.0,2.2
202212241035,279.0,2.7
202212241040,283.0,2.7
202212241045,307.0,1.3
202212241050,286.0,1.3
202212241055,293.0,2.2
202212241100,312.0,2.2
202212241110,320.0,2.7
202212241115,267.0,2.2
202212241120,323.0,2.2
202212241125,313.0,2.2
202212241130,323.0,2.2
202212241135,282.0,2.2
202212241150,288.0,1.3
202212241155,304.0,2.2
202212241200,283.0,2.2
202212241210,294.0,2.2
202212241215,290.0,2.2
202212241225,259.0,2.2
202212241230,315.0,2.2
202212241245,285.0,2.2
202212241250,329.0,2.2
202212241255,283.0,2.2
202212241300,260.0,2.2
202212241310,292.0,1.3
202212241315,308.0,2.2
202212241325,279.0,2.2
202212241330,292.0,2.2
202212241335,233.0,2.2
202212241340,277.0,2.2
202212241345,302.0,2.2
202212241350,298.0,2.2
202212241355,311.0,2.2
202212241400,289.0,2.2
202212241420,297.0,2.2
202212241425,278.0,2.7
202212241430,282.0,2.7
202212241435,274.0,2.2
202212241440,289.0,2.2
202212241445,298.0,2.2
202212241450,314.0,2.2
202212241500,281.0,2.7
202212241510,271.0,2.2
202212241520,322.0,2.7
202212241535,324.0,2.7
202212241540,295.0,2.7
202212241550,217.0,2.7
202212241555,310.0,1.3
202212241600,328.0,1.3
202212241610,306.0,2.2
202212241620,311.0,2.7
202212241630,338.0,3.1
202212241640,226.0,2.2
202212241645,265.0,2.2
202212241650,281.0,2.2
202212241655,251.0,2.7
202212241700,295.0,2.7
202212241710,244.0,3.1
202212241715,276.0,3.1
202212241720,279.0,3.1
202212241725,226.0,2.7
202212241730,212.0,2.7
202212241735,285.0,2.7
202212241740,267.0,2.7
202212241745,262.0,2.7
202212241750,233.0,2.7
202212241755,236.0,2.7
202212241810,224.0,2.7
202212241815,223.0,2.7
202212241820,290.0,2.7
202212241830,281.0,2.2
202212241835,305.0,2.7
202212241840,281.0,2.7
202212241845,227.0,2.2
202212241910,297.0,2.7
202212241920,219.0,2.7
202212241925,271.0,2.2
202212241930,291.0,2.2
202212241940,228.0,2.2
202212241955,201.0,2.2
202212242000,325.0,2.2
202212242010,202.0,2.2
202212242015,274.0,1.3
202212242020,221.0,1.3
202212242025,214.0,2.7
202212242035,301.0,2.2
202212242040,286.0,2.2
202212242045,226.0,2.2
202212242050,321.0,2.2
202212242055,275.0,2.2
202212242100,344.0,2.2
202212242110,230.0,2.2
202212242115,285.0,1.3
202212242120,301.0,1.3
202212242125,325.0,2.2
202212242130,290.0,2.2
202212242135,301.0,2.2
202212242140,321.0,2.2
202212242145,234.0,1.3
202212242150,329.0,1.3
202212242155,329.0,1.3
202212242210,241.0,1.3
202212242215,285.0,1.3
202212242220,281.0,1.3
202212242225,254.0,1.3
202212242230,252.0,1.3
202212242235,282.0,1.3
202212242240,280.0,1.3
202212242245,218.0,0.9
202212242250,297.0,0.9
202212242255,300.0,0.9
202212242300,225.0,0.9
202212242310,259.0,0.9
202212242315,262.0,1.3
202212242330,221.0,0.9
202212242335,297.0,0.9
202212242340,276.0,0.9
202212242345,263.0,0.9
202212242350,233.0,0.9
202212250000,266.0,0.4
202212250010,302.0,0.9
202212250015,285.0,0.9
202212250020,292.0,0.9
202212250025,304.0,0.9
202212250035,299.0,0.9
202212250040,311.0,0.9
202212250045,295.0,0.9
202212250050,311.0,0.9
202212250055,295.0,1.3
202212250100,299.0,1.3
202212250115,324.0,1.3
202212250120,297.0,1.3
202212250125,302.0,1.8
202212250130,322.0,2.2
202212250135,291.0,2.2
202212250140,290.0,2.2
202212250145,316.0,2.2
202212250150,279.0,2.2
202212250155,295.0,2.2
202212250200,294.0,2.2
202212250210,290.0,2.2
202212250215,298.0,1.3
202212250225,254.0,1.8
202212250230,288.0,2.2
202212250235,299.0,2.2
202212250240,286.0,2.2
202212250245,299.0,2.2
202212250250,308.0,2.2
202212250255,281.0,2.2
202212250300,282.0,2.2
202212250310,264.0,2.2
202212250315,280.0,2.2
202212250320,263.0,2.2
202212250325,291.0,2.2
202212250330,278.0,2.2
202212250335,301.0,2.7
202212250340,296.0,2.7
202212250345,291.0,2.2
202212250350,281.0,2.2
202212250355,278.0,2.2
202212250400,304.0,2.2
202212250420,290.0,2.2
202212250425,285.0,2.2
202212250430,305.0,2.2
202212250440,283.0,2.2
202212250445,307.0,2.7
202212250450,291.0,2.7
202212250455,278.0,2.7
202212250500,319.0,2.7
202212250510,295.0,2.7
202212250520,281.0,2.2
202212250525,298.0,2.2
202212250530,288.0,2.2
202212250535,323.0,2.2
202212250545,318.0,2.2
202212250550,315.0,2.2
202212250600,300.0,2.2
202212250610,313.0,2.2
202212250615,297.0,2.2
202212250620,306.0,2.2
202212250625,291.0,2.2
202212250630,290.0,2.2
202212250635,316.0,2.2
202212250645,310.0,2.2
202212250650,287.0,2.2
202212250655,314.0,2.2
202212250700,274.0,2.2
202212250710,329.0,2.2
202212250720,328.0,2.2
202212250725,315.0,2.2
202212250730,289.0,2.2
202212250735,315.0,2.2
202212250740,323.0,2.2
202212250745,297.0,1.3
202212250750,313.0,1.3
202212250755,292.0,1.8
202212250810,285.0,2.2
202212250815,298.0,2.2
202212250820,302.0,2.2
202212250825,325.0,1.3
202212250830,293.0,1.3
202212250835,289.0,1.8
202212250840,299.0,2.2
202212250845,305.0,2.2
202212250900,314.0,2.2
202212250910,298.0,2.2
202212250915,305.0,2.2
202212250925,310.0,2.2
202212250930,327.0,2.2
202212250935,297.0,2.2
202212250945,310.0,1.3
202212250950,280.0,1.3
202212250955,310.0,1.8
202212251000,304.0,2.2
202212251010,299.0,1.3
202212251015,287.0,2.2
202212251020,270.0,2.2
202212251035,305.0,1.3
202212251040,307.0,1.3
202212251045,292.0,1.3
202212251050,281.0,0.9
202212251055,298.0,2.2
202212251100,309.0,2.2
202212251110,301.0,1.3
202212251125,285.0,1.3
202212251130,317.0,1.3
202212251135,318.0,0.9
202212251140,301.0,0.9
202212251145,307.0,0.9
202212251150,315.0,0.9
202212251155,287.0,1.3
202212251200,288.0,1.3
202212251210,327.0,1.3
202212251220,301.0,0.9
202212251225,295.0,0.9
202212251230,321.0,0.9
202212251235,291.0,0.9
202212251240,310.0,0.9
202212251245,323.0,0.9
202212251250,321.0,0.9
202212251255,276.0,0.9
202212251300,314.0,0.9
202212251315,332.0,1.3
202212251320,273.0,1.3
202212251325,269.0,1.3
202212251330,317.0,1.3
202212251335,278.0,1.3
202212251355,313.0,1.3
202212251400,300.0,0.9
202212251410,322.0,2.2
202212251415,308.0,2.2
202212251420,315.0,2.2
202212251435,324.0,2.2
202212251440,310.0,2.2
202212251450,314.0,2.2
202212251455,305.0,0.9
202212251510,298.0,2.2
202212251520,332.0,2.2
202212251525,271.0,2.2
202212251530,271.0,2.2
202212251535,275.0,2.2
202212251540,316.0,2.2
202212251545,214.0,2.2
202212251550,326.0,2.2
202212251610,326.0,1.3
202212251615,63.0,2.2
202212251620,293.0,2.2
202212251625,316.0,1.3
202212251630,322.0,1.3
202212251635,317.0,2.2
202212251640,281.0,2.2
202212251645,333.0,2.2
202212251655,292.0,2.2
202212251700,280.0,2.2
202212251710,311.0,2.2
202212251715,224.0,1.3
202212251720,292.0,1.3
202212251740,321.0,2.7
202212251745,328.0,2.2
202212251750,2.0,2.2
202212251755,199.0,2.2
202212251800,338.0,2.2
202212251810,210.0,0.9
202212251820,312.0,2.2
202212251825,347.0,2.7
202212251830,276.0,2.7
202212251840,300.0,2.2
202212251845,283.0,1.3
202212251850,316.0,1.3
202212251855,235.0,1.3
202212251900,299.0,1.3
202212251915,299.0,1.8
202212251920,295.0,2.2
202212251925,208.0,2.2
202212251930,315.0,2.2
202212251935,281.0,1.3
202212252010,273.0,1.3
202212252015,297.0,1.3
202212252020,312.0,1.3
202212252025,299.0,1.8
202212252030,295.0,2.2
202212252035,310.0,1.3
202212252040,299.0,1.3
202212252045,317.0,1.3
202212252050,223.0,1.3
202212252055,312.0,1.8
202212252100,308.0,2.2
202212252110,279.0,0.9
202212252120,326.0,1.3
202212252125,312.0,0.9
202212252130,303.0,0.9
202212252135,311.0,0.9
202212252150,324.0,0.9
202212252155,226.0,0.9
202212252200,293.0,0.9
202212252210,292.0,0.9
202212252220,331.0,0.9
202212252225,237.0,0.4
202212252230,320.0,0.4
202212252235,285.0,0.4
202212252240,234.0,0.4
202212252250,,0.0
202212252255,,0.0
202212252300,,0.0
202212252310,,0.0
202212252320,,0.0
202212252325,,0.0
202212252330,,0.0
202212252335,,0.0
202212252340,,0.0
202212252345,283.0,0.4
202212252355,,0.0
202212260000,,0.0
202212260010,,0.0
202212260015,,0.0
202212260020,,0.0
202212260030,292.0,0.4
202212260035,285.0,0.4
202212260045,,0.0
202212260050,,0.0
202212260055,,0.0
202212260100,,0.0
202212260110,,0.0
202212260115,,0.0
202212260125,,0.0
202212260140,,0.0
202212260150,,0.0
202212260155,,0.0
202212260200,,0.0
202212260210,,0.0
202212260215,,0.0
202212260225,298.0,0.4
202212260230,309.0,0.4
202212260235,308.0,0.9
202212260240,267.0,0.9
202212260245,315.0,0.9
202212260255,312.0,0.4
202212260300,292.0,0.4
202212260310,329.0,0.4
202212260320,,0.0
202212260330,,0.0
202212260340,293.0,0.9
202212260345,324.0,0.9
202212260350,302.0,0.9
202212260355,280.0,0.9
202212260400,281.0,0.9
202212260415,297.0,0.9
202212260420,273.0,0.9
202212260425,309.0,0.9
202212260430,286.0,0.9
202212260435,,0.0
202212260440,,0.0
202212260445,,0.0
202212260450,,0.0
202212260455,,0.0
202212260500,,0.0
202212260510,,0.0
202212260515,,0.0
202212260520,,0.0
202212260530,,0.0
202212260535,,0.0
202212260540,,0.0
202212260545,295.0,0.4
202212260550,316.0,0.4
202212260555,306.0,0.4
202212260600,265.0,0.4
202212260620,241.0,0.4
202212260635,,0.0
202212260640,,0.0
202212260645,,0.0
202212260650,,0.0
202212260655,,0.0
202212260700,,0.0
202212260710,,0.0
202212260715,,0.0
202212260720,,0.0
202212260725,,0.0
202212260730,,0.0
202212260740,,0.0
202212260745,,0.0
202212260750,,0.0
202212260800,,0.0
202212260810,,0.0
202212260815,,0.0
202212260820,,0.0
202212260825,,0.0
202212260835,,0.0
202212260840,,0.0
202212260855,,0.0
202212260900,,0.0
202212260915,,0.0
202212260920,,0.0
202212260930,,0.0
202212260935,,0.0
202212260940,,0.0
202212260945,,0.0
202212260955,,0.0
202212261000,,0.0
202212261010,,0.0
202212261015,,0.0
202212261020,,0.0
202212261025,,0.0
202212261035,,0.0
202212261040,,0.0
202212261045,,0.0
202212261055,,0.0
202212261100,,0.0
202212261110,,0.0
202212261115,,0.0
202212261120,,0.0
202212261125,,0.0
202212261130,,0.0
202212261135,,0.0
202212261140,,0.0
202212261145,,0.0
202212261150,,0.0
202212261155,,0.0
202212261200,,0.0
202212261210,,0.0
202212261215,,0.0
202212261225,,0.0
202212261230,,0.0
202212261240,,0.0
202212261245,,0.0
202212261250,,0.0
202212261255,,0.0
202212261310,,0.0
202212261315,,0.0
202212261330,,0.0
202212261335,,0.0
202212261340,,0.0
202212261350,,0.0
202212261355,,0.0
202212261400,,0.0
202212261410,,0.0
202212261415,291.0,0.9
202212261420,281.0,0.9
202212261425,,0.0
202212261430,,0.0
202212261435,329.0,0.9
202212261440,262.0,0.9
202212261445,311.0,1.3
202212261450,311.0,1.3
202212261455,292.0,0.9
202212261510,285.0,0.9
202212261520,333.0,0.4
202212261525,,0.0
202212261530,,0.0
202212261540,,0.0
202212261545,259.0,0.4
202212261550,96.0,0.4
202212261555,324.0,0.9
202212261600,37.0,0.9
202212261610,220.0,0.9
202212261615,147.0,0.4
202212261620,316.0,0.4
202212261625,,0.0
202212261630,,0.0
202212261635,,0.0
202212261650,,0.0
202212261655,156.0,0.4
202212261700,199.0,0.4
202212261710,284.0,0.9
202212261715,,0.0
202212261720,,0.0
202212261725,,0.0
202212261730,,0.0
202212261740,,0.0
202212261745,230.0,0.9
202212261750,226.0,0.9
202212261755,234.0,2.2
202212261810,218.0,1.3
202212261815,212.0,0.9
202212261830,205.0,0.4
202212261835,204.0,0.9
202212261845,296.0,0.4
202212261855,327.0,0.9
202212261900,280.0,0.9
202212261910,355.0,1.3
202212261915,195.0,1.3
202212261925,330.0,0.9
202212261935,326.0,1.3
202212261940,308.0,1.3
202212261945,279.0,0.9
202212261950,176.0,0.9
202212262000,297.0,0.9
202212262010,337.0,0.9
202212262015,357.0,1.3
202212262020,281.0,1.3
202212262025,285.0,0.9
202212262035,296.0,0.9
202212262050,354.0,0.9
202212262055,206.0,0.9
202212262110,,0.0
202212262115,328.0,0.9
202212262120,263.0,0.9
202212262125,,0.0
202212262130,,0.0
202212262135,,0.0
202212262140,,0.0
202212262150,,0.0
202212262155,,0.0
202212262210,,0.0
202212262215,,0.0
202212262220,,0.0
202212262225,,0.0
202212262230,,0.0
202212262235,,0.0
202212262245,,0.0
202212262250,,0.0
202212262310,,0.0
202212262315,,0.0
202212262325,,0.0
202212262330,,0.0
202212262345,,0.0
202212262350,,0.0
202212262355,,0.0
202212270000,,0.0
202212270010,,0.0
202212270015,,0.0
202212270025,,0.0
202212270030,,0.0
202212270035,,0.0
202212270040,,0.0
202212270045,,0.0
202212270050,,0.0
202212270055,,0.0
202212270115,,0.0
202212270120,,0.0
202212270125,,0.0
202212270130,,0.0
202212270135,,0.0
202212270140,,0.0
202212270150,,0.0
202212270155,,0.0
202212270200,,0.0
202212270215,,0.0
202212270220,,0.0
202212270225,,0.0
202212270230,,0.0
202212270235,,0.0
202212270245,,0.0
202212270255,,0.0
202212270310,,0.0
202212270315,,0.0
202212270320,,0.0
202212270325,,0.0
202212270335,,0.0
202212270345,,0.0
202212270350,,0.0
202212270355,,0.0
202212270400,,0.0
202212270410,,0.0
202212270415,,0.0
202212270420,,0.0
202212270430,,0.0
202212270435,,0.0
202212270440,,0.0
202212270455,,0.0
202212270510,,0.0
202212270515,,0.0
202212270520,,0.0
202212270525,,0.0
202212270530,,0.0
202212270535,,0.0
202212270540,,0.0
202212270545,,0.0
202212270550,,0.0
202212270555,,0.0
202212270610,,0.0
202212270615,,0.0
202212270620,,0.0
202212270625,,0.0
202212270630,,0.0
202212270640,,0.0
202212270650,,0.0
202212270655,,0.0
202212270700,,0.0
202212270710,,0.0
202212270715,,0.0
202212270725,,0.0
202212270735,,0.0
202212270745,,0.0
202212270750,,0.0
202212270755,,0.0
202212270800,,0.0
202212270815,,0.0
202212270820,,0.0
202212270830,,0.0
202212270835,,0.0
202212270850,,0.0
202212270855,,0.0
202212270900,,0.0
202212270910,,0.0
202212270915,,0.0
202212270920,,0.0
202212270930,,0.0
202212270935,,0.0
202212270940,,0.0
202212270945,,0.0
202212270950,,0.0
202212270955,,0.0
202212271000,,0.0
202212271020,,0.0
202212271025,,0.0
202212271030,,0.0
202212271035,,0.0
202212271040,,0.0
202212271045,,0.0
202212271050,,0.0
202212271055,,0.0
202212271100,,0.0
202212271110,,0.0
202212271120,,0.0
202212271125,,0.0
202212271130,,0.0
202212271135,,0.0
202212271140,,0.0
202212271145,,0.0
202212271155,,0.0
202212271200,,0.0
202212271210,,0.0
202212271215,,0.0
202212271220,,0.0
202212271225,,0.0
202212271230,,0.0
202212271235,,0.0
202212271240,,0.0
202212271245,,0.0
202212271250,,0.0
202212271255,,0.0
202212271300,,0.0
202212271310,,0.0
202212271315,,0.0
202212271325,,0.0
202212271330,,0.0
202212271340,,0.0
202212271350,,0.0
202212271400,,0.0
202212271410,,0.0
202212271415,,0.0
202212271435,,0.0
202212271440,,0.0
202212271445,220.0,0.4
202212271450,233.0,0.4
202212271455,,0.0
202212271500,,0.0
202212271510,,0.0
202212271515,,0.0
202212271520,,0.0
202212271525,,0.0
202212271530,,0.0
202212271535,,0.0
202212271545,,0.0
202212271550,,0.0
202212271555,,0.0
202212271600,,0.0
202212271610,275.0,0.9
202212271630,,0.0
202212271635,,0.0
202212271640,,0.0
202212271710,330.0,1.3
202212271720,282.0,2.2
202212271725,243.0,0.9
202212271730,337.0,0.9
202212271735,235.0,2.2
202212271745,131.0,0.9
202212271750,201.0,0.9
202212271755,170.0,0.9
202212271800,171.0,0.9
202212271810,286.0,0.4
202212271825,193.0,0.9
202212271830,177.0,0.9
202212271835,178.0,0.9
202212271840,144.0,0.9
202212271845,264.0,0.9
202212271850,323.0,0.9
202212271855,,0.0
202212271900,,0.0
202212271910,,0.0
202212271915,316.0,0.9
202212271920,348.0,0.9
202212271925,333.0,0.4
202212271935,325.0,0.9
202212271940,291.0,0.9
202212271945,319.0,0.9
202212271950,220.0,0.9
202212271955,329.0,0.9
202212272000,341.0,0.9
202212272010,,0.0
202212272015,,0.0
202212272020,,0.0
202212272035,178.0,0.9
202212272040,320.0,0.9
202212272045,216.0,0.9
202212272050,192.0,0.9
202212272055,208.0,0.9
202212272100,207.0,0.9
202212272110,217.0,0.4
202212272125,231.0,0.9
202212272130,234.0,0.9
202212272140,243.0,0.9
202212272145,,0.0
202212272150,,0.0
202212272155,,0.0
202212272200,,0.0
202212272215,,0.0
202212272220,,0.0
202212272225,,0.0
202212272235,,0.0
202212272240,,0.0
202212272245,,0.0
202212272300,,0.0
202212272310,,0.0
202212272315,,0.0
202212272320,,0.0
202212272325,,0.0
202212272330,,0.0
202212272335,,0.0
202212272340,,0.0
202212272345,,0.0
202212272350,,0.0
202212272355,,0.0
202212280000,,0.0
202212280015,,0.0
202212280020,,0.0
202212280025,,0.0
202212280030,,0.0
202212280035,,0.0
202212280045,,0.0
202212280050,,0.0
202212280055,,0.0
202212280100,,0.0
202212280110,,0.0
202212280115,,0.0
202212280120,,0.0
202212280125,,0.0
202212280135,,0.0
202212280140,,0.0
202212280145,,0.0
202212280150,,0.0
202212280155,,0.0
202212280200,,0.0
202212280220,,0.0
202212280225,,0.0
202212280230,,0.0
202212280235,,0.0
202212280240,,0.0
202212280245,,0.0
202212280255,,0.0
202212280300,,0.0
202212280310,,0.0
202212280315,,0.0
202212280320,,0.0
202212280325,,0.0
202212280330,,0.0
202212280345,,0.0
202212280350,,0.0
202212280355,,0.0
202212280400,,0.0
202212280410,,0.0
202212280415,,0.0
202212280420,,0.0
202212280425,,0.0
202212280435,,0.0
202212280440,,0.0
202212280445,,0.0
202212280450,,0.0
202212280455,,0.0
202212280500,,0.0
202212280510,,0.0
202212280515,,0.0
202212280520,,0.0
202212280525,,0.0
202212280535,,0.0
202212280540,,0.0
202212280545,,0.0
202212280610,,0.0
202212280635,,0.0
202212280640,,0.0
202212280650,,0.0
202212280655,,0.0
202212280700,,0.0
202212280710,,0.0
202212280715,,0.0
202212280720,,0.0
202212280730,,0.0
202212280735,,0.0
202212280740,,0.0
202212280745,,0.0
202212280755,,0.0
202212280810,,0.0
202212280815,,0.0
202212280820,,0.0
202212280825,,0.0
202212280830,,0.0
202212280845,,0.0
202212280850,,0.0
202212280855,,0.0
202212280900,,0.0
202212280910,,0.0
202212280925,,0.0
202212280930,,0.0
202212280935,,0.0
202212280940,,0.0
202212280950,,0.0
202212280955,,0.0
202212281010,,0.0
202212281020,,0.0
202212281025,,0.0
202212281030,,0.0
202212281035,,0.0
202212281040,,0.0
202212281045,,0.0
202212281100,,0.0
202212281110,,0.0
202212281120,,0.0
202212281125,,0.0
202212281130,,0.0
202212281135,,0.0
202212281140,,0.0
202212281145,,0.0
202212281150,,0.0
202212281155,,0.0
202212281200,,0.0
202212281210,,0.0
202212281220,,0.0
202212281225,,0.0
202212281230,,0.0
202212281240,,0.0
202212281245,,0.0
202212281250,,0.0
202212281300,,0.0
202212281310,,0.0
202212281315,,0.0
202212281320,,0.0
202212281325,,0.0
202212281330,,0.0
202212281335,,0.0
202212281345,,0.0
202212281355,,0.0
202212281410,,0.0
202212281415,,0.0
202212281420,,0.0
202212281425,,0.0
202212281435,,0.0
202212281440,,0.0
202212281450,,0.0
202212281455,,0.0
202212281500,,0.0
202212281510,,0.0
202212281515,,0.0
202212281520,,0.0
202212281525,,0.0
202212281530,,0.0
202212281535,,0.0
202212281545,,0.0
202212281550,,0.0
202212281555,,0.0
202212281600,,0.0
202212281610,,0.0
202212281615,,0.0
202212281620,,0.0
202212281625,,0.0
202212281630,,0.0
202212281640,170.0,0.4
202212281645,82.0,0.4
202212281650,61.0,0.4
202212281655,,0.0
202212281710,,0.0
202212281715,,0.0
202212281720,,0.0
202212281730,48.0,0.4
202212281740,156.0,0.4
202212281745,112.0,0.4
202212281750,116.0,0.4
202212281755,205.0,0.4
202212281800,107.0,0.4
202212281810,339.0,0.4
202212281820,,0.0
202212281825,,0.0
202212281830,,0.0
202212281840,164.0,0.4
202212281845,226.0,0.9
202212281850,194.0,0.9
202212281855,69.0,0.9
202212281900,127.0,0.9
202212281915,227.0,0.9
202212281920,232.0,0.9
202212281930,136.0,1.3
202212281940,286.0,0.9
202212281945,113.0,0.9
202212281950,241.0,0.9
202212282000,51.0,0.4
202212282010,,0.0
202212282015,162.0,0.9
202212282025,230.0,0.9
202212282035,84.0,0.9
202212282040,95.0,0.9
202212282045,197.0,0.9
202212282055,59.0,0.4
202212282100,149.0,0.4
202212282115,,0.0
202212282130,,0.0
202212282135,,0.0
202212282140,,0.0
202212282145,,0.0
202212282155,,0.0
202212282200,,0.0
202212282220,,0.0
202212282225,,0.0
202212282235,,0.0
202212282245,,0.0
202212282255,,0.0
202212282300,,0.0
202212282315,,0.0
202212282320,,0.0
202212282330,,0.0
202212282335,,0.0
202212282340,,0.0
202212282345,,0.0
202212282355,,0.0
202212290010,,0.0
202212290015,,0.0
202212290020,,0.0
202212290025,,0.0
202212290030,,0.0
202212290045,,0.0
202212290050,,0.0
202212290055,,0.0
202212290100,,0.0
202212290115,,0.0
202212290125,,0.0
202212290130,,0.0
202212290135,,0.0
202212290140,,0.0
202212290145,,0.0
202212290155,,0.0
202212290210,,0.0
202212290215,,0.0
202212290220,,0.0
202212290225,,0.0
202212290230,,0.0
202212290235,,0.0
202212290240,,0.0
202212290245,,0.0
202212290250,,0.0
202212290255,,0.0
202212290300,,0.0
202212290310,,0.0
202212290315,,0.0
202212290320,,0.0
202212290325,,0.0
202212290330,,0.0
202212290335,,0.0
202212290340,,0.0
202212290345,,0.0
202212290350,,0.0
202212290400,,0.0
202212290410,,0.0
202212290415,,0.0
202212290425,,0.0
202212290430,,0.0
202212290435,,0.0
202212290445,,0.0
202212290450,,0.0
202212290455,,0.0
202212290500,,0.0
202212290510,,0.0
202212290515,,0.0
202212290520,,0.0
202212290530,,0.0
202212290535,,0.0
202212290540,,0.0
202212290545,,0.0
202212290600,,0.0
202212290610,,0.0
202212290615,,0.0
202212290625,,0.0
202212290640,,0.0
202212290645,,0.0
202212290650,,0.0
202212290655,,0.0
202212290700,,0.0
202212290715,,0.0
202212290725,,0.0
202212290735,,0.0
202212290740,,0.0
202212290745,,0.0
202212290750,,0.0
202212290755,,0.0
202212290800,,0.0
202212290810,,0.0
202212290820,,0.0
202212290835,,0.0
202212290840,,0.0
202212290845,,0.0
202212290850,,0.0
202212290855,,0.0
202212290900,,0.0
202212290910,,0.0
202212290915,,0.0
202212290925,,0.0
202212290930,,0.0
202212290935,,0.0
202212290945,,0.0
202212290950,,0.0
202212290955,,0.0
202212291010,,0.0
202212291015,,0.0
202212291025,,0.0
202212291030,,0.0
202212291035,,0.0
202212291040,,0.0
202212291055,,0.0
202212291100,,0.0
202212291110,,0.0
202212291115,,0.0
202212291125,,0.0
202212291130,,0.0
202212291135,,0.0
202212291346,,0.0
202212291350,,0.0
202212291355,,0.0
202212291401,,0.0
202212291900,,0.0
202212291925,,0.0
202212291930,,0.0
202212291935,,0.0
202212291940,,0.0
202212292000,,0.0
202212292010,,0.0
202212292015,,0.0
202212292020,,0.0
202212292030,,0.0
202212292035,,0.0
202212292040,,0.0
202212292045,,0.0
202212292050,,0.0
202212292055,,0.0
202212292100,,0.0
202212292110,,0.0
202212292115,,0.0
202212292120,,0.0
202212292125,,0.0
202212292135,,0.0
202212292140,,0.0
202212292145,,0.0
202212292150,,0.0
202212292155,,0.0
202212292200,,0.0
202212292210,,0.0
202212292215,,0.0
202212292225,,0.0
202212292230,,0.0
202212292240,,0.0
202212292245,,0.0
202212292250,,0.0
202212292255,,0.0
202212292300,,0.0
202212292310,,0.0
202212292315,,0.0
202212292320,,0.0
202212292325,,0.0
202212292330,,0.0
202212292335,,0.0
202212292340,,0.0
202212292345,,0.0
202212292355,,0.0
202212300000,,0.0
202212300010,,0.0
202212300015,,0.0
202212300020,,0.0
202212300030,,0.0
202212300035,,0.0
202212300040,,0.0
202212300045,,0.0
202212300050,,0.0
202212300055,,0.0
202212300110,,0.0
202212300115,,0.0
202212300120,,0.0
202212300125,,0.0
202212300130,,0.0
202212300135,,0.0
202212300140,,0.0
202212300145,,0.0
202212300150,,0.0
202212300155,,0.0
202212300200,,0.0
202212300215,,0.0
202212300220,,0.0
202212300225,,0.0
202212300230,,0.0
202212300235,,0.0
202212300255,,0.0
202212300300,,0.0
202212300310,,0.0
202212300315,,0.0
202212300320,,0.0
202212300325,,0.0
202212300330,,0.0
202212300335,,0.0
202212300340,,0.0
202212300345,,0.0
202212300350,,0.0
202212300355,,0.0
202212300400,,0.0
202212300415,,0.0
202212300420,,0.0
202212300425,,0.0
202212300430,,0.0
202212300435,,0.0
202212300440,,0.0
202212300445,,0.0
202212300450,,0.0
202212300455,,0.0
202212300500,,0.0
202212300515,,0.0
202212300520,,0.0
202212300530,,0.0
202212300535,,0.0
202212300540,,0.0
202212300545,,0.0
202212300550,,0.0
202212300555,,0.0
202212300600,,0.0
202212300610,,0.0
202212300635,,0.0
202212300640,,0.0
202212300650,,0.0
202212300655,,0.0
202212300700,,0.0
202212300715,,0.0
202212300720,,0.0
202212300725,,0.0
202212300730,,0.0
202212300735,,0.0
202212300740,,0.0
202212300745,,0.0
202212300750,,0.0
202212300800,,0.0
202212300810,,0.0
202212300815,,0.0
202212300820,,0.0
202212300825,,0.0
202212300830,,0.0
202212300835,,0.0
202212300840,,0.0
202212300845,,0.0
202212300855,,0.0
202212300900,,0.0
202212300910,,0.0
202212300920,,0.0
202212300930,,0.0
202212300935,,0.0
202212300940,,0.0
202212300950,,0.0
202212300955,,0.0
202212301000,,0.0
202212301010,,0.0
202212301015,,0.0
202212301020,,0.0
202212301025,,0.0
202212301030,,0.0
202212301040,,0.0
202212301045,,0.0
202212301055,,0.0
202212301100,,0.0
202212301110,,0.0
202212301115,,0.0
202212301120,,0.0
202212301130,,0.0
202212301135,,0.0
202212301140,,0.0
202212301145,,0.0
202212301150,,0.0
202212301155,,0.0
202212301200,,0.0
202212301210,,0.0
202212301215,,0.0
202212301225,,0.0
202212301230,,0.0
202212301240,230.0,0.9
202212301245,232.0,0.4
202212301250,343.0,0.4
202212301255,,0.0
202212301300,,0.0
202212301310,,0.0
202212301315,,0.0
202212301320,,0.0
202212301325,,0.0
202212301330,,0.0
202212301340,,0.0
202212301345,,0.0
202212301355,,0.0
202212301400,,0.0
202212301415,,0.0
202212301420,,0.0
202212301425,,0.0
202212301435,,0.0
202212301445,,0.0
202212301450,,0.0
202212301455,,0.0
202212301500,,0.0
202212301510,,0.0
202212301515,,0.0
202212301520,,0.0
202212301525,,0.0
202212301530,,0.0
202212301535,,0.0
202212301540,,0.0
202212301545,,0.0
202212301550,,0.0
202212301555,,0.0
202212301600,,0.0
202212301610,,0.0
202212301615,,0.0
202212301620,,0.0
202212301630,,0.0
202212301635,,0.0
202212301640,,0.0
202212301645,,0.0
202212301650,,0.0
202212301655,,0.0
202212301700,,0.0
202212301710,124.0,0.9
202212301715,67.0,0.4
202212301720,66.0,0.4
202212301725,108.0,0.9
202212301735,88.0,0.4
202212301740,122.0,0.4
202212301750,182.0,0.4
202212301755,,0.0
202212301800,,0.0
202212301815,,0.0
202212301820,,0.0
202212301825,,0.0
202212301830,,0.0
202212301840,,0.0
202212301845,132.0,0.4
202212301850,49.0,0.4
202212301855,,0.0
202212301900,,0.0
202212301915,,0.0
202212301920,,0.0
202212301925,,0.0
202212301935,,0.0
202212301940,,0.0
202212301945,,0.0
202212301950,,0.0
202212302000,,0.0
202212302010,,0.0
202212302015,,0.0
202212302020,,0.0
202212302025,,0.0
202212302030,,0.0
202212302035,,0.0
202212302055,,0.0
202212302100,,0.0
202212302110,,0.0
202212302115,,0.0
202212302120,,0.0
202212302125,,0.0
202212302130,,0.0
202212302140,,0.0
202212302150,,0.0
202212302155,,0.0
202212302200,,0.0
202212302215,,0.0
202212302230,,0.0
202212302235,,0.0
202212302245,,0.0
202212302250,,0.0
202212302300,,0.0
202212302310,,0.0
202212302320,,0.0
202212302325,,0.0
202212302330,,0.0
202212302335,,0.0
202212302340,,0.0
202212302345,,0.0
202212302350,,0.0
202212302355,,0.0
202212310010,,0.0
202212310015,,0.0
202212310020,,0.0
202212310025,,0.0
202212310030,,0.0
202212310035,,0.0
202212310040,,0.0
202212310045,,0.0
202212310050,,0.0
202212310100,,0.0
202212310115,,0.0
202212310120,,0.0
202212310125,,0.0
202212310135,,0.0
202212310140,,0.0
202212310145,,0.0
202212310150,,0.0
202212310155,,0.0
202212310200,,0.0
202212310210,,0.0
202212310215,,0.0
202212310220,,0.0
202212310225,,0.0
202212310230,,0.0
202212310235,,0.0
202212310240,,0.0
202212310245,,0.0
202212310250,,0.0
202212310255,,0.0
202212310300,,0.0
202212310310,,0.0
202212310315,,0.0
202212310320,,0.0
202212310325,,0.0
202212310330,,0.0
202212310335,,0.0
202212310340,,0.0
202212310350,,0.0
202212310355,,0.0
202212310410,,0.0
202212310415,,0.0
202212310420,,0.0
202212310425,,0.0
202212310430,,0.0
202212310440,,0.0
202212310445,,0.0
202212310450,,0.0
202212310455,,0.0
202212310500,,0.0
202212310510,,0.0
202212310520,,0.0
202212310525,,0.0
202212310530,,0.0
202212310535,,0.0
202212310540,,0.0
202212310550,,0.0
202212310555,,0.0
202212310600,,0.0
202212310610,,0.0
202212310615,,0.0
202212310620,,0.0
202212310625,,0.0
202212310635,,0.0
202212310650,,0.0
202212310655,,0.0
202212310700,,0.0
202212310710,,0.0
202212310715,,0.0
202212310720,,0.0
202212310725,,0.0
202212310730,,0.0
202212310740,,0.0
202212310745,,0.0
202212310750,,0.0
202212310755,,0.0
202212310800,,0.0
202212310810,,0.0
202212310815,,0.0
202212310820,,0.0
202212310825,,0.0
202212310830,,0.0
202212310835,,0.0
202212310840,,0.0
202212310850,,0.0
202212310855,,0.0
202212310900,,0.0
202212310910,,0.0
202212310915,,0.0
202212310920,,0.0
202212310930,125.0,0.4
202212310935,,0.0
202212310940,,0.0
202212310945,,0.0
202212310950,,0.0
202212310955,101.0,0.9
202212311000,113.0,0.9
202212311010,86.0,0.4
202212311015,193.0,0.9
202212311020,271.0,0.9
202212311025,198.0,0.4
202212311045,,0.0
202212311050,,0.0
202212311055,,0.0
202212311100,,0.0
202212311110,,0.0
202212311115,,0.0
202212311145,,0.0
202212311150,,0.0
202212311155,,0.0
202212311200,,0.0
202212311210,,0.0
202212311215,,0.0
202212311220,,0.0
202212311230,,0.0
202212311240,,0.0
202212311245,,0.0
202212311250,,0.0
202212312135,158.0,0.4
202212312140,162.0,0.4
202212312145,,0.0
202212312155,198.0,0.9
202212312210,194.0,0.9
202212312215,211.0,1.3
202212312225,209.0,1.3
202212312230,206.0,1.3
202212312235,327.0,1.3
202212312240,243.0,0.9
202212312245,217.0,0.9
202212312250,250.0,0.4
202212312310,,0.0
202212312315,,0.0
202212312320,,0.0
202212312325,,0.0
202212312335,,0.0
202212312340,,0.0
202212312345,305.0,0.4
202212312350,318.0,0.4
202212312355,,0.0
